#CLUSTER            ddG_298.15K_[kcal/mol]  ddH_298.15K_[kcal/mol]  ddS_298.15K_[cal/mol/K]  ddE_[kcal/mol]
2tma                5.807904728135327       -3.6020446288166568     -31.56112479277796       -4.993907952622976
1dma1ma             5.050579672199092       -3.612873364967527      -29.057363867706037      -4.989561364847759
2dma                4.972646844165865       -4.682420718512731      -32.38325528307155       -6.143802807608154
1ma1tma             4.608191629842622       -4.280906073545339      -29.814179786578343      -5.7385382781067165
1eda1tma            4.462686933766236       -5.728017502027797      -34.17979015857438       -7.221030932676513
2ma                 4.161972292844439       -3.5355625420925207     -25.8176583429031        -4.990711075864965
1eda1ma             4.092536903524888       -6.096356805763207      -34.17371695209746       -7.8538715987160685
1dma1tma            4.070551781638642       -4.744160091708181      -29.564688490136334      -6.156248074621544
1dma1eda            3.990746355324518       -6.610419177799486      -35.55648342470896       -8.31715442809218
1am1ma              3.552825901497272       -2.8223192863661097     -21.382341733615185      -4.2994943077501375
1am1tma             3.4107645532640163      -3.9053908868518192     -24.53850558486556       -5.375081386984675
1am1dma             3.3216505307500483      -3.153833651318564      -21.718880369071954      -4.571549990418134
1am1eda             3.2654779195581796      -5.689964527962729      -30.03670114887815       -7.5279582120565465
2am                 2.774020799275604       -2.742594174691476      -18.50281728655709       -4.285827668922138
2eda                2.622619892761577       -9.099002999515506      -39.314515821779125      -10.83949560704059
2sa                 -6.11583465419244       -17.601751797948964     -38.523954867768836      -18.828065619338304
1am1sa              -8.801282054861076      -17.565151382703334     -29.394161756854004      -18.886347972380463
1ma1sa              -10.26195274037309      -20.475863666681107     -34.25762510928906       -22.731299438048154
1dma1sa             -13.635485603881534     -23.95891139935702      -34.62493978008028       -26.636012657836545
2am1sa              -14.303132023022044     -32.61684222629992      -61.424485002027154      -35.682816655840725
1eda1sa             -14.454327567189466     -26.337990823434666     -39.85800186532764       -28.551346339809243
1sa1tma             -14.596680431670393     -24.80951367544185      -34.25401054433742       -27.505725540904677
2ma1sa              -15.730735659424681     -37.38909525930649      -72.64249404588308       -41.3764173106174
1am1ma1sa           -15.897428122290876     -36.29370019806083      -68.40943174831008       -40.33256519155111
1ma1sa1tma          -17.032738771100412     -39.22240328408952      -74.42449945642588       -43.23744926751533
1am1sa1tma          -17.178882239197264     -37.53069144782785      -68.26030256157601       -41.630053019252955
1dma1sa1tma         -18.073670880447025     -39.93381340119231      -73.31927727888113       -44.0209600552771
1am1dma1sa          -18.321741301275324     -38.642308259615675     -68.15551554000866       -43.045168292184826
1dma1ma1sa          -18.710510636563413     -40.49272796657169      -73.05791490846795       -44.75165353913326
2dma1sa             -18.857992803794332     -41.118718792859        -74.66284081474956       -45.272182839689776
1am1eda1sa          -18.92864339071093      -40.06823603133671      -70.90254113902861       -44.39392700541066
1sa2tma             -19.163534021849046     -41.2138054902025       -73.95697289403421       -42.770523532206425
1eda1sa1tma         -19.337537276252988     -43.86508315084211      -82.26579196530366       -48.80700073669141
1eda1ma1sa          -20.58936002815608      -44.299635970557574     -79.52465518144652       -48.71612148510758
1dma1eda1sa         -22.15602934459457      -45.92376229329966      -79.71736692495634       -50.48278389329789
2eda1sa             -23.160236041410826     -47.80210922524566      -82.64924763968455       -52.083318145305384
1am2sa              -23.23134511744138      -45.79376896156464      -75.67474037945803       -49.572067956323735
1ma2sa              -28.195792528335005     -52.14293307217304      -80.31910294779155       -56.31181124167051
2sa1tma             -30.20599736132135      -53.89369397236442      -79.44892373287368       -58.927675342114526
1dma2sa             -32.08864401525352      -55.21800687361974      -77.57626315060976       -59.73544614890125
2am2sa              -33.58614851627499      -66.1369316886412       -109.17586172189975      -72.3979550631484
1eda2sa             -33.78849649755284      -61.467735290527344     -92.83662181066498       -65.93296070338693
1am1ma2sa           -38.12646714958828      -72.28350644186139      -114.56327114615826      -78.77973926195409
1am2sa1tma          -40.167041048393        -75.74501336515823      -119.3291038627942       -83.34474063110247
3am2sa              -40.276321473298594     -83.10524778137915      -143.64892271690593      -91.4532582181273
1am1dma2sa          -41.87204547529109      -76.32088016089983      -115.54195769091804      -83.17432838631794
1am1eda2sa          -42.30890257982537      -77.3923333621351       -117.67040342853099      -84.11146019166335
2ma2sa              -42.53378630406223      -78.2105295828078       -119.66038329255302      -85.04834701970685
1ma2sa1tma          -44.322245016213856     -80.98595725475752      -122.97069340473365      -88.89571085809439
2am1ma2sa           -44.60566452820785      -90.27225040877238      -153.16647955923563      -98.89387842931319
1dma1ma2sa          -46.2217394860927       -82.53491645795293      -121.7949923587351       -89.96217605145648
1am2sa2tma          -46.28647884199745      -93.33069323337986      -157.78706822546127      -103.22175469782087
1eda1ma2sa          -46.685446846531704     -83.48227691918146      -123.41717280733667      -90.66986766003538
2sa2tma             -46.83847698671161      -83.4221645417565       -122.70228930115496      -91.73083078183117
2am2sa1tma          -46.842641537994496     -92.32938800936972      -152.5632952243008       -101.64784339004837
2sa3tma             -47.12157578516053      -96.6945082093007       -166.26843006627593      -107.4122782148188
2am1dma2sa          -47.72913870366756      -93.71783361956477      -154.24683855760662      -102.80263590579852
1am2ma2sa           -48.09014942101203      -94.57323938468471      -155.905047672926        -103.60258902935311
1dma2sa1tma         -48.169162445454276     -85.04536415879556      -123.68338659561441      -93.1791441009118
2am1eda2sa          -49.08229626924731      -95.8194628508063       -156.7572248243342       -104.6511593433097
1eda2sa1tma         -49.344460791078745     -86.8852176710352       -125.91231554541983      -94.73958091104578
2am3sa              -49.45692631136626      -95.88862938364036      -155.7326951950076       -103.44596955156885
3ma2sa              -49.532404079684056     -99.00421231705695      -165.92925788210613      -107.59422685124446
2dma2sa             -49.63865630386863      -86.57324748777319      -123.87922583919689      -94.39828704937827
1ma2sa2tma          -50.12519156219787      -98.84924900051556      -163.42128941280788      -108.96056167242932
1am1ma2sa1tma       -50.34188999397156      -97.02567762658873      -156.57819095317856      -106.69530520976696
2ma2sa1tma          -50.55382672788983      -99.62169247759448      -164.57442813881778      -108.901540120758
1dma1eda2sa         -50.61093397065997      -88.4707271461375       -126.98236852396529      -96.11535488336813
2eda2sa             -50.61294863733929      -89.77552645234391      -131.3519296164095       -97.44659622304607
1am1dma2sa1tma      -51.0164880836237       -97.68959725961031      -156.54237523385797      -107.5370790235902
1am1eda1ma2sa       -51.76127123297192      -99.4459321788745       -159.93513649508526      -108.67799380875658
1am1dma1ma2sa       -51.96091960615013      -97.5670632465044       -152.96375529240817      -106.82110575621482
1am1eda2sa1tma      -52.06431820393482      -99.76544298625959      -159.9903564724527       -109.2316697001661
1dma2ma2sa          -52.68968425167259      -102.32577751751523     -166.4802725672178       -111.18367942643818
1dma2sa2tma         -52.96049299053266      -102.1232842845784      -164.89280997481586      -112.50657849010895
1eda2ma2sa          -53.08295315504074      -103.58792192069814     -169.39449527265197      -112.55516253330279
1eda2sa2tma         -53.21270618759445      -103.0946174635028      -167.30475021210563      -113.17451150828856
1am1dma1eda2sa      -53.57363583985716      -101.16400970658287     -159.61889608127007      -110.38171201839577
1dma1ma2sa1tma      -53.59822961092868      -101.81678670398833     -161.72583294612343      -111.40182946393907
1am2dma2sa          -53.738710232893936     -99.89435141079593      -154.80677906370747      -109.13284927268978
1eda1ma2sa1tma      -54.02765392673609      -103.8655487983342      -167.15711846923116      -113.59576820283837
1am1ma3sa           -54.22358044330031      -102.43180577736348     -161.69118005845195      -110.83339633326977
1am2eda2sa          -54.23827228799928      -103.2140383713413      -164.2655243452806       -112.33057946048211
2dma1ma2sa          -55.80982871167362      -105.65802197158337     -167.19165943189995      -114.62261285702698
1dma1eda1ma2sa      -56.450957253575325     -106.72195888159331     -168.60976564751013      -115.77764507906977
1dma1eda2sa1tma     -56.70150526460202      -106.5727072169393      -167.26883096489712      -116.44612264462921
2eda1ma2sa          -56.81709976517595      -108.73346299142577     -174.12833548938588      -117.79236896126531
2dma2sa1tma         -56.90055716234201      -105.96417497481161     -164.5601804873891       -115.89860745174519
2eda2sa1tma         -57.35042553428502      -109.74045145451964     -175.7170079496081       -119.82464899662591
1am1dma3sa          -58.1290854557883       -106.61687283497304     -162.6288357515822       -115.23671402432956
3dma2sa             -58.40789747366216      -108.62708940135781     -168.43599506174513      -118.15169964369852
1am3sa1tma          -58.492966848643846     -107.25549666151346     -163.55032638997682      -116.1788231832179
2ma3sa              -59.04826973215677      -107.97503337380476     -164.10116934920978      -116.53875739849173
2dma1eda2sa         -59.43457354500424      -110.42708812793717     -171.0297319556795       -119.95932871033438
1dma2eda2sa         -60.28493441117462      -112.98768451297656     -176.76588999396932      -122.5731108818436
3eda2sa             -60.44306326331571      -114.18170780781657     -180.24029697929203      -123.55501502600964
3sa2tma             -60.977384005644126     -110.62064681129414     -166.5043193211264       -119.53689494574792
1dma1ma3sa          -62.090134208556265     -112.01580104627647     -167.45150708628023      -121.15012370888144
1ma3sa1tma          -62.551739630740485     -112.59156433340104     -167.83439444202216      -122.02714198168542
3am3sa              -63.082212710985914     -121.47467926191166     -195.84929247326605      -132.11844643508084
1am1eda3sa          -63.85661483486183      -114.52361295092851     -169.93794437710713      -124.30804171832278
1dma3sa1tma         -64.27490841921826      -115.01018973450118     -170.16696734972993      -123.75310517328035
2dma3sa             -64.71279863012023      -114.22947926307097     -166.0797606334259       -123.65311758988537
1eda1ma3sa          -64.79006683616899      -116.36491799610667     -172.9828984070632       -126.01792175625451
2am1ma3sa           -67.82888967334293      -127.50394822680391     -200.15112712914555      -138.4667031483259
1eda3sa1tma         -68.0303053289972       -120.18056909750158     -174.91284175297918      -130.66484364231292
2am3sa1tma          -68.38164753768069      -128.247876547146       -200.79231598013777      -139.94929683108057
2am1dma3sa          -70.96847738767974      -129.47366290702485     -196.22735374592105      -140.84667506651022
1dma1eda3sa         -71.20814944733866      -123.06282491236925     -173.92143372405502      -133.16769457794726
1am2ma3sa           -71.32278854306787      -130.34251412097365     -197.95312955965613      -141.67534900223836
2am1eda3sa          -71.32789315073751      -131.1232122736983      -200.55448305526463      -142.44188809301704
4am3sa              -72.57653147657402      -141.68964609270915     -231.80652227404775      -153.99249306623824
1am1ma3sa1tma       -72.7907802399568       -134.0443426155107      -205.44545489172364      -146.05122724214743
2eda3sa             -73.14116598339751      -127.5920772261452      -182.62925119178863      -136.83319060201757
1am3sa2tma          -73.25953253355692      -134.14103587364662     -204.1975627711737       -146.6704395467823
3sa3tma             -73.80970577610424      -136.33619974536123     -209.71488837684763      -149.634571201168
3am1ma3sa           -74.76906524877995      -145.52527185133658     -237.3174798013988       -157.99711392493919
3am3sa1tma          -75.39482091854734      -146.17850579657534     -237.4096423890498       -159.3716955160926
3am1eda3sa          -76.06639314931817      -148.71224010409787     -243.65536459777422      -161.72684479597956
1am1dma1ma3sa       -76.0790168538224       -137.39591692318209     -205.65789055730255      -149.12300377292559
1am1eda3sa1tma      -76.21846694823762      -138.35612392365874     -208.41072270793003      -150.42417378809478
1am1dma3sa1tma      -76.3263198700588       -137.83504836108477     -206.30128623663475      -149.99595946601767
3ma3sa              -76.86642059264705      -138.8699590410106      -207.9608869647709       -150.55962144001387
2ma3sa1tma          -76.86798941249435      -139.48408500743972     -210.01541370113026      -151.9005625955033
2am3sa2tma          -77.09616290216218      -147.98599064254086     -237.76564729417206      -162.73899157284177
1am1eda1ma3sa       -77.12601591274142      -139.331357995281       -208.6377396712385       -150.9175431272015
1ma3sa2tma          -77.54304023479926      -139.77919969332288     -208.7411016551945       -152.73418012526236
3am1dma3sa          -77.67458848911338      -148.5865709290374      -237.8399545191358       -162.008901119465
1dma3sa2tma         -77.72478297675843      -140.63619418183225     -211.0059071109912       -153.4131482859084
3sa4tma             -77.78653934568865      -153.21045527764363     -252.9730536037898       -169.14806022954872
1am2eda3sa          -78.57241548248567      -140.90380150894634     -209.06049313032258      -152.54671398061328
2am1ma3sa1tma       -78.60801775565778      -149.80915978002304     -238.80980051880917      -164.09486378559086
1eda3sa2tma         -78.61551198523375      -142.3535578129522      -213.77845322151168      -155.57484592063702
1am2dma3sa          -78.70148638426326      -139.70876484992914     -204.61941460977818      -151.78583521791734
2am2ma3sa           -79.10206658369862      -150.96847286145203     -241.04110775686667      -163.65172882261686
3am4sa              -79.11540713580325      -149.86287931841798     -237.28818441231851      -161.493073573336
1dma2ma3sa          -79.18119985656813      -140.89645113283768     -206.99396705148268      -152.89903783914633
1am1dma1eda3sa      -79.43025790015236      -140.72166748601012     -205.57239505582527      -152.25325592793524
1eda2ma3sa          -79.48549849609844      -140.6713398557622      -205.21831749087966      -152.42936439369805
1am3sa3tma          -79.53577938763192      -153.2097814400331      -247.10381369352694      -168.84686933178455
1dma1ma3sa1tma      -79.79763113077206      -142.78260337734537     -211.25263205392434      -155.5771000370587
1eda1ma3sa1tma      -80.38790998885815      -143.86233201237337     -212.89425464884104      -156.48689781145367
2am1eda1ma3sa       -80.51650609867647      -154.63441293570213     -248.5926776363581       -167.8704539560713
2dma3sa1tma         -81.19289958685113      -144.1606124787213      -211.19474389352072      -156.70729932973336
1am3ma3sa           -81.4745710385032       -151.83177241822705     -235.9792097265872       -165.23221146711148
2eda3sa1tma         -81.53967556588759      -146.64359552679525     -218.35961751067677      -159.2037698150816
1am1ma3sa2tma       -81.94141797113116      -155.71662949837628     -247.44327193593483      -170.44684021137073
1dma1eda3sa1tma     -82.4099627330288       -146.97579407795274     -216.55485944943604      -159.7298181300721
2am1eda3sa1tma      -82.5027561411116       -155.32514823284873     -244.24749988907465      -169.9394303671288
2eda1ma3sa          -82.63869321509264      -146.06619089725427     -212.73686963687487      -157.92319444799796
2am1dma1ma3sa       -82.78650010447018      -154.73213715711609     -241.30684907884046      -167.3141976466868
2am4sa1tma          -82.79002336783742      -155.7621403453959      -244.74967961683274      -169.11194718109618
2am1dma3sa1tma      -82.86021588042786      -155.799487589029       -244.63951604493954      -170.35638728567574
1am2ma3sa1tma       -83.11939279687067      -155.49426944703737     -242.7465257429436       -169.9445254403836
2dma1ma3sa          -83.13434264436364      -145.24375736154616     -208.31599771038296      -157.59364242246374
2am1ma4sa           -83.56753701926209      -155.3821354380343      -240.86734334663777      -167.63477512449026
1dma1eda1ma3sa      -83.60428552911617      -146.05182630522177     -209.45007806945114      -157.94820671784692
1dma3sa3tma         -83.79871944658225      -158.9190063586575      -251.95467688089528      -175.00906877033412
1ma3sa3tma          -83.92466729291482      -158.87961677607382     -251.40013242741358      -174.5169835530687
1dma2eda3sa         -84.79887950536795      -148.7023758967407      -214.33337712972553      -160.75631138239987
2ma3sa2tma          -84.92781523193116      -159.56572608972783     -250.33677966766675      -173.674028778536
3dma3sa             -85.10533517156728      -148.38576010405086     -212.24358521681407      -160.89324508723803
1am1dma3sa2tma      -85.1538524266507       -159.35992335432093     -248.8883814445768       -174.06682080737664
1am1dma2ma3sa       -85.5066393581219       -158.02407319494523     -243.2246648905448       -172.13346800068393
2dma1eda3sa         -85.53300667786971      -149.51458978583105     -214.5952812601159       -161.65106791025028
2am1dma4sa          -85.59089281107299      -158.38923943415284     -244.16685099181052      -171.21372957457788
2am2dma3sa          -86.17387012019753      -158.3471300851088      -242.07030006771595      -171.6327459574677
1am1eda3sa2tma      -86.4127964458603       -162.34128183263238     -254.66538784908354      -177.09407725566416
2am1dma1eda3sa      -86.46111636073329      -159.90644334210083     -246.3368337456132       -173.15648639248684
1am1eda1ma3sa1tma   -86.70843927444366      -160.26656381656358     -246.71515861953543      -174.9621058182529
1eda3sa3tma         -86.84808310045628      -163.10089287144365     -255.7531771622835       -178.7795899717603
2am2eda3sa          -87.2026205714792       -161.66201878874563     -249.73804533746144      -174.6899154735729
1am2ma4sa           -87.34781968151219      -160.02700422750786     -243.76717942677595      -172.33565448736772
1am1ma4sa1tma       -87.65797543407825      -162.75281635053398     -251.8693305935658       -176.21124341028917
1am1eda2ma3sa       -87.92983571952209      -162.10311158839613     -248.7783862786444       -175.0776179509703
1am1dma1ma3sa1tma   -88.34652819925395      -161.5388526207389      -245.48825900238955      -175.34588037796493
3ma3sa1tma          -88.59639113325102      -163.2155156266963      -250.27376989342744      -177.21396910787735
1am4sa2tma          -88.69880200873013      -163.63834436630714     -251.34845667577545      -177.30554451126955
1eda1ma3sa2tma      -88.70041516397032      -164.97613364920835     -255.83001336610366      -180.23637721673003
1dma1ma3sa2tma      -88.91860844331677      -163.7386415200017      -250.94762058346194      -179.16550569687388
4ma3sa              -89.45633156993426      -163.72584059392102     -249.10115386275533      -177.17818399262615
1am1dma1ma4sa       -89.60269069252536      -163.56535156466998     -248.07198011874343      -176.41587715852074
1am2eda3sa1tma      -89.62911710537446      -164.83651007046865     -252.24683201515145      -179.68980491014372
2dma3sa2tma         -89.6864651250362       -164.9673227572057      -252.4932337153962       -179.59972258735797
1am1dma1eda1ma3sa   -89.85195349575952      -163.91292706993409     -248.4017225370324       -178.23275687498972
3eda3sa             -90.31157037685625      -157.4545189253986      -225.19855290493228      -169.87045988091268
1am1dma1eda3sa1tma  -90.44675124970672      -166.17961257846036     -254.009261541803        -180.62132056399423
1am2eda1ma3sa       -90.76207952620462      -165.1267594313249      -249.42035856199823      -179.08266576309688
1am2dma1ma3sa       -90.77465476142243      -164.19377632113174     -246.24894033308217      -177.94690415798686
2eda3sa2tma         -90.81904103068518      -169.84309562432463     -265.04797784258665      -185.51241353023215
1dma3ma3sa          -91.15889641153626      -165.13180002523586     -248.1063344414515       -178.689516057726
1am1dma4sa1tma      -91.30637586394732      -166.67081181622052     -252.77355677444822      -180.12539113771345
4sa3tma             -91.34310179500608      -168.38625293789664     -258.40399511267094      -182.89081267174333
1eda3ma3sa          -91.37979670194909      -166.01969435764477     -250.34344342087002      -180.2215269820299
1am2dma3sa1tma      -91.40423699420353      -164.94988001218007     -246.67329538207696      -179.34803540112625
1eda2ma3sa1tma      -91.58314806803537      -166.5691415186593      -251.50425440451383      -181.6402785092796
1dma2ma3sa1tma      -91.9221356962662       -166.90057053194323     -251.47890268559038      -181.30608296177525
1am2dma4sa          -92.02324642171152      -165.6726252855733      -247.0212271142389       -178.7149827645626
1am3eda3sa          -92.11938956170343      -167.88533985661343     -254.1202424782907       -181.81612894590944
2eda1ma3sa1tma      -92.49613173560647      -171.34241028233373     -264.4517140586145       -186.69578516801994
2ma4sa1tma          -92.56440210131404      -167.4343511598272      -251.11503960613712      -181.38022746115166
1am3dma3sa          -92.64068728336133      -166.56992853037082     -247.95989014636191      -180.51125528244302
1am1dma2eda3sa      -92.766605876619        -168.08412352809682     -252.61619202271362      -182.26030694437213
1am2dma1eda3sa      -92.77683465462178      -167.5785000717733      -250.8860151508534       -181.45644422643818
2am1eda4sa          -92.95664372202009      -168.55925530544482     -253.5724017557827       -182.86527430382557
1dma1eda3sa2tma     -93.04080130902003      -171.17881417504395     -262.07617932600465      -187.30799453970394
3ma4sa              -93.3870184009429       -167.49639774509706     -248.5640762842973       -180.265375636518
2dma1ma3sa1tma      -93.46041822827829      -168.72531841868476     -252.4397121947183       -183.338443317145
1dma4sa2tma         -93.56874845965649      -171.10353287655744     -260.05294119267495      -184.30717353834189
1ma4sa2tma          -93.58547407572041      -170.17080079831067     -256.8684444838873       -184.0153559037426
3dma3sa1tma         -93.91262534003181      -169.7216350905219      -254.2646645998942       -184.53329424413096
1dma1eda2ma3sa      -94.19344447297044      -170.43806234910153     -255.7257014130103       -184.5084616919048
4am4sa              -94.22078191605397      -175.20642476319335     -271.62717708213876      -190.48969340650365
1dma2ma4sa          -94.40274671697989      -168.78093382692896     -249.46566194886015      -181.87707680650055
1dma1eda1ma3sa1tma  -94.48717108111305      -171.392426106715       -257.94148926954017      -186.31738203430723
2dma2ma3sa          -94.64020798285492      -169.90524633880705     -252.44017560330974      -184.70951365260407
1dma2eda3sa1tma     -94.80844289761444      -172.8378777330363      -261.7120068260865       -187.80481250995945
2eda2ma3sa          -94.9030871540308       -170.72668164107017     -254.31358204570466      -184.29174098046497
1am1eda1ma4sa       -95.11136253690347      -170.1069065455813      -251.53628713316013      -183.72063958179206
1dma1ma4sa1tma      -95.75453161982296      -172.3628822973551      -256.94566720633935      -186.38145511054609
3eda3sa1tma         -95.84505327160878      -175.62607958364242     -267.58687342757844      -190.99233949898917
3am1ma4sa           -96.23164014820941      -179.5252953118179      -279.36828832367064      -195.0298002252821
4dma3sa             -96.35229291277938      -171.57614011596888     -252.30201979934648      -185.8966499324888
2dma1ma4sa          -96.56645474140532      -171.90107804862782     -252.67356467350996      -185.06941410782747
3dma1ma3sa          -96.82204795069993      -172.10780609073117     -252.50967009929875      -186.36594323604368
2dma1eda3sa1tma     -96.8563815329544       -174.93171197768243     -261.86594145429126      -190.39417853920895
3dma1eda3sa         -97.08335790364072      -173.90518891066313     -257.6616837399489       -188.2225149020087
2dma1eda1ma3sa      -97.10667780297808      -174.41863014129922     -259.30555874085314      -188.32038918021135
3eda1ma3sa          -97.52869519311935      -174.60742844385095     -258.5233380891544       -188.8682934246026
1dma2eda1ma3sa      -97.75044457684271      -176.0458164983429      -262.60396418412626      -189.91232664114796
3dma4sa             -98.05891382251866      -174.91707827942446     -257.78354672738794      -188.44160631927662
1am1eda4sa1tma      -98.28719533605909      -175.87941737925576     -260.24558793635055      -190.30820862056862
4eda3sa             -98.29279655660503      -177.40556715265848     -265.3455327728005       -191.66692906897515
1am1dma1eda4sa      -98.6208038048353       -174.47734503890388     -254.42408597734254      -188.96561449673027
1eda1ma4sa1tma      -98.99432027967123      -176.84368058700056     -261.10803389997216      -191.88053372588183
1eda2ma4sa          -99.52522859117016      -175.7186331548728      -255.5539311201597       -189.80126626580022
2dma4sa1tma         -99.67516097611224      -177.0145299894357      -259.3975147173811       -190.7830032430793
3am1eda4sa          -99.79687196505256      -186.64685305859894     -291.29626393858666      -202.5138752704952
1dma1eda1ma4sa      -100.27659945189953     -176.56877456628717     -255.88520917085236      -191.25285377004184
2am2ma4sa           -100.95830074092373     -184.28685102169402     -279.4853271203347       -199.9444259351585
3am4sa1tma          -100.98394438320247     -185.2313542476477      -282.56719726443896      -201.48204196726147
1am2eda4sa          -101.16433922713622     -177.21642740094103     -255.07995362732825      -190.87346834270284
1dma1eda4sa1tma     -101.28694406010618     -179.7426327237481      -263.14166917065177      -194.46583717541944
2dma2eda3sa         -101.56897674035281     -180.28599690808915     -264.01817933173334      -194.0699580826331
1dma3eda3sa         -101.57353950175457     -180.95163692720234     -266.23544331839753      -194.97284704935737
2am1dma1ma4sa       -101.88150491542183     -187.865717533743       -288.3924622448677       -203.99264595354907
3am1dma4sa          -102.15706262202002     -184.77664478728548     -277.1074364083629       -200.72584312199615
2eda4sa1tma         -102.89672382616845     -181.95484547024535     -265.1622392888436       -197.18396054526966
2am4sa2tma          -102.89933914641733     -187.57574356344412     -284.0060520440786       -204.4466881736589
2am1eda1ma4sa       -103.60678717284463     -189.41578255430795     -287.8047807534591       -205.51957410364412
1am3ma4sa           -104.42211083532311     -189.28483221982606     -284.6309622158609       -205.35139677347615
2am1ma4sa1tma       -104.43856775386666     -189.85572266705276     -286.4905413818132       -206.51161367648456
2am1dma4sa1tma      -105.25679753183795     -189.66663253364095     -283.1119738448667       -206.61138401801873
1am1ma4sa2tma       -105.42306869497406     -193.11462136820774     -294.11890884885713      -209.64193949996843
1eda4sa2tma         -105.61079762593727     -185.43318549913238     -267.7256007827035       -201.21375469103805
1am4sa3tma          -105.7885432044859      -193.68232855695533     -294.7972005792286       -211.70442753029056
2eda1ma4sa          -106.42300916393287     -184.53095731674694     -261.9753417836264       -199.17241853219457
2am1eda4sa1tma      -106.91640120580269     -194.50422198940942     -293.7709903857893       -211.59781150745403
1am1dma4sa2tma      -107.802225626976       -195.9979876826692      -295.8100354035997       -213.61206049504108
2am1dma1eda4sa      -107.84070058120415     -194.8006695548538      -291.665165096822        -211.19433837360702
2am2dma4sa          -107.97040895186365     -193.57355153141543     -287.11434707207354      -209.4830121914856
1am1dma2ma4sa       -108.1660457085818      -192.970737549942       -284.43633017448076      -209.20832250267267
1am1eda2ma4sa       -108.53389157354832     -197.00976631534286     -296.7495379575048       -213.52977878786623
1am1eda1ma4sa1tma   -108.77034463406017     -195.0462306911213      -289.37073975249183      -212.17344849805522
1dma2eda4sa         -108.82057911413722     -189.55305717512965     -270.7780582288952       -204.02491542114876
1am1eda4sa2tma      -109.16392781978357     -198.55829142263974     -299.8301646917939       -215.96001984536997
2dma1eda4sa         -109.28746634512208     -188.1870942155365      -264.63064856640176      -202.4114859821275
4sa4tma             -109.37261353404028     -198.74748409044696     -299.76478469260786      -218.41910696489504
2am2eda4sa          -109.4302632927429      -199.42587495734915     -301.846760572398        -215.49255194724537
1am2dma4sa1tma      -109.5732049250364      -195.6114251875406      -288.57360477161126      -213.30862388915557
1am2dma1ma4sa       -110.11873958352953     -197.03224009787664     -291.50930912093463      -213.51011020806618
1am1dma1eda4sa1tma  -110.329529460505       -199.37542953096272     -298.6614122788392       -217.2821925116441
1am2ma4sa1tma       -110.58564069050772     -197.3074769963132      -290.8664642154639       -214.18619838116865
4ma4sa              -110.6337057678029      -196.59105973690748     -288.3023778935959       -213.2925510276109
1am1dma1ma4sa1tma   -110.88292283726332     -196.09591681869642     -285.8057822625728       -213.11011595085438
1ma4sa3tma          -111.10383186436957     -200.450147013471       -299.66900938713115      -218.66718538152054
2ma4sa2tma          -111.39340408678981     -199.65155321147176     -296.0192826585067       -217.22220422895043
1dma4sa3tma         -111.66592684941133     -202.0101545220823      -303.0160243922563       -220.62489798036404
3eda4sa             -111.71506303665228     -193.9458804272581      -275.8035129646064       -209.14311226503924
1dma1ma4sa2tma      -112.10172432588297     -201.3797028872359      -299.4398073490137       -219.63653821064509
1am3dma4sa          -112.29853535117581     -200.68173437775113     -296.43870208521616      -217.28064759913832
1eda4sa3tma         -113.53940467833309     -205.18749147915514     -307.38918933647676      -223.48505037929863
1eda3ma4sa          -114.26067435625009     -204.2466232755687      -301.81435156551385      -220.37447822489776
1dma3ma4sa          -114.32304994855076     -201.69355548010208     -293.0421114584769       -218.20001090411097
2dma1ma4sa1tma      -114.67987989423273     -203.82964464194083     -299.0097761110613       -221.39182599743071
1am1dma1eda1ma4sa   -114.79521038942039     -205.49745767354034     -304.21682805312844      -221.70215559843928
2dma4sa2tma         -114.85055687601562     -204.20199782281998     -299.68620139791847      -222.4434380697494
2dma2ma4sa          -115.35303554264829     -203.93514330592006     -297.10584525701705      -220.71738715353422
3dma4sa1tma         -115.55535126499308     -204.72618143270665     -299.08042987620854      -222.36433378623042
3ma4sa1tma          -115.63609373498184     -202.94928921187238     -292.8498925938513       -219.89274542678322
1am2eda4sa1tma      -115.90565822481585     -208.17666735812963     -309.4784810767421       -225.2595001002046
1dma2ma4sa1tma      -116.08233813637344     -204.49102798510285     -296.5241987203358       -222.08090222759347
1dma1eda2ma4sa      -116.10720128100365     -205.60080308537        -300.16301124997113      -222.46628821501508
1am2dma1eda4sa      -116.29696477157995     -206.2075114606414      -301.56145124638886      -222.79180564708076
1dma1eda4sa2tma     -116.43047568245674     -207.92122929843026     -306.86149124884355      -225.9753889053536
1eda1ma4sa2tma      -116.51660272895242     -206.037973885861       -300.2561501141991       -224.07061245953082
1am2eda1ma4sa       -117.14935796428472     -208.7965702158399      -307.38625608447995      -225.12802077666856
1am1dma2eda4sa      -117.77644765144214     -210.01697514439002     -309.37624515418815      -227.29119668295607
3dma1ma4sa          -118.10992005327716     -207.3543060189113      -299.3271372321926       -224.64709695545025
1dma1eda1ma4sa1tma  -118.65463841355813     -209.59282271504344     -305.0081646876872       -227.10849755296658
1eda2ma4sa1tma      -119.37945608513837     -209.85062529296556     -303.44178838810853      -226.84214399049233
1am3eda4sa          -119.92605827213265     -215.33414308330975     -320.0002844579712       -232.16606668941677
4dma4sa             -119.93286461778916     -209.06670536543243     -298.9563667527584       -225.9285934965592
2eda2ma4sa          -120.53334807232022     -213.5420908194501      -311.952851741968        -230.35993082844652
2dma1eda1ma4sa      -120.60543153178878     -211.16633186349645     -303.74274805214975      -228.47794629493728
2eda4sa2tma         -121.41960964977625     -216.6879376945726      -319.5315379663715       -235.22337124389014
3eda4sa1tma         -122.02004091277195     -216.28323303243087     -316.160295555389        -233.75768613156106
3dma1eda4sa         -122.11499615595676     -214.30862977379002     -309.2189623282858       -231.6654769240413
2dma1eda4sa1tma     -122.9541626325663      -214.73716609399708     -307.84170203304774      -232.56439505137678
1dma2eda4sa1tma     -123.22440229890344     -217.8934876498388      -317.52166812225914      -235.8191087864543
2eda1ma4sa1tma      -124.40058862137084     -218.95837270758057     -317.14836185138176      -237.14101551698695
3eda1ma4sa          -124.86528242053464     -217.33647293411195     -310.14989271711204      -234.6660796799697
1dma3eda4sa         -125.13384232320823     -218.51662933989428     -313.2074023687178       -235.89455849211663
1dma2eda1ma4sa      -126.37630536383949     -219.97483479604125     -313.93100597631667      -236.68062786082737
2dma2eda4sa         -126.89273444795981     -220.39446568815038     -313.60634325083913      -237.29025694006123
4eda4sa             -129.13634762889706     -225.30182760488242     -322.54060028788626      -242.37493257434107
