#CLUSTER                      dG_298.15K_[Eh]      dH_298.15K_[Eh]      dS_298.15K_[Eh/K]       dE_[Eh]
2am1fa1msa1nta                -1247.8153447490074  -1247.7495246618957  0.00022076165390490576  -1247.976887
2am1fa1nta1sa                 -1283.735465791384   -1283.670136314424   0.00021911613939270744  -1283.87423376
1am1fa1ma1msa1nta             -1287.0884341945284  -1287.018609411465   0.0002341934699432182   -1287.27726941
3am1fa1msa1nta                -1304.3523176952624  -1304.2804193873262  0.00024114810644369287  -1304.54953841
1am1fa1ma1nta1sa              -1323.008681503886   -1322.9393919732245  0.0002323982245898695   -1323.17430104
1am1dma1fa1msa1nta            -1326.3640153574813  -1326.2909678213737  0.0002450026366179827   -1326.57947935
3am1fa1nta1sa                 -1340.2755927259054  -1340.2064166041464  0.00023201784926696328  -1340.45176218
2am1fa1ma1msa1nta             -1343.624543607085   -1343.549747428612   0.00025086761184929155  -1343.84899473
1am1dma1fa1nta1sa             -1362.2850546622117  -1362.214154853797   0.00023779912263845282  -1362.4790457
1am1fa1msa1nta1tma            -1365.630095671638   -1365.5547545035713  0.0002526955159032393   -1365.87260513
2am1fa1ma1nta1sa              -1379.5477307624367  -1379.4758928969657  0.0002409453814223086   -1379.75205066
1am1fa2ma1msa1nta             -1382.896889879678   -1382.8170190770152  0.000267887984781718    -1383.14771741
2am1dma1fa1msa1nta            -1382.9001282731933  -1382.822659339234   0.0002598320776769013   -1383.15158213
1am1fa1nta1sa1tma             -1401.5535058587436  -1401.4815893775105  0.0002412090599803108   -1401.7759992
1am1fa2ma1nta1sa              -1418.8202639450692  -1418.7442531368827  0.00025494149987119615  -1419.05150914
2am1dma1fa1nta1sa             -1418.8237466553935  -1418.7489549667082  0.0002508525530281719   -1419.05467815
2am1fa1msa1nta1tma            -1422.162802691268   -1422.0802418402125  0.0002769104513021715   -1422.439493
1am1dma1fa1ma1msa1nta         -1422.1722042311192  -1422.090721188521   0.0002732954640223193   -1422.45072455
2am1fa1nta1sa1tma             -1458.0920687273813  -1458.0154170409912  0.0002570910158979168   -1458.3511587
1am1dma1fa1ma1nta1sa          -1458.0956996722325  -1458.0167704658286  0.0002647298554552004   -1458.35369005
1am1fa1ma1msa1nta1tma         -1461.4371562856682  -1461.3542408285036  0.0002780998060188834   -1461.74437177
1am2dma1fa1msa1nta            -1461.4412954052582  -1461.358256263066   0.00027851464763383593  -1461.74832668
1am1fa1ma1nta1sa1tma          -1497.3643090788282  -1497.2842372419975  0.0002685622566854962   -1497.64911969
1am2dma1fa1nta1sa             -1497.37111929375    -1497.290784479724   0.0002694442865204512   -1497.65709474
1am1dma1fa1msa1nta1tma        -1500.7064333516391  -1500.6216357254482  0.00028441263186619435  -1501.04141178
1am1dma1fa1nta1sa1tma         -1536.6394076188308  -1536.5561435194486  0.0002792691577468576   -1536.95194428
1am1fa1msa1nta2tma            -1539.9732817256718  -1539.884602765686   0.00029743068920310025  -1540.33200498
1am1fa1nta1sa2tma             -1575.9059786739597  -1575.8207573946333  0.00028583357144537614  -1576.24660934
3am1fa1msa1sa                 -1723.6785131286483  -1723.6050835328897  0.00024628407096656985  -1723.88843122
3am1fa2sa                     -1759.5973588825195  -1759.5257434384434  0.00024019937640797263  -1759.78589599
2am1fa1ma1msa1sa              -1762.9510540763888  -1762.873859114567   0.0002589131706249877   -1763.18819725
2am1fa1ma2sa                  -1798.8700771311208  -1798.7929173726816  0.00025879509790104185  -1799.08355604
1am1fa2ma1msa1sa              -1802.221384336542   -1802.142243056248   0.00026544115476826797  -1802.48729418
2am1dma1fa1msa1sa             -1802.2244765446153  -1802.1452196658543  0.0002658288739262246   -1802.48957313
3am1msa1nta1sa                -1814.7959586577506  -1814.721402476997   0.0002500626555547493   -1814.99875727
1am1fa2ma2sa                  -1838.1420203852622  -1838.0603815466625  0.0002738180063717436   -1838.38223751
2am1dma1fa2sa                 -1838.1444271103965  -1838.0677568827089  0.00025715320371509263  -1838.3883516
2am1fa1msa1sa1tma             -1841.4896717907131  -1841.4057805857724  0.0002813724800965222   -1841.77963942
1am1dma1fa1ma1msa1sa          -1841.4970294006762  -1841.4138815122342  0.00027887938434327536  -1841.78911067
3am1nta2sa                    -1850.7141124457387  -1850.643005721004   0.0002384931233757914   -1850.89751438
2am1ma1msa1nta1sa             -1854.06886784681    -1853.9903960019337  0.0002631958573748194   -1854.29852254
2am1fa2sa1tma                 -1877.4132196317744  -1877.3345571865636  0.000263835134028737    -1877.6847771
1am1dma1fa1ma2sa              -1877.418619879566   -1877.337575893047   0.0002718228627170082   -1877.68927533
1am1fa1ma1msa1sa1tma          -1880.7650153697525  -1880.6799513738586  0.0002853060402281979   -1881.08413475
1am2dma1fa1msa1sa             -1880.7721977298982  -1880.6878201164882  0.00028300390209628313  -1881.09250336
2am1ma1nta2sa                 -1889.9883097410152  -1889.9139632339848  0.0002493594064413221   -1890.19917928
1am2ma1msa1nta1sa             -1893.3412486664904  -1893.259548066684   0.0002740251544739491   -1893.59890977
2am1dma1msa1nta1sa            -1893.3440784913914  -1893.2630209477122  0.0002718683336545751   -1893.6012221
1am1fa1ma2sa1tma              -1916.6872973080433  -1916.6045576786296  0.0002775100768527111   -1916.98512705
1am2dma1fa2sa                 -1916.6936456015223  -1916.6109334887963  0.0002774177854305528   -1916.99199669
1am1dma1fa1msa1sa1tma         -1920.038721310211   -1919.9513634975     0.0002929995395305909   -1920.38538275
1am2ma1nta2sa                 -1929.2618511882947  -1929.1835815474549  0.00026251766171356635  -1929.49971167
2am1dma1nta2sa                -1929.2633823358472  -1929.1854845996652  0.00026127028737888514  -1929.50056717
2am1msa1nta1sa1tma            -1932.6110872110823  -1932.5296074102469  0.00027328459109666504  -1932.89770926
1am1dma1ma1msa1nta1sa         -1932.61684064       -1932.5317725028983  0.0002853199299067148   -1932.90075864
1am1dma1fa2sa1tma             -1955.9622341235     -1955.8770708537488  0.0002856390063763447   -1956.28804657
1am1fa1msa1sa2tma             -1959.3033875292272  -1959.2139047413589  0.0003001267411310637   -1959.67761687
2am1nta2sa1tma                -1968.530982116576   -1968.4510962461495  0.0002679385223096572   -1968.79590445
1am1dma1ma1nta2sa             -1968.537214319842   -1968.4563950981592  0.00027106899776189216  -1968.80228163
1am1ma1msa1nta1sa1tma         -1971.8845346069077  -1971.7985792975405  0.0002882955202652211   -1972.19736895
1am2dma1msa1nta1sa            -1971.8889735554897  -1971.8015622153905  0.00029317907127009575  -1972.20078638
1am1fa2sa2tma                 -1995.2290712446688  -1995.1422089527343  0.00029133755470228326  -1995.58281382
3am1fa1msa1nta1sa             -2004.5092449607607  -2004.4262637177917  0.00027832045268810947  -2004.74454439
1am1ma1nta2sa1tma             -2007.804268901675   -2007.7218326356488  0.00027649259106564156  -2008.09765046
1am2dma1nta2sa                -2007.8106823160845  -2007.726855225028   0.00028115744107472766  -2008.10274334
1am1dma1msa1nta1sa1tma        -2011.156732291031   -2011.0676800679387  0.00029868261979614245  -2011.49582403
3am1fa1nta2sa                 -2040.4266925276756  -2040.3437064190389  0.00027833677221810875  -2040.63847
2am1fa1ma1msa1nta1sa          -2043.7827101341375  -2043.6960199098844  0.0002907604368710308   -2044.04516511
1am1dma1nta2sa1tma            -2047.0772358613053  -2046.9903076817618  0.00029155854282568065  -2047.39579792
1am1msa1nta1sa2tma            -2050.4204347558793  -2050.329389115071   0.00030536857557738635  -2050.78727378
4am1fa1msa1nta1sa             -2061.0500928771385  -2060.962098781628   0.00029513364249758665  -2061.32223502
2am1fa1ma1nta2sa              -2079.70007137966    -2079.613562616803   0.0002901518123667684   -2079.93918903
2am1dma1fa1msa1nta1sa         -2083.0540685843885  -2082.9643556593023  0.00030089862514228664  -2083.34343923
1am1fa2ma1msa1nta1sa          -2083.0555041753228  -2082.9651399203967  0.00030308319612902616  -2083.34512446
1am1nta2sa2tma                -2086.3440038626327  -2086.2551376960955  0.00029805858305201566  -2086.69044216
4am1fa1nta2sa                 -2096.969550261942   -2096.8816550585107  0.0002948019568388599   -2097.21767078
3am1fa1ma1msa1nta1sa          -2100.3234526018664  -2100.232775263098   0.00030413328448159583  -2100.62371732
1am1fa2ma1nta2sa              -2118.9742962725522  -2118.8860665405837  0.0002959239710496915   -2119.24316555
2am1dma1fa1nta2sa             -2118.9743802690127  -2118.8856768324376  0.00029751278408524356  -2119.2411494
2am1fa1msa1nta1sa1tma         -2122.321039600852   -2122.2305703490074  0.00030343535752072587  -2122.63942868
1am1dma1fa1ma1msa1nta1sa      -2122.3271672365927  -2122.2340659442475  0.00031226326461528575  -2122.64410715
3am1fa1ma1nta2sa              -2136.244137107175   -2136.154644075458   0.0003001610991684148   -2136.52204964
2am1fa2ma1msa1nta1sa          -2139.5967479776664  -2139.5021719410865  0.0003172095810149767   -2139.9237246
3am1dma1fa1msa1nta1sa         -2139.598501409071   -2139.504810660695   0.0003142403098315336   -2139.92517317
2am1fa1nta2sa1tma             -2158.241272339225   -2158.152284334031   0.0002984672319103659   -2158.53743783
1am1dma1fa1ma1nta2sa          -2158.246773770343   -2158.155497061785   0.0003061435806077472   -2158.54199895
1am1fa1ma1msa1nta1sa1tma      -2161.593974959618   -2161.499339146635   0.00031741007205430595  -2161.93905997
1am2dma1fa1msa1nta1sa         -2161.59908980833    -2161.50267659813    0.00032337149153151084  -2161.94249355
2am1fa2ma1nta2sa              -2175.5174509758144  -2175.426340088634   0.00030558741298227025  -2175.82430869
3am1dma1fa1nta2sa             -2175.517504370017   -2175.42365143234    0.0003147842954107298   -2175.82041396
3am1fa1msa1nta1sa1tma         -2178.8643740298335  -2178.767957523111   0.00032338254812123497  -2179.21815912
1am1fa3ma1msa1nta1sa          -2178.870266047625   -2178.7717607932263  0.0003303882421563496   -2179.22463057
2am1dma1fa1ma1msa1nta1sa      -2178.8717572027863  -2178.7739625005743  0.0003280050384430995   -2179.22503973
1am1fa1ma1nta2sa1tma          -2197.5154554863     -2197.4219049498383  0.00031377003676694035  -2197.83783466
1am2dma1fa1nta2sa             -2197.5206439915787  -2197.426723150429   0.0003150120447742423   -2197.84354186
1am1dma1fa1msa1nta1sa1tma     -2200.8677047392644  -2200.770175215037   0.0003271156271259673   -2201.23983694
3am1fa1nta2sa1tma             -2214.7871845717823  -2214.693849473389   0.0003130474539442454   -2215.12098252
1am1fa3ma1nta2sa              -2214.7895365136405  -2214.692993744479   0.00032380603441729014  -2215.12211315
2am1dma1fa1ma1nta2sa          -2214.7935004083342  -2214.698085109134   0.0003200244816381356   -2215.12605773
2am1fa1ma1msa1nta1sa1tma      -2218.1374350074107  -2218.037792601086   0.0003342022684043022   -2218.51843198
2am2dma1fa1msa1nta1sa         -2218.143333537761   -2218.0434157901173  0.0003351257677140258   -2218.5247901
1am1dma1fa2ma1msa1nta1sa      -2218.1445550565495  -2218.043629029556   0.00033850755322353067  -2218.52568641
1am1dma1fa1nta2sa1tma         -2236.7902091606843  -2236.6941671739955  0.00032212640177396924  -2237.14006602
1am1fa1msa1nta1sa2tma         -2240.1315534711653  -2240.030972393292   0.00033735058820554215  -2240.53011317
2am1fa1ma1nta2sa1tma          -2254.059191027279   -2253.9618993174518  0.0003263179937198857   -2254.41980156
2am2dma1fa1nta2sa             -2254.0662009187345  -2253.9685277545796  0.00032759739780287295  -2254.42631774
1am1dma1fa2ma1nta2sa          -2254.067726343354   -2253.969111034966   0.00033075736504519046  -2254.42785001
2am1dma1fa1msa1nta1sa1tma     -2257.4050602742973  -2257.303275577716   0.0003413875451330823   -2257.81430926
1am1fa2ma1msa1nta1sa1tma      -2257.4111012225685  -2257.3076077731644  0.00034711873018396314  -2257.81910703
1am2dma1fa1ma1msa1nta1sa      -2257.4167951984045  -2257.3123163681257  0.00035042371383107285  -2257.82456741
1am1fa1nta2sa2tma             -2276.0553026994403  -2275.9580028022415  0.000326345454297457    -2276.43399784
2am1dma1fa1nta2sa1tma         -2293.3328776614385  -2293.231970358102   0.00033844475377019917  -2293.71900216
1am1fa2ma1nta2sa1tma          -2293.334439208029   -2293.234050654734   0.00033670485760571773  -2293.72274155
1am2dma1fa1ma1nta2sa          -2293.33945329897    -2293.237907050382   0.00034058778664389986  -2293.72641944
2am1fa1msa1nta1sa2tma         -2296.6743220726803  -2296.568844559321   0.00035377331329632767  -2297.10958188
1am1dma1fa1ma1msa1nta1sa1tma  -2296.6781561711473  -2296.572606559917   0.00035401513074056915  -2297.11473958
1am3dma1fa1msa1nta1sa         -2296.68660697729    -2296.5799004186956  0.00035789555121433427  -2297.12190896
2am1fa1nta2sa2tma             -2332.598890425632   -2332.496524201497   0.0003433379981055096   -2333.01328573
1am1dma1fa1ma1nta2sa1tma      -2332.606326676099   -2332.502929056456   0.00034679731558797284  -2333.02072514
1am3dma1fa1nta2sa             -2332.61200209014    -2332.506739821244   0.00035305137982772185  -2333.02472137
1am2dma1fa1msa1nta1sa1tma     -2335.9374821622528  -2335.828339923117   0.0003660648637794732   -2336.39836375
1am1fa1ma1msa1nta1sa2tma      -2335.9477732094783  -2335.8382822630188  0.00036723443387353766  -2336.40960147
1am1fa1ma1nta2sa2tma          -2371.873795527432   -2371.766378834562   0.000360277353243951    -2372.31415212
1am2dma1fa1nta2sa1tma         -2371.878580928703   -2371.7722524130563  0.0003566275889532684   -2372.32053123
1am1dma1fa1msa1nta1sa2tma     -2375.218468322911   -2375.107265512089   0.0003729760550807675   -2375.70818126
1am1dma1fa1nta2sa2tma         -2411.144913501632   -2411.036601095028   0.00036328159182922107  -2411.61371608
1am1fa1msa1nta1sa3tma         -2414.482809850337   -2414.3704462633636  0.0003768693173687992   -2415.00090005
3am1fa1msa2sa                 -2423.8287830351883  -2423.7436559504713  0.00028551764117711764  -2424.07657403
4am1fa2msa1sa                 -2444.450026539472   -2444.358265244293   0.00030776889209990966  -2444.75618162
1am1fa1nta2sa3tma             -2450.408798389029   -2450.298337269421   0.00037048841055722513  -2450.90492008
3am1fa3sa                     -2459.7473335548875  -2459.664270326988   0.0002785954314924364   -2459.97368901
2am1fa1ma1msa2sa              -2463.102764242638   -2463.01358273818    0.00029911623162139257  -2463.37727944
4am1fa1msa2sa                 -2480.371602077768   -2480.2820647557687  0.0003003096495026439   -2480.65677555
3am1fa1ma2msa1sa              -2483.723454425144   -2483.628098352179   0.0003198258358711962   -2484.05692279
2am1fa1ma3sa                  -2499.020999169358   -2498.93480290182    0.0002891036979305505   -2499.27528506
2am1dma1fa1msa2sa             -2502.376306089929   -2502.285208828807   0.0003055417109586107   -2502.67898558
1am1fa2ma1msa2sa              -2502.3764070952802  -2502.2836294963363  0.0003111775916285315   -2502.67832577
3am1msa1nta2sa                -2514.9355973076536  -2514.851468354434   0.0002821698917311548   -2515.17704384
4am1fa3sa                     -2516.291743951895   -2516.2051709683815  0.0002903672095047938   -2516.55615125
3am1fa1ma1msa2sa              -2519.6451203208508  -2519.5524889197764  0.0003106872415712023   -2519.95795827
2am1fa2ma2msa1sa              -2522.99639178935    -2522.897064139964   0.0003331465684585649   -2523.35679881
3am1dma1fa2msa1sa             -2522.9985519658794  -2522.9016770435387  0.00032492008163910506  -2523.36044378
4am2msa1nta1sa                -2535.5701348202147  -2535.477597791428   0.0003103707153671723   -2535.870172
1am1fa2ma3sa                  -2538.293460157447   -2538.201040076646   0.0003099784699011872   -2538.572155
2am1dma1fa3sa                 -2538.296166737951   -2538.204870868649   0.0003062078460573851   -2538.57480023
2am1fa1msa2sa1tma             -2541.6453421554365  -2541.5531115923186  0.0003093428244767516   -2541.97628481
1am1dma1fa1ma1msa2sa          -2541.6500161326544  -2541.5558807669677  0.0003157315635978898   -2541.98088797
3am1nta3sa                    -2550.8493560822053  -2550.7629638286576  0.00028976103822780957  -2551.0651694
2am1ma1msa1nta2sa             -2554.2087300795893  -2554.120680773216   0.00029531882063794083  -2554.47701935
3am1fa1ma3sa                  -2555.5639537494235  -2555.4715966130348  0.00030976735330836994  -2555.85356244
2am1fa2ma1msa2sa              -2558.9180110043676  -2558.82139700337    0.00032404494716650766  -2559.25760186
3am1dma1fa1msa2sa             -2558.921240983421   -2558.825888518059   0.0003198137359108026   -2559.26152103
3am1fa2msa1sa1tma             -2562.263270436939   -2562.1633961489474  0.00033498000332513576  -2562.65153297
1am1fa3ma2msa1sa              -2562.2694393403344  -2562.167352058496   0.0003424024210580005   -2562.65806514
2am1dma1fa1ma2msa1sa          -2562.271300456887   -2562.1698241218246  0.0003403532955298464   -2562.65971383
4am1msa1nta2sa                -2571.489123555284   -2571.3974429399505  0.0003074982905710096   -2571.76639664
3am1ma2msa1nta1sa             -2574.8433091912693  -2574.7478074725354  0.00032031433417407566  -2575.17149438
2am1fa3sa1tma                 -2577.564954073432   -2577.4729917670143  0.00030844308709591044  -2577.87258544
1am1dma1fa1ma3sa              -2577.568992976219   -2577.476647051953   0.0003097297476630389   -2577.87787953
1am1fa1ma1msa2sa1tma          -2580.918096661628   -2580.8222459359     0.00032148490936934087  -2581.27634168
1am2dma1fa1msa2sa             -2580.9243757082404  -2580.826927749642   0.00032684205466542706  -2581.28150298
2am1ma1nta3sa                 -2590.126505335117   -2590.0381732541173  0.00029626725138292296  -2590.3685882
2am1dma1msa1nta2sa            -2593.482611208495   -2593.392110283418   0.0003035415900624042   -2593.77815308
1am2ma1msa1nta2sa             -2593.4836340747547  -2593.3920927745776  0.0003070310252466783   -2593.77939726
2am1fa2ma3sa                  -2594.8401664024614  -2594.7466061625714  0.00031380258222322543  -2595.1593466
3am1dma1fa3sa                 -2594.840366101555   -2594.746244992695   0.00031568374596552793  -2595.15732087
3am1fa1msa2sa1tma             -2598.188324875793   -2598.0902750282053  0.0003288608002268834   -2598.55560918
1am1fa3ma1msa2sa              -2598.189588898027   -2598.088878000086   0.00033778600684577045  -2598.55626838
2am1dma1fa1ma1msa2sa          -2598.194848269616   -2598.096097913724   0.0003312103165927648   -2598.56263647
2am1fa1ma2msa1sa1tma          -2601.5365363911824  -2601.4325480304506  0.00034877867091038747  -2601.95145518
2am2dma1fa2msa1sa             -2601.544276463011   -2601.439879209539   0.00035015010388137743  -2601.95966689
1am1dma1fa2ma2msa1sa          -2601.544813678424   -2601.439459278309   0.00035336038945029335  -2601.96007619
4am1nta3sa                    -2607.408285077905   -2607.3204280382706  0.00029467395483554956  -2607.66527795
3am1ma1msa1nta2sa             -2610.76384366679    -2610.6705442891184  0.00031292764605496377  -2611.07001012
3am1dma2msa1nta1sa            -2614.1143047245496  -2614.0158916546907  0.0003300790536939169   -2614.46908193
2am2ma2msa1nta1sa             -2614.116391619629   -2614.016668526363   0.0003344728937317087   -2614.47086973
1am1fa1ma3sa1tma              -2616.8382600484574  -2616.7431081243285  0.00031914111731975374  -2617.17383503
1am2dma1fa3sa                 -2616.8433530668085  -2616.747073947963   0.0003229217469235883   -2617.17777536
1am1dma1fa1msa2sa1tma         -2620.1907280967002  -2620.0919046591866  0.0003314554335516954   -2620.57617613
2am1dma1nta3sa                -2629.3983684495693  -2629.3051385211024  0.00031269471228142533  -2629.66800384
1am2ma1nta3sa                 -2629.4001188638254  -2629.308439274618   0.00030749484892522933  -2629.67150072
2am1msa1nta2sa1tma            -2632.750748759101   -2632.6563225409377  0.0003167070875840068   -2633.07181748
1am1dma1ma1msa1nta2sa         -2632.7570011328667  -2632.6630022153395  0.0003152739142289978   -2633.07986398
3am1fa3sa1tma                 -2634.1084392537746  -2634.013089919913   0.00031980323280690273  -2634.45456609
1am1fa3ma3sa                  -2634.113612443473   -2634.016019232205   0.00032732923450570864  -2634.45960878
2am1dma1fa1ma3sa              -2634.1143012107873  -2634.0161784638217  0.0003291053059389843   -2634.45826275
2am1fa1ma1msa2sa1tma          -2637.4620650384572  -2637.360825406928   0.00033955938799000587  -2637.85696229
2am2dma1fa1msa2sa             -2637.4664751873834  -2637.3641595045333  0.00034316848180447607  -2637.86061703
1am1dma1fa2ma1msa2sa          -2637.467210899288   -2637.3635630481754  0.00034763659605112677  -2637.86043466
2am1dma1fa2msa1sa1tma         -2640.805370991691   -2640.6998765899025  0.00035382995736523055  -2641.24873758
1am1fa2ma2msa1sa1tma          -2640.809351600263   -2640.7016009196705  0.0003613975535567495   -2641.25129941
1am2dma1fa1ma2msa1sa          -2640.8174448502336  -2640.7090251563973  0.0003636414349704975   -2641.25951623
3am1ma1nta3sa                 -2646.681998066865   -2646.5890349853253  0.000311799703303873    -2646.96490094
2am2ma1msa1nta2sa             -2650.0359934967532  -2649.938487859045   0.00032703551134798776  -2650.36926189
3am1dma1msa1nta2sa            -2650.036269772262   -2649.9408731016265  0.00031996200112632936  -2650.37093612
3am2msa1nta1sa1tma            -2653.3847448971505  -2653.2836082637286  0.0003392139306454218   -2653.76608239
2am1dma1ma2msa1nta1sa         -2653.3878561954416  -2653.286678639808   0.000339351184415779    -2653.77084147
1am3ma2msa1nta1sa             -2653.3891685093163  -2653.2858428904287  0.00034655582387171414  -2653.7713761
1am1dma1fa3sa1tma             -2656.111857527232   -2656.0133562743363  0.00033037482104917974  -2656.47335793
1am1fa1msa2sa2tma             -2659.4567975925497  -2659.356116354086   0.0003376865284701377   -2659.86954304
2am1nta3sa1tma                -2668.6699922519665  -2668.578669782306   0.0003062970640966435   -2668.97072158
1am1dma1ma1nta3sa             -2668.6758004791805  -2668.5800095734076  0.00032128427225563646  -2668.97299407
1am1ma1msa1nta2sa1tma         -2672.024368559726   -2671.9264644293376  0.0003283720623459803   -2672.37289521
1am2dma1msa1nta2sa            -2672.028903956587   -2671.9303800851876  0.0003304506838820694   -2672.37775589
2am1fa1ma3sa1tma              -2673.3815051979477  -2673.2833091841035  0.0003293510442541313   -2673.7560418
2am2dma1fa3sa                 -2673.3858331137644  -2673.2852871051814  0.00033723296522957186  -2673.75810033
1am1dma1fa2ma3sa              -2673.387258921005   -2673.286287184659   0.0003386608631423662   -2673.75945734
2am1dma1fa1msa2sa1tma         -2676.735013436359   -2676.629962795022   0.00035234157751886085  -2677.15565602
1am1fa2ma1msa2sa1tma          -2676.7355332445486  -2676.6299318624287  0.0003541887711542863   -2677.15705302
1am2dma1fa1ma1msa2sa          -2676.739798361571   -2676.6338768459764  0.0003552625040900842   -2677.16033297
2am1fa2msa1sa2tma             -2680.0725240585994  -2679.963781417731   0.0003647246046228404   -2680.5420082
1am1dma1fa1ma2msa1sa1tma      -2680.082109022943   -2679.972211002197   0.0003685997677196946   -2680.55212268
1am3dma1fa2msa1sa             -2680.0850632211454  -2679.9749942582753  0.0003691731104148836   -2680.55564832
2am2ma1nta3sa                 -2685.9560519570423  -2685.8595294828824  0.0003237379646487031   -2686.26651874
3am1dma1nta3sa                -2685.9563130656998  -2685.8623473673097  0.0003151624966965138   -2686.2684929
3am1msa1nta2sa1tma            -2689.304791013049   -2689.206053763723   0.0003311663569545369   -2689.66505825
1am3ma1msa1nta2sa             -2689.3099909437506  -2689.2100651939345  0.0003351526071307352   -2689.67173963
2am1dma1ma1msa1nta2sa         -2689.310725831331   -2689.2115215589915  0.0003327327598184052   -2689.67197917
2am2dma2msa1nta1sa            -2692.657250943425   -2692.5526945952283  0.0003506837102011331   -2693.06699425
2am1ma2msa1nta1sa1tma         -2692.657634710887   -2692.5532354997017  0.0003501566700831725   -2693.06678837
1am1dma2ma2msa1nta1sa         -2692.661113644382   -2692.5558521246844  0.0003530488670057905   -2693.07085311
1am1fa3sa2tma                 -2695.378672295259   -2695.2781142248086  0.0003372734209307886   -2695.76831865
1am1ma1nta3sa1tma             -2707.943094192699   -2707.848374281786   0.0003176921378931905   -2708.27171537
1am2dma1nta3sa                -2707.9490605020965  -2707.8512869298825  0.0003279341680836637   -2708.27489538
1am1dma1msa1nta2sa1tma        -2711.299698942874   -2711.200013717362   0.00033434588466262717  -2711.67598796
1am1fa2ma3sa1tma              -2712.655416802663   -2712.55338119583    0.00034222910224053374  -2713.05689056
2am1dma1fa3sa1tma             -2712.655967310534   -2712.5523790060083  0.000347436875819745    -2713.05376651
1am2dma1fa1ma3sa              -2712.663619130646   -2712.559830360326   0.0003481092413887144   -2713.06301683
2am1fa1msa2sa2tma             -2716.0001074923352  -2715.894547247403   0.00035405079635137787  -2716.44961925
1am1dma1fa1ma1msa2sa1tma      -2716.0077852323284  -2715.90072727966    0.0003590741327143348   -2716.4570051
1am3dma1fa1msa2sa             -2716.0120755652106  -2715.9036094702474  0.0003637970651126978   -2716.46029972
1am1fa1ma2msa1sa2tma          -2719.3459433712696  -2719.2343902650377  0.00037415095164090075  -2719.84350894
1am2dma1fa2msa1sa1tma         -2719.3521470108476  -2719.238208142541   0.0003821528368489628   -2719.847687
3am1nta3sa1tma                -2725.2281543195622  -2725.1330234691127  0.0003190704358528795   -2725.56860254
2am1dma1ma1nta3sa             -2725.2294828577874  -2725.129721849169   0.0003346000624468722   -2725.56670454
1am3ma1nta3sa                 -2725.2309255285086  -2725.1298241174736  0.0003390957941803742   -2725.56725096
2am1ma1msa1nta2sa1tma         -2728.579241947412   -2728.4764666242345  0.0003447101230160122   -2728.96649967
2am2dma1msa1nta2sa            -2728.581819723512   -2728.4784170129337  0.0003468143906704015   -2728.96874924
1am1dma2ma1msa1nta2sa         -2728.584006652126   -2728.4801126951984  0.0003484620389992934   -2728.97179588
2am1dma2msa1nta1sa1tma        -2731.9250841140715  -2731.817857657678   0.0003596392969760248   -2732.3616032
1am2dma1ma2msa1nta1sa         -2731.931273437167   -2731.8225910609685  0.0003645224759298053   -2732.36758164
1am2ma2msa1nta1sa1tma         -2731.93129982233    -2731.822501526554   0.00036491127209841784  -2732.36696565
1am1dma1nta3sa1tma            -2747.217489743081   -2747.118797477658   0.0003310154802041693   -2747.57191432
1am1msa1nta2sa2tma            -2750.56546913593    -2750.462392953953   0.0003457192083753599   -2750.96789766
2am1fa3sa2tma                 -2751.9247280155323  -2751.820185583061   0.0003506370366302853   -2752.35098834
1am1dma1fa1ma3sa1tma          -2751.927875869854   -2751.8220041488785  0.00035509549211936293  -2752.35497065
1am3dma1fa3sa                 -2751.9366401776706  -2751.827883539944   0.00036477155031517625  -2752.3603548
1am1fa1ma1msa2sa2tma          -2755.274691117877   -2755.1651972344903  0.0003672442843754037   -2755.75021456
1am2dma1fa1msa2sa1tma         -2755.2795056512905  -2755.169876268134   0.00036769875283142135  -2755.75586494
1am1dma1fa2msa1sa2tma         -2758.612238165389   -2758.4985437861806  0.00038133281639612097  -2759.13822902
2am1ma1nta3sa1tma             -2764.5025518743637  -2764.4039828621976  0.0003306020867545415   -2764.87049374
2am2dma1nta3sa                -2764.503348129673   -2764.403151090068   0.0003360625175423197   -2764.86940344
1am1dma2ma1nta3sa             -2764.504484722418   -2764.40265590978    0.0003415355111118665   -2764.8702398
2am1dma1msa1nta2sa1tma        -2767.851051566346   -2767.745776467573   0.0003530944114483293   -2768.2654835
1am2ma1msa1nta2sa1tma         -2767.85182153113    -2767.747263685306   0.00035068873327006727  -2768.26817925
1am2dma1ma1msa1nta2sa         -2767.8560925749157  -2767.7497124548136  0.00035680067114640635  -2768.27080401
2am2msa1nta1sa2tma            -2771.192395604684   -2771.0829694407507  0.00036701715221561243  -2771.65576848
1am1dma1ma2msa1nta1sa1tma     -2771.197852986487   -2771.0871966813397  0.0003711430660639797   -2771.66192342
1am3dma2msa1nta1sa            -2771.2015004264663  -2771.0906159571978  0.000371908332277434    -2771.66534063
1am1nta3sa2tma                -2786.487010750476   -2786.38629328501    0.0003378080344326853   -2786.86913545
1am1fa1ma3sa2tma              -2791.1976089048585  -2791.0898832504995  0.0003613136151561808   -2791.65135429
1am2dma1fa3sa1tma             -2791.2026115556964  -2791.094375893983   0.0003630241882056897   -2791.65697487
1am1dma1fa1msa2sa2tma         -2794.5429902625597  -2794.430930298239   0.0003758509620012272   -2795.04658298
1am1fa2msa1sa3tma             -2797.8794542456903  -2797.7630064563646  0.000390567799180918    -2798.43109007
2am1dma1nta3sa1tma            -2803.7746274700094  -2803.6732170629984  0.0003401321717628418   -2804.16922387
1am2dma1ma1nta3sa             -2803.7754482794     -2803.6706790418048  0.0003513977447421143   -2804.1682587
1am2ma1nta3sa1tma             -2803.7757991324397  -2803.673313339895   0.0003437390325164909   -2804.17079435
2am1msa1nta2sa2tma            -2807.119044291074   -2807.012954680426   0.00035582629766182114  -2807.56248677
1am1dma1ma1msa1nta2sa1tma     -2807.125312851705   -2807.0180122055267  0.0003598881307343968   -2807.56869598
1am3dma1msa1nta2sa            -2807.127276600032   -2807.0175729698935  0.00036794777842916426  -2807.56870496
1am1ma2msa1nta1sa2tma         -2810.465551341857   -2810.3536074852614  0.0003754615347837962   -2810.95795333
1am2dma2msa1nta1sa1tma        -2810.470516391088   -2810.3576054969835  0.00037870499448165403  -2810.96170729
1am1dma1fa3sa2tma             -2830.470249661322   -2830.360002127839   0.00036977203918662094  -2830.95168131
1am1fa1msa2sa3tma             -2833.8110800721897  -2833.6955542236205  0.0003874755947317787   -2834.33988187
2am1nta3sa2tma                -2843.042169396762   -2842.938038456316   0.0003492568856148415   -2843.46326485
1am1dma1ma1nta3sa1tma         -2843.0476848803     -2842.9423996472747  0.0003531284018961943   -2843.46917977
1am3dma1nta3sa                -2843.0489720659216  -2842.942136710367   0.0003583275383353167   -2843.46939554
1am1ma1msa1nta2sa2tma         -2846.392341565687   -2846.281985981007   0.0003701344446751982   -2846.86229439
1am2dma1msa1nta2sa1tma        -2846.3963944971174  -2846.285778503663   0.0003710078599848799   -2846.86692409
1am1dma2msa1nta1sa2tma        -2849.734428194277   -2849.619427670416   0.0003857136470272072   -2850.25387047
1am1fa3sa3tma                 -2869.7325656065987  -2869.620809262222   0.00037483261571951044  -2870.24273936
1am1ma1nta3sa2tma             -2882.315879565976   -2882.2068201979446  0.0003657869127332802   -2882.76222994
1am2dma1nta3sa1tma            -2882.3199063983648  -2882.2119956548086  0.0003619344073656455   -2882.76867568
1am1dma1msa1nta2sa2tma        -2885.661485586281   -2885.5492389479923  0.0003764770695569171   -2886.15981563
1am2msa1nta1sa3tma            -2888.9993130175767  -2888.8824195583034  0.0003920625835091798   -2889.54664643
1am1dma1nta3sa2tma            -2921.586511156106   -2921.4755459504654  0.000372179123396528    -2922.06181825
1am1msa1nta2sa3tma            -2924.9290747385726  -2924.8138801873893  0.0003863644178546105   -2925.4533527
1am1nta3sa3tma                -2960.8523651772925  -2960.740667293209   0.0003746365389360849   -2961.35669258
