#CLUSTER  dG_298.15K_[Eh] dH_298.15K_[Eh] dS_298.15K_[Eh/K]
1am       -56.46369067664521  -56.44184249550134  7.32791586244093e-05  
1am1p     -56.78524108342624  -56.76414111110816  7.076965392613149e-05 
1w        -76.3381106049662   -76.31669655161164  7.182308688436955e-05 
1ma       -95.66420588160385  -95.63691614849684  9.153021333889366e-05 
2am       -112.92092283436583 -112.88631633122682 0.00011607078027504852
2am1p     -113.27864162007411 -113.247097900219   0.00010579815480503784
1fd       -114.33696840541411 -114.3114959123012  8.543516053307079e-05 
1ml       -115.53301904051217 -115.50600564575437 9.06033699742178e-05  
1dma      -134.87020448586625 -134.83943235184282 0.00010321024324491759
1dma1p    -135.22228797523107 -135.1918478348576  0.0001020967310866739 
2w        -152.67115309419756 -152.63868699208598 0.00010889184005220647
3am       -169.3782806575446  -169.33735016307517 0.00013728155113012494
1fa       -189.50618284794947 -189.47800283872337 9.451621407368218e-05 
1pxml     -190.57454716729228 -190.54389644358798 0.00010280303103906564
1gd       -205.02078094874872 -204.98894873365208 0.00010676577258645716
4am       -225.83405773455812 -225.78589420356624 0.00016154127449898443
4am1p     -226.2332380879321  -226.1832006644556  0.00016782634068952107
3w        -229.00663736580304 -228.96929918289038 0.00012523287913015463
1pxfa     -264.54020480718657 -264.50924209830043 0.0001038494344663804 
2dma      -269.7312593597212  -269.68468878641306 0.00015619846824841853
2dma1p    -270.11582753630256 -270.07024549456156 0.0001528829171256313 
1gd1w     -281.3586239089675  -281.32025297848327 0.00012869673145809727
5am1p     -282.69928933895494 -282.6418515274878  0.00019264736363301213
4w        -305.3438365280115  -305.3007566198668  0.00014449071992201382
1fd1gd    -319.350064481037   -319.30728587048446 0.00014348016284578411
1gd1ml    -320.55340753914913 -320.51085573392083 0.00014271945406119815
5w        -381.67933461340107 -381.62998552748735 0.00016551764519082878
1fa1gd    -394.53715517982926 -394.4950292377572  0.00014129110203620792
1gd1pxml  -395.5977703343561  -395.5535650525298  0.00014826524174504606
3dma      -404.59604405763446 -404.5366458894915  0.00019922243214130623
3dma1p    -404.99709761719953 -404.93784676644657 0.000198728327193907  
2gd       -410.0437855599053  -409.99769410624486 0.00015459149307554175
2gd1p     -410.44342874824196 -410.3946438661207  0.00016362529639864096
6w        -458.01366984476414 -457.95763051643615 0.00018795682820078478
1gd1pxfa  -469.56548839290065 -469.52066925513554 0.00015032412465252194
7w        -534.3484010916358  -534.2914740552177  0.00019093421572407174
4dma      -539.4629188136103  -539.388813606721   0.0002485500818018768 
4dma1p    -539.8666277087281  -539.7943011599253  0.00024258443334777897
8w        -610.6858058136696  -610.6254393914843  0.0002024699721122455 
3gd       -615.0647098389536  -615.0065201396574  0.00019516920776866187
3gd1p     -615.4811374161964  -615.4188657590319  0.00020886016154399902
1msa      -663.5320228205023  -663.4960588753288  0.00012062366316818721
5dma1p    -674.7330504965996  -674.6494556621406  0.0002803784486302698 
9w        -687.0245768637162  -686.9590120417108  0.00021990549054257404
1b        -698.9555766263537  -698.9212181489992  0.00011523889771820646
1sa       -699.4511602839088  -699.4173514015065  0.00011339554721555806
1msa1w    -739.8717106363048  -739.8302813051272  0.00013895465764708997
1am1b     -755.417613021408   -755.3769685326449  0.00013632228329034417
1am1sa    -755.9246163135159  -755.883222641413   0.00013883505652451697
1am1p1sa  -756.2587780809889  -756.2157599162157  0.00014428363163901522
10w       -763.3605651305952  -763.2911177497708  0.00023292765663008927
1sa1w     -775.792395498175   -775.751779627617   0.00013622629736072568
2am1sa    -812.3942015805567  -812.3459775280453  0.00016174426466970088
2am1p1sa  -812.7543956398026  -812.705947370418   0.00016249629174808133
1msa2w    -816.2100282394327  -816.1628526821925  0.00015822759429896284
4gd       -820.0967225065981  -820.0274021296889  0.0002325016834111089 
4gd1p     -820.5127585317306  -820.4366740165068  0.0002551887144853792 
1b1dma    -833.8251273073225  -833.7790879836035  0.0001544166483955617 
1dma1p1sa -834.6871989102842  -834.6381535281178  0.0001644990178311831 
1sa2w     -852.131322624724   -852.0853136619204  0.00015431481738601728
3am1p1sa  -869.2317471333886  -869.1768246666534  0.00018421085606279446
1msa3w    -892.5490570941698  -892.4969311311555  0.00017483133662308178
1b1gd     -903.9911734015068  -903.9423536641702  0.00016374220136429536
1gd1sa    -904.50265358576    -904.4531386659793  0.000166073854706517  
1gd1p1sa  -904.8587722730472  -904.8087782453078  0.0001676807906734322 
4am1p1sa  -925.7034540489103  -925.6417811227259  0.00020685200799704743
1sa3w     -928.4708972473351  -928.4191985653353  0.00017339822907890164
1b2dma    -968.6939084377583  -968.6339456464972  0.00020111618735896148
2dma1sa   -969.2141839188151  -969.1544566872002  0.00020032611643446005
2dma1p1sa -969.6035310685114  -969.5423053100739  0.0002053522000252236 
5am1p1sa  -982.1759911428666  -982.1085577125856  0.00022617283340978657
5gd1p     -1025.5350293998465 -1025.4496899498124 0.000286229917941337  
3dma1sa   -1104.0895286136845 -1104.0182572886577 0.00023904519546144704
3dma1p1sa -1104.4954957848665 -1104.4243786132668 0.00023852816233334233
1b2gd     -1109.0229190158857 -1108.9650155082786 0.00019420931613790588
2gd1sa    -1109.5358479288025 -1109.4762874860808 0.00019976670374521486
2gd1p1sa  -1109.9398775849925 -1109.8744365640412 0.000219490259773752  
4dma1sa   -1238.959622506876  -1238.877815430212  0.0002743822796052684 
4dma1p1sa -1239.3754852990276 -1239.2925371782178 0.000278209360422807  
3gd1sa    -1314.5708185332664 -1314.499129838378  0.00024044506083766481
3gd1p1sa  -1314.993664747181  -1314.9169237355454 0.0002573906142403088 
2msa      -1327.0744571740024 -1327.02364068006   0.00017043935583494713
1msa1sa   -1362.9965229454765 -1362.9478609831117 0.0001632130215164487 
5dma1p1sa -1374.2542146264047 -1374.1597455542903 0.00031685082043940866
1b1sa     -1398.4602149181403 -1398.4141540125559 0.00015448903432645718
2sa       -1398.9123365139687 -1398.8630200773948 0.0001654081387690599 
2msa1w    -1403.4124026102934 -1403.3561738863125 0.00018859206433289612
1msa1sa1w -1439.3379713931579 -1439.2830156027806 0.00018432262410563246
1am1b1sa  -1454.920702966501  -1454.8693418183282 0.00017226613507587726
1am2sa    -1455.398549671581  -1455.3450556556318 0.00017941980865157582
2sa1w     -1475.2547030141575 -1475.2005239931989 0.00018171732671044006
2msa2w    -1479.7532040517635 -1479.694696335218  0.00019623584284948292
2am1b1sa  -1511.3864299132842 -1511.3291795078785 0.00019201880062329936
2am2sa    -1511.8734165703793 -1511.8137241056836 0.00020020950761678413
2am1p2sa  -1512.2272746638894 -1512.1658292391587 0.00020608896438270962
1msa1sa2w -1515.6746195958444 -1515.6144318094753 0.00020187082465009275
4gd1sa    -1519.6017923406557 -1519.5204817470194 0.00027271706736888896
4gd1p1sa  -1520.0153564511945 -1519.9296602325096 0.00028742652585987574
1b1dma1sa -1533.3414979765907 -1533.2833050783297 0.00019517993715004067
1dma1p2sa -1534.1492542682997 -1534.085792004854  0.000212853474578541  
2sa2w     -1551.5955976707703 -1551.5358745932915 0.00020031218339293838
2msa3w    -1556.0910043030074 -1556.0271565953137 0.000214146260920499  
3am2sa    -1568.342380247154  -1568.2781863878697 0.00021530725904509313
3am1p2sa  -1568.7199524216492 -1568.6535391963087 0.00022275104927222997
1msa1sa3w -1592.012856458275  -1591.9477624029846 0.00021832653124407827
1b1gd1sa  -1603.5020071072722 -1603.4371480686632 0.00021753828143124038
1gd2sa    -1603.9823871209353 -1603.922760379615  0.00019998907033429164
1gd1p2sa  -1604.3238483602722 -1604.2581264451005 0.00022043238360409432
4am1p2sa  -1625.196981973594  -1625.1229706461415 0.0002482352086286993 
2sa3w     -1627.935364712983  -1627.8725954902345 0.00021052900469109453
1b2dma1sa -1668.2131773118085 -1668.1435315285548 0.00023359310164006392
2dma2sa   -1668.716406792261  -1668.6450295789748 0.00023940034642385173
2dma1p2sa -1669.0779553352002 -1669.003620788825  0.0002493192902086979 
5am1p2sa  -1681.6693526732    -1681.5902455061466 0.0002653267383974936 
5gd1p1sa  -1725.055938714727  -1724.959801987304  0.0003224441637537366 
3dma2sa   -1803.5974221647268 -1803.5157609039945 0.0002738932105734938 
3dma1p2sa -1803.9889859685704 -1803.9033411921705 0.00028725398759177725
1b2gd1sa  -1808.53821101352   -1808.4671423150633 0.0002383655826148283 
2gd2sa    -1809.0477767784514 -1808.9733590447495 0.00024959830186895764
2gd1p2sa  -1809.404857504144  -1809.3283114046374 0.00025673687575614076
4dma1p2sa -1938.8823507236177 -1938.7870459609733 0.00031965374021214465
3gd2sa    -2014.0843499483403 -2014.0032974919286 0.00027185127087633583
3gd1p2sa  -2014.481076066619  -2014.393666316985  0.00029317373682307584
2msa1sa   -2026.5350326239434 -2026.4713798844407 0.00021349233440511175
1msa2sa   -2062.4572616351497 -2062.395092286918  0.00020851701570196137
5dma1p2sa -2073.763501490388  -2073.65797837636   0.000353926258690973  
1b2sa     -2097.9376953732626 -2097.8783890098057 0.0001989145177156908 
3sa       -2098.372146925021  -2098.310569709269  0.00020653099363437797
2msa1sa1w -2102.875711820365  -2102.8067713691744 0.0002312274063076808 
1msa2sa1w -2138.7979445307224 -2138.7314647277476 0.00022297435175256043
1am1b2sa  -2154.414006686107  -2154.3506923608234 0.00021235728754929396
1am3sa    -2154.8656053608875 -2154.7981563644753 0.00022622504246947735
2msa1sa2w -2179.218533313003  -2179.1487019353453 0.00023421558831841137
2am1b2sa  -2210.887421622036  -2210.818881464326  0.00022988481539196984
2am3sa    -2211.3473080000103 -2211.275805764112  0.0002398196743177646 
1msa2sa2w -2215.13758169347   -2215.0663551846033 0.00023889488132377453
4gd2sa    -2219.1233491717694 -2219.031226819551  0.0003089798833419317 
4gd1p2sa  -2219.5362645852138 -2219.437946475219  0.0003297605567467477 
1b1dma2sa -2232.8282344423633 -2232.757237492963  0.00023812493510055218
1dma3sa   -2233.289958805265  -2233.217330887037  0.0002435952313541563 
2msa1sa3w -2255.556461871865  -2255.479223835228  0.0002590576442621443 
3am1b2sa  -2267.350863128893  -2267.276646556849  0.0002489236023584845 
3am3sa    -2267.8292739568533 -2267.7518918394417 0.00025954089355188103
3am1p3sa  -2268.1878046457728 -2268.1097761660035 0.0002617088035191903 
1msa2sa3w -2291.47748156099   -2291.401573670785  0.0002545963112679082 
1b1gd2sa  -2302.9938804952326 -2302.9238415312566 0.00023491183624463688
1gd3sa    -2303.4515689760997 -2303.378392973075  0.00024543351676992083
4am3sa    -2324.299038475091  -2324.220730368238  0.00026264667735485564
4am1p3sa  -2324.6778817572726 -2324.594271364926  0.0002804306300417465 
1b2dma2sa -2367.7154823947503 -2367.6344692133343 0.000271719541895123  
2dma3sa   -2368.1915011029287 -2368.1077690529146 0.00028083867185717487
5am1p3sa  -2381.154153573657  -2381.065906633228  0.0002959816885085524 
5gd1p2sa  -2424.5725950868255 -2424.4653869535887 0.0003595778408071053 
1b3dma2sa -2502.5954846954933 -2502.5022759942362 0.0003126235158726932 
3dma3sa   -2503.0905137000345 -2502.9973308281114 0.0003125368838610121 
3dma1p3sa -2503.4547747951233 -2503.3573570860476 0.00032674059726812467
1b2gd2sa  -2508.05992179804   -2507.974341086273  0.00028703911375671916
2gd3sa    -2508.5231640925513 -2508.439478015811  0.0002806844767405118 
4dma3sa   -2637.9750155471015 -2637.871089636707  0.00034856921145216325
4dma1p3sa -2638.365370863686  -2638.257381580251  0.0003621978314105557 
1b3gd2sa  -2713.0926838838946 -2713.001534394439  0.0003057168856497345 
3gd3sa    -2713.5870857638092 -2713.4903866761233 0.00032433032931545143
3gd1p3sa  -2713.94700323367   -2713.8489087210187 0.00032901060758586776
2msa2sa   -2725.995968231472  -2725.919881071176  0.0002551975860985094 
1b3sa     -2797.408739101619  -2797.3366733176535 0.00024170982379863057
4sa       -2797.8342386413965 -2797.760873479819  0.00024606795766171505
2msa2sa1w -2802.3403246671382 -2802.258792572496  0.0002734599853841158 
1am1b3sa  -2853.891994771215  -2853.8150745803946 0.00025799158416924954
2msa2sa2w -2878.6818823891604 -2878.5985506186857 0.0002794961277007138 
2am1b3sa  -2910.3688489605997 -2910.2879401181804 0.0002713695871871887 
2am4sa    -2910.8185349834894 -2910.734568478493  0.00028162503772035367
4gd3sa    -2918.640618536638  -2918.5328997079064 0.0003612907218922562 
4gd1p3sa  -2919.0247706127025 -2918.9168380221577 0.0003620076825230388 
1b1dma3sa -2932.300426631191  -2932.2169036140094 0.0002801375723002362 
2msa2sa3w -2955.0242790173797 -2954.936661275755  0.00029387134537921754
3am1b3sa  -2966.8481795960406 -2966.763078804668  0.0002854294528666186 
3am4sa    -2967.3037967925816 -2967.2171279402687 0.00029068875503596565
1b1gd3sa  -3002.4773758933043 -3002.395592267447  0.00027430362521410514
1gd4sa    -3002.9157901073245 -3002.8296838516358 0.0002888017967049594 
4am1b3sa  -3023.318492274211  -3023.2293521167403 0.00029897755314698733
4am4sa    -3023.788165404565  -3023.693108401246  0.00031882275136514867
4am1p4sa  -3024.155033999307  -3024.06139000134   0.00031408350818817426
1b2dma3sa -3067.2015928860087 -3067.1086991925854 0.00031156697441941077
2dma4sa   -3067.657766795476  -3067.563709008471  0.0003154713634261766 
5am4sa    -3080.260296266094  -3080.165476363697  0.0003180275109757208 
5am1p4sa  -3080.638363990022  -3080.5392851133224 0.0003323121807786674 
5gd1p3sa  -3124.083729602989  -3123.962538186764  0.000406478001760076  
6am1p4sa  -3137.1173167359148 -3137.014833222368  0.0003437313887192975 
1b3dma3sa -3202.0887354812203 -3201.9842056807975 0.00035059466853422697
3dma4sa   -3202.5584351275347 -3202.4523875529176 0.0003556853081228406 
3dma1p4sa -3202.928657519344  -3202.82151711739   0.0003593506689701708 
1b2gd3sa  -3207.543032439908  -3207.4512427047616 0.0003078642802178017 
2gd4sa    -3207.992255297637  -3207.897409386361  0.0003181147451815757 
1b4dma3sa -3336.9691873058    -3336.8548694837955 0.00038342385378040784
4dma1p4sa -3337.8328986075894 -3337.7133560801212 0.000400947601771447  
1b3gd3sa  -3412.602273371848  -3412.495403677462  0.0003584427113367513 
3gd4sa    -3413.067429505717  -3412.9596317673595 0.0003615553860719975 
5dma1p4sa -3472.7410118351727 -3472.6101572084062 0.0004388885687281211 
1b4sa     -3496.8663167713557 -3496.7803758228847 0.0002882473535827571 
2am1b4sa  -3609.848051939074  -3609.75502516087   0.00031201334296260806
1b4gd3sa  -3617.661424214728  -3617.54705185668   0.00038360676856745494
4gd4sa    -3618.151180168406  -3618.0329374181024 0.00039658812780072174
4gd1p4sa  -3618.5008918767753 -3618.3794783866824 0.0004072228411624195 
1b1dma4sa -3631.772137608074  -3631.675857027151  0.0003229266507552183 
3am1b4sa  -3666.3283955820234 -3666.2312396999923 0.00032586242506164805
3am5sa    -3666.7744173907868 -3666.6751227691584 0.0003330357928160469 
1b1gd4sa  -3701.94753525474   -3701.853311207097  0.0003160290043375648 
4am1b4sa  -3722.8106522472713 -3722.7089852098866 0.00034099291425202584
4am5sa    -3723.2621087737343 -3723.156001664328  0.00035588498878510734
1b2dma4sa -3766.686882496654  -3766.5820097016276 0.00035174507807131817
5am1b4sa  -3779.28168717448   -3779.17818362621   0.00034715260194529167
5am5sa    -3779.748259461216  -3779.6418215214294 0.0003569945993170816 
5am1p5sa  -3780.113922321118  -3780.0044974118887 0.00036701294391872487
5gd1p4sa  -3823.564825332367  -3823.431070915991  0.0004486145107348412 
6am5sa    -3836.2180991217333 -3836.1067078929213 0.0003736080121137577 
6am1p5sa  -3836.602773565315  -3836.4906398419007 0.00037609835121584607
1b3dma4sa -3901.5841263572756 -3901.468057723895  0.0003892961039096204 
1b2gd4sa  -3907.013607473037  -3906.9097582209906 0.0003483120980950215 
1b3gd4sa  -4112.082074915393  -4111.96281954043   0.00039998448754860255
1b4gd4sa  -4317.152551964701  -4317.023126543733  0.0004340949889919051 
3am1b5sa  -4365.806226581725  -4365.69417387199   0.0003758266300045951 
4am1b5sa  -4422.2870772733395 -4422.171680772871  0.00038704175907814775
4am6sa    -4422.732431697254  -4422.616677475544  0.0003882415620005525 
5am1b5sa  -4478.7653366964505 -4478.647525295478  0.0003951413750561915 
5am6sa    -4479.22180414155   -4479.101767706758  0.000402604175055232  
6am1b5sa  -4535.243804264271  -4535.123102065339  0.00040483715892305225
6am6sa    -4535.70876457997   -4535.584460236841  0.00041691880975455335
6am1p6sa  -4536.07343755599   -4535.94535850869   0.0004295792295761687 
