#CLUSTER            dG_298.15K_[Eh]      dH_298.15K_[Eh]      dS_298.15K_[Eh/K]
2am                 -113.05517936378172  -113.02048240162597  0.00011637418130386772
1am1ma              -152.32036633066406  -152.28241205265348  0.0001272992722138637
2ma                 -191.58593176089943  -191.54361922382353  0.00014191694474558446
1am1dma             -191.59131779600563  -191.54893127881934  0.00014216507525165146
1dma1ma             -230.85512714073167  -230.8106622101872   0.00014913610781315645
1am1tma             -230.86424280138917  -230.8215468509139   0.00014320291958837283
1am1eda             -246.92363501133792  -246.88136658305967  0.00014176900311337084
2dma                -270.1260860706795   -270.07993116401707  0.00015480431548689006
1ma1tma             -270.12872517284364  -270.0830943393188   0.00015304656557060768
1eda1ma             -286.1892592117014   -286.14457542232446  0.0001498701639341282
1dma1tma            -309.40030507293784  -309.3510747324541   0.0001651193710674212
1dma1eda            -325.46014453455854  -325.4126367845609   0.00015934177426684928
2tma                -348.67031780365807  -348.62029981630053  0.00016776115162683397
1eda1tma            -364.73216958943544  -364.68199343337704  0.00016829165204890846
2eda                -380.7948184950547   -380.7462357639611   0.00016294727852956674
1am1sa              -756.6583630511105   -756.6166708171016   0.00013983643806451078
1ma1sa              -795.9270814146831   -795.8822584409279   0.0001503369906261209
2am1sa              -813.1970224621142   -813.1487008441234   0.00016207150089149255
1dma1sa             -835.2031806445898   -835.1550512313179   0.00016142684310560505
1am1ma1sa           -852.4659537735353   -852.4155094114155   0.0001691912195864154
1sa1tma             -874.4774758085866   -874.4277566387597   0.0001667589127182149
1eda1sa             -890.5369792554873   -890.4884757025521   0.00016268171368501392
2ma1sa              -891.7320787420988   -891.6782041132593   0.00018069639054006832
1am1dma1sa          -891.7405403099815   -891.6864943384628   0.00018127107670188157
1dma1ma1sa          -931.0075504723977   -930.9503922610813   0.0001917095801322139
1am1sa1tma          -931.0115004367848   -930.955768025505    0.00018692742337663446
1am1eda1sa          -947.0740011697065   -947.0183998501824   0.00018648773947388143
1ma1sa1tma          -970.277658152594    -970.2194130284231   0.00019535510370908424
2dma1sa             -970.2784980920268   -970.2184398551931   0.00020143631337828682
1eda1ma1sa          -986.3430383300849   -986.2860921454688   0.00019099843909457678
1dma1sa1tma         -1009.5500401082339  -1009.4877888875545  0.00020879161723773624
1dma1eda1sa         -1025.616258109938   -1025.5559225254642  0.00020236654192072284
1sa2tma             -1048.8245583410599  -1048.7608738853007  0.00021359871124981543
1eda1sa1tma         -1064.884441739712   -1064.8214252356886  0.0002113583901503711
2eda1sa             -1080.9503521213887  -1080.8885490204464  0.00020728861627528362
2sa                 -1400.2386318878407  -1400.1891810059806  0.00016585907046857816
1am2sa              -1456.7958046637464  -1456.7422917412046  0.00017948322167311818
1ma2sa              -1496.070106708553   -1496.0133589433383  0.00019033293716160123
2am2sa              -1513.342051522567   -1513.281452838044   0.0002032489838099114
1dma2sa             -1535.3469805222567  -1535.2868644137416  0.00020163041594869468
1am1ma2sa           -1552.6158239737074  -1552.5534987045382  0.00020903997708957922
3am2sa              -1569.8827509718687  -1569.8178387477128  0.00021771666663057267
2sa1tma             -1574.6166138243861  -1574.554507696436   0.00020830497383889367
1eda2sa             -1590.6805166101449  -1590.6180744652315  0.00020943198025607558
2ma2sa              -1591.8892381689634  -1591.8238931752749  0.0002191681827557008
1am1dma2sa          -1591.8925161019145  -1591.8271748787308  0.0002191555364199174
2am1ma2sa           -1609.1555552895795  -1609.0880028640115  0.0002265719455574895
1am2sa1tma          -1631.1609948752164  -1631.0929841289415  0.00022810916074072113
1dma1ma2sa          -1631.1653571227039  -1631.0965184823515  0.00023088593108325006
1am1eda2sa          -1647.2254317374259  -1647.1583910051002  0.00022485571801315635
1am2ma2sa           -1648.427296935291   -1648.3557051600303  0.000240119990812585
2am1dma2sa          -1648.4316302931684  -1648.3614637097542  0.00023533987393631174
1ma2sa1tma          -1670.435433880387   -1670.366255577523   0.00023202516472995566
2dma2sa             -1670.4419519207274  -1670.3704506171252  0.0002398165473827151
1eda1ma2sa          -1686.4986707613348  -1686.4289210149936  0.0002339417955428214
3ma2sa              -1687.6966319420737  -1687.6256757295396  0.00023798830298202427
2am2sa1tma          -1687.7031103046343  -1687.6317748859065  0.00023926016678809853
1am1dma1ma2sa       -1687.7042285701834  -1687.629469196342   0.00025074416851063775
2am1eda2sa          -1703.7663917407235  -1703.6959246798335  0.0002363476803288943
1dma2sa1tma         -1709.710722072311   -1709.6363899119988  0.0002493112873123975
1dma1eda2sa         -1725.7759726020397  -1725.7028804554493  0.0002451522609104248
1dma2ma2sa          -1726.9724280743096  -1726.8985582528644  0.00024776059515429653
1am1ma2sa1tma       -1726.9750773821895  -1726.9002080376956  0.00025111301188625
1am2dma2sa          -1726.978432315836   -1726.9009765713088  0.00025978784010489
1am1eda1ma2sa       -1743.037051615776   -1742.9626529468826  0.0002495343581866129
2sa2tma             -1748.9831072311147  -1748.90877317536    0.00024931764465768003
1eda2sa1tma         -1765.0468130939769  -1764.9728799070033  0.00024797312417755243
2ma2sa1tma          -1766.2418057410107  -1766.165294154066   0.0002566211200560338
1am1dma2sa1tma      -1766.2463158892358  -1766.1681665628537  0.0002621141250451201
2dma1ma2sa          -1766.2481234999266  -1766.1711107204533  0.00025830212803388885
2eda2sa             -1781.1076123839025  -1781.0327475306703  0.00025109794812064855
1eda2ma2sa          -1782.30554848437    -1782.2302027564795  0.00025271080962817793
1am1dma1eda2sa      -1782.3106629400365  -1782.2326330491976  0.0002617135362702877
1am2sa2tma          -1805.5121191215283  -1805.432606967221   0.0002666850723034226
1dma1ma2sa1tma      -1805.5171475461539  -1805.4377421515667  0.00026632699844776343
3dma2sa             -1805.5229869363761  -1805.443084422643   0.0002679943442326637
1am1eda2sa1tma      -1821.5810390719048  -1821.501449447735   0.0002669449074953371
1dma1eda1ma2sa      -1821.581638903538   -1821.5024393570634  0.0002656365804951966
1am2eda2sa          -1837.6427167050824  -1837.562599081415   0.000268715826487973
1ma2sa2tma          -1844.7844480607343  -1844.701949443352   0.0002767017185386842
2dma2sa1tma         -1844.7920364366705  -1844.7084233772616  0.0002804395754111673
1eda1ma2sa1tma      -1860.8496150521423  -1860.7680571570393  0.0002735465205535699
2dma1eda2sa         -1860.8571167554242  -1860.7755860605241  0.0002734552906257547
2eda1ma2sa          -1876.9143399107745  -1876.8340783265537  0.00026919867255041055
1dma2sa2tma         -1884.058295960358   -1883.9736872965102  0.00028377884906158714
1dma1eda2sa1tma     -1900.1252749547657  -1900.0414462055887  0.0002811630024380514
1dma2eda2sa         -1916.1899588972078  -1916.1069794016353  0.0002783145918916788
2sa3tma             -1923.3220924624384  -1923.233177763073   0.00029822136295607415
1eda2sa2tma         -1939.3906112861227  -1939.3041767041848  0.0002899030083445453
2eda2sa1tma         -1955.459070517034   -1955.3751701312415  0.0002814032728242851
3eda2sa             -1971.5218794176753  -1971.4344462382287  0.0002932523208006455
2am3sa              -2213.4818228747154  -2213.410748952875   0.00023838310192926123
1am1ma3sa           -2252.7554591787743  -2252.680465838764   0.0002515288948851966
3am3sa              -2270.0326987334784  -2269.955085389054   0.0002603164327489132
2ma3sa              -2292.0299122722286  -2291.952369224785   0.0002600806555212164
1am1dma3sa          -2292.031521764637   -2291.954596577655   0.0002580083413778929
2am1ma3sa           -2309.306073719414   -2309.227126860341   0.00026478906279782323
4am3sa              -2326.578562334698   -2326.4998785701077  0.0002639066395781232
1dma1ma3sa          -2331.304559014189   -2331.2243722850844  0.0002689476072601149
1am3sa1tma          -2331.306230512963   -2331.2281533105647  0.00026187222001714645
1am1eda3sa          -2347.3744904005575  -2347.298323858891   0.0002554638325230517
1am2ma3sa           -2348.5794540083225  -2348.495650315718   0.0002810789622811304
2am1dma3sa          -2348.583221866697   -2348.5005587814485  0.0002772533464648825
3am1ma3sa           -2365.8484470083704  -2365.766940152584   0.0002733753338459626
1ma3sa1tma          -2370.5790892584882  -2370.4976060241     0.0002732961072885344
2dma3sa             -2370.579676220769   -2370.495943329451   0.00028084149360388107
1eda1ma3sa          -2386.638061853657   -2386.5555391579787  0.0002767824775384504
2am3sa1tma          -2387.851880855836   -2387.7696505258577  0.0002758018781767597
3ma3sa              -2387.8533744310694  -2387.7669538433743  0.00028985607142348557
1am1dma1ma3sa       -2387.856938103727   -2387.771295738354   0.00028724590096535776
2am1eda3sa          -2403.9150663171504  -2403.8303057968587  0.0002842881780695484
2am2ma3sa           -2405.1217427694205  -2405.036563595723   0.00028569234847543095
3am1dma3sa          -2405.123131337434   -2405.0361153236718  0.0002918531402398409
1dma3sa1tma         -2409.8520214275013  -2409.7663874176887  0.0002872178762796309
1dma1eda3sa         -2425.923319657827   -2425.840123303685   0.00027904193909908436
1am1ma3sa1tma       -2427.1251364282857  -2427.039242074101   0.0002880910755823713
1dma2ma3sa          -2427.129091033365   -2427.040660462374   0.0002965975884325616
1am2dma3sa          -2427.132659048366   -2427.045060826839   0.0002938058746501994
1am1eda1ma3sa       -2443.190460999613   -2443.1025026205134  0.00029501384906868103
1am3ma3sa           -2444.3919142475906  -2444.298888426021   0.0003120101343932394
3am3sa1tma          -2444.3929487388514  -2444.306268480596   0.00029072701075043766
2am1dma1ma3sa       -2444.398337456173   -2444.3098035816847  0.00029694407005963246
3sa2tma             -2449.119278025393   -2449.0350548517854  0.00028248590846139353
3am1eda3sa          -2460.453276027531   -2460.3652434064675  0.00029526285783590894
1eda3sa1tma         -2465.1910367960613  -2465.1065752687546  0.000283285350684512
2ma3sa1tma          -2466.3981860672816  -2466.309454869933   0.00029760589417670495
1am1dma3sa1tma      -2466.401072044337   -2466.3122852524757  0.00029779235908628334
2dma1ma3sa          -2466.40611394001    -2466.3148305505556  0.00030616598844391554
2eda3sa             -2481.258893837244   -2481.1769743288796  0.00027475937737540254
1eda2ma3sa          -2482.462069658822   -2482.369934848746   0.0003090216672003781
1am1dma1eda3sa      -2482.4659895251903  -2482.376092058272   0.0003015175814786117
2am1ma3sa1tma       -2483.6644599594324  -2483.573003416386   0.00030674674843574556
1am1dma2ma3sa       -2483.6690629313744  -2483.5759987305014  0.0003121388592077301
4ma3sa              -2483.671024736533   -2483.578792086411   0.0003093498243235424
2am2dma3sa          -2483.674458737213   -2483.5828066422973  0.00030740263262004963
2am1eda1ma3sa       -2499.726932526356   -2499.633301830786   0.00031403889173214347
1am3sa2tma          -2505.669549468288   -2505.5782783533323  0.0003061248195741824
1dma1ma3sa1tma      -2505.672977334106   -2505.580844190828   0.00030901607673199767
3dma3sa             -2505.6799780565607  -2505.587079845551   0.0003115821264779869
1am1eda3sa1tma      -2521.733977161341   -2521.643583541271   0.000303181687306555
1dma1eda1ma3sa      -2521.7393565390976  -2521.6457514313997  0.0003139530695883404
1am2ma3sa1tma       -2522.9380399800107  -2522.843012369486   0.00031872416744787565
2am1dma3sa1tma      -2522.941959446009   -2522.849791853134   0.0003091316212492534
1dma3ma3sa          -2522.9444610819246  -2522.8482747917474  0.0003226103980459451
1am2dma1ma3sa       -2522.948181242528   -2522.853073022962   0.00031899453149724516
1am2eda3sa          -2537.797440738078   -2537.706231514081   0.0003059172362792783
1am1eda2ma3sa       -2539.005418270125   -2538.912132286743   0.0003128827213890082
2am1dma1eda3sa      -2539.007410187662   -2538.9149247195105  0.0003101977801500868
1ma3sa2tma          -2544.942766355399   -2544.84821249269    0.0003171352094886246
2dma3sa1tma         -2544.946168974116   -2544.8517645102165  0.00031663412342561493
1eda1ma3sa1tma      -2561.007012272969   -2560.9133073936164  0.00031428770535840825
2dma1eda3sa         -2561.013153291224   -2560.918511896443   0.0003174287934981228
2am3sa2tma          -2562.205012657745   -2562.110435286141   0.00031721405870899856
3ma3sa1tma          -2562.213158835136   -2562.1162661461367  0.0003249796713036647
1am1dma1ma3sa1tma   -2562.2170931440637  -2562.1198872685527  0.00032603010401197015
2dma2ma3sa          -2562.2199133598506  -2562.1222741725132  0.00032748343899847683
1am3dma3sa          -2562.221142828264   -2562.124051449451   0.00032564608020323513
2eda1ma3sa          -2577.070311443627   -2576.9754074507987  0.0003183095516625526
2am1eda3sa1tma      -2578.2738834814822  -2578.1786690651834  0.00031935071708513464
1eda3ma3sa          -2578.2773068022816  -2578.1793228837587  0.00032863967305980096
1am1dma1eda1ma3sa   -2578.2792044989983  -2578.1822585843015  0.0003251581911681758
1dma3sa2tma         -2584.2133112839147  -2584.1161308541614  0.00032594475852151876
2am2eda3sa          -2594.3410047034567  -2594.2469759729106  0.0003153739075846312
1dma1eda3sa1tma     -2600.280957759994   -2600.185511205679   0.0003201293118059153
1am1ma3sa2tma       -2601.4796672533244  -2601.381654049157   0.0003287378975929881
1dma2ma3sa1tma      -2601.4891819087525  -2601.389380858768   0.00033473436184548207
1am2dma3sa1tma      -2601.492689071088   -2601.3925652860394  0.00033581682055601464
3dma1ma3sa          -2601.4941773962455  -2601.3929732021365  0.0003394405302997362
1dma2eda3sa         -2616.3444770627407  -2616.2468506655955  0.00032744054048391974
1am1eda1ma3sa1tma   -2617.546969416647   -2617.448557987063   0.00033007355218391487
1dma1eda2ma3sa      -2617.552184639378   -2617.4517726826543  0.00033678335308976793
1am2dma1eda3sa      -2617.5545887495273  -2617.455342250224   0.00033287438974794983
3sa3tma             -2623.4803213619143  -2623.3810129891326  0.00033308191441049225
1am2eda1ma3sa       -2633.6131485818173  -2633.513826096983   0.00033312924646746887
1eda3sa2tma         -2639.547692262879   -2639.449190306794   0.0003303771795562514
2ma3sa2tma          -2640.749991345587   -2640.6479001268062  0.0003424156256275877
1am1dma3sa2tma      -2640.755509753928   -2640.654702210634   0.0003381101569488526
2dma1ma3sa1tma      -2640.762356450918   -2640.6595309528752  0.0003448784103394288
4dma3sa             -2640.764906694301   -2640.660271037083   0.00035094971396280904
2eda3sa1tma         -2655.6120645445094  -2655.514614935857   0.00032684758897303225
1eda2ma3sa1tma      -2656.821135381712   -2656.7184858152955  0.00034428833277393134
1am1dma1eda3sa1tma  -2656.823656894391   -2656.7241581375715  0.0003337204656042648
2dma1eda1ma3sa      -2656.827797237612   -2656.7241382278235  0.00034767402243279566
3eda3sa             -2671.68575587518    -2671.590431364935   0.0003197199739897857
2eda2ma3sa          -2672.8861383782637  -2672.783699293828   0.00034358237275180007
1am1dma2eda3sa      -2672.887066138468   -2672.785781148532   0.00033971152083190953
1am3sa3tma          -2680.019338099725   -2679.9159464139884  0.00034677741316924463
1dma1ma3sa2tma      -2680.0278999490793  -2679.92262927488    0.0003530795713542306
3dma3sa1tma         -2680.033800203876   -2679.9283608441856  0.00035364534526412093
1am1eda3sa2tma      -2696.0891665228796  -2695.988121548922   0.000338906503294611
1dma1eda1ma3sa1tma  -2696.0959413375517  -2695.9931329169312  0.0003448211323839825
3dma1eda3sa         -2696.098565422246   -2695.993615778612   0.0003520028295619946
1am2eda3sa1tma      -2712.154847587705   -2712.05165087313    0.0003461234766896137
1dma2eda1ma3sa      -2712.159224436598   -2712.054676633384   0.00035065505018814195
1ma3sa3tma          -2719.292722922613   -2719.185931025641   0.0003581817775350189
2dma3sa2tma         -2719.2998467268358  -2719.1918294665165  0.00036229166633910037
1am3eda3sa          -2728.2185284126817  -2728.1150974910474  0.0003469090110157988
1eda1ma3sa2tma      -2735.358887041477   -2735.251465929031   0.0003602921765760315
2dma1eda3sa1tma     -2735.3709851160816  -2735.266296843593   0.00035112618644582216
2eda1ma3sa1tma      -2751.4251076776864  -2751.3195223752296  0.0003541348397004095
2dma2eda3sa         -2751.4382074743276  -2751.333417476048   0.00035146737641938617
1dma3sa3tma         -2758.5632453174926  -2758.453235940833   0.00036897325728530415
3eda1ma3sa          -2767.4914243256962  -2767.384983080685   0.00035700568509632144
1dma1eda3sa2tma     -2774.6376859466554  -2774.531361338024   0.00035661448476041426
1dma2eda3sa1tma     -2790.69854872072    -2790.5894785522146  0.0003658231376993984
3sa4tma             -2797.826119662389   -2797.7151785047013  0.0003720984661673421
1dma3eda3sa         -2806.77070843533    -2806.6641113796118  0.00035752827676850636
1eda3sa3tma         -2813.9005985276362  -2813.7895333976767  0.00037251427120404225
2eda3sa2tma         -2829.9653261869107  -2829.8551187196217  0.00036963765651126123
3eda3sa1tma         -2846.0343608246912  -2845.926669655681   0.0003611979507299597
4eda3sa             -2862.097366539061   -2861.98610998896    0.0003731562975045431
3am4sa              -2970.1735368454742  -2970.085495491751   0.0002952921473203851
2am1ma4sa           -3009.447022451909   -3009.355240137672   0.0003078393903649344
4am4sa              -3026.7273030775787  -3026.630499014465   0.00032468241862731165
1am2ma4sa           -3048.7194373906004  -3048.6235913443106  0.0003214692144556
2am1dma4sa          -3048.7203764093365  -3048.625905222126   0.00031685791450680457
3am1ma4sa           -3065.9959225465846  -3065.8985985294617  0.0003264263529191418
2am4sa1tma          -3087.9888453642     -3087.89353564059    0.000319670379373053
1am1dma1ma4sa       -3087.9931549353105  -3087.894832435534   0.0003297752801488975
3ma4sa              -3087.995452178308   -3087.8964437640557  0.00033207584857365485
2am1eda4sa          -3104.0609400216167  -3103.9657999620526  0.000319101323373655
2am2ma4sa           -3105.2710188610863  -3105.1702956532886  0.00033782729430658704
3am1dma4sa          -3105.27726172442    -3105.17736927995    0.0003350409004514083
1am1ma4sa1tma       -3127.263436175411   -3127.1662225699624  0.0003260560303488307
1dma2ma4sa          -3127.2677939687323  -3127.1657329669715  0.0003423142772451705
1am2dma4sa          -3127.2683344494853  -3127.1670725934664  0.00033963392929359595
1am1eda1ma4sa       -3143.335026308624   -3143.236530127842   0.0003303578090970263
1am3ma4sa           -3144.5429294634355  -3144.4392095861754  0.0003478781729334253
2am1dma1ma4sa       -3144.543153354691   -3144.439205048345   0.0003486443278429239
3am4sa1tma          -3144.5449806734414  -3144.443254299774   0.00034119192912170754
3am1eda4sa          -3160.6046999448863  -3160.5030126164916  0.00034106097063505916
2ma4sa1tma          -3166.537645757323   -3166.4346322082256  0.00034550913666693875
1am1dma4sa1tma      -3166.5377345013894  -3166.4336976541117  0.0003489412955818955
2dma1ma4sa          -3166.5414568205315  -3166.4369400961127  0.00035055081139902076
1eda2ma4sa          -3182.608450937137   -3182.5064221363887  0.00034220627452189844
1am1dma1eda4sa      -3182.6110868243572  -3182.5090495076056  0.00034223483733599255
4ma4sa              -3183.81921898483    -3183.7118019816644  0.0003602783939821981
1am1dma2ma4sa       -3183.8196189726073  -3183.7123256540594  0.0003598635537405371
2am1ma4sa1tma       -3183.8198179146266  -3183.716915969701   0.0003451348144408328
2am2dma4sa          -3183.823424918463   -3183.7191459180044  0.00034975348132921353
2am1eda1ma4sa       -3199.8784312656376  -3199.77448981924    0.00034862131946217044
1am4sa2tma          -3205.8085993703066  -3205.7059210859584  0.00034438465318892893
1dma1ma4sa1tma      -3205.8133698488627  -3205.707239016236   0.00035596455685552074
3dma4sa             -3205.81506671724    -3205.7099959229786  0.0003524091707579061
1dma1eda1ma4sa      -3221.879302930319   -3221.7746827333153  0.00035089786015057503
1am1eda4sa1tma      -3221.8835918876116  -3221.784016627031   0.0003339770604743892
2am1dma4sa1tma      -3223.0920966451026  -3222.9843984352583  0.0003612215658031899
1am2dma1ma4sa       -3223.0934539280984  -3222.986040280385   0.0003602671397389644
1dma3ma4sa          -3223.0958214972984  -3222.987175553358   0.00036440028153706885
1am2ma4sa1tma       -3223.096256289869   -3222.9902819390463  0.0003554397143135252
1am2eda4sa          -3237.947889237824   -3237.8447352583667  0.00034598014240140096
1am1eda2ma4sa       -3239.151996807343   -3239.0436536098705  0.00036338486490886514
2am1dma1eda4sa      -3239.1559266814666  -3239.0511680767077  0.00035136208203573067
1ma4sa2tma          -3245.0827774709346  -3244.9772803860124  0.0003538389566398944
2dma4sa1tma         -3245.0904238050393  -3244.9843836389923  0.0003556604596585514
1eda1ma4sa1tma      -3261.150509606463   -3261.044562076057   0.0003553497581959716
2dma1eda4sa         -3261.1654544290013  -3261.0607763853586  0.000351091878728106
2am4sa2tma          -3262.3611211647085  -3262.2521115366803  0.0003656200839454186
1am3dma4sa          -3262.3673031079798  -3262.256884793798   0.00037034484045563726
1am1dma1ma4sa1tma   -3262.367453151632   -3262.255593318335   0.00037517971926030004
2dma2ma4sa          -3262.368186008376   -3262.257989931045   0.00036959945440585953
3ma4sa1tma          -3262.370695394791   -3262.260221892553   0.00037052994210226196
2eda1ma4sa          -3277.222660160908   -3277.117340884707   0.00035324258326655217
2am1eda4sa1tma      -3278.4272351088944  -3278.321740832035   0.00035382953835075634
1eda3ma4sa          -3278.427319015424   -3278.3184250507425  0.0003652321471798755
1am1dma1eda1ma4sa   -3278.429435421414   -3278.321988518332   0.0003603786787927469
1dma4sa2tma         -3284.3534739243137  -3284.2460089477777  0.00036043929745489817
2am2eda4sa          -3294.4893642546826  -3294.382358384013   0.00035889944883355944
1dma1eda4sa1tma     -3300.424490003835   -3300.318766891204   0.00035459705729074133
1am1ma4sa2tma       -3301.631533637892   -3301.52188745207    0.0003677551092468507
1am2dma4sa1tma      -3301.6360890693704  -3301.5220633670588  0.0003824440795297913
1dma2ma4sa1tma      -3301.642129645467   -3301.529920978276   0.00037634971387186375
3dma1ma4sa          -3301.643302536442   -3301.5306809131253  0.00037773477550559834
1dma2eda4sa         -3316.4972040788666  -3316.3925863360814  0.0003508896286606876
1am1eda1ma4sa1tma   -3317.6965801989413  -3317.583553647483   0.0003790929111470625
1dma1eda2ma4sa      -3317.701627089808   -3317.5879276492315  0.00038134979230801847
1am2dma1eda4sa      -3317.7065164555434  -3317.5975374278523  0.00036551744991151965
4sa3tma             -3323.622136622276   -3323.5124230999745  0.0003679809569056272
1am2eda1ma4sa       -3333.763079254835   -3333.6530141656767  0.0003691601179210158
1eda4sa2tma         -3339.7051580388706  -3339.598478066127   0.00035780638183283684
1am1dma4sa2tma      -3340.9054882108926  -3340.792253410822   0.0003797913804147522
2ma4sa2tma          -3340.906811920216   -3340.790935398918   0.0003886517568277674
2dma1ma4sa1tma      -3340.910617770557   -3340.796109129205   0.00038406386500819216
4dma4sa             -3340.9150663285045  -3340.7989281882055  0.00038952923125586835
2eda4sa1tma         -3355.760545124605   -3355.6515228695275  0.00036566243527526385
1am1dma1eda4sa1tma  -3356.9686688132247  -3356.8564428314035  0.0003764077874259474
2dma1eda1ma4sa      -3356.9797731178564  -3356.866388953395   0.0003802923510366812
1eda2ma4sa1tma      -3356.979877681284   -3356.8680952560994  0.0003749200911778933
3eda4sa             -3371.8343104699015  -3371.7292199454846  0.0003524753460241536
1am1dma2eda4sa      -3373.0413678756167  -3372.933241385016   0.0003626580264994226
2eda2ma4sa          -3373.0414288264524  -3372.9325659898227  0.0003651277431820492
1am4sa3tma          -3380.174970218201   -3380.0586060308915  0.0003902873966442654
1dma1ma4sa2tma      -3380.178089793456   -3380.060917470842   0.00039299789573658757
3dma4sa1tma         -3380.1827360450056  -3380.0647800095135  0.00039562648161094573
1am1eda4sa2tma      -3396.240711935201   -3396.1274378529747  0.0003799231334104424
1dma1eda1ma4sa1tma  -3396.2494457065027  -3396.134926560551   0.0003840990976075777
3dma1eda4sa         -3396.2529018946507  -3396.138638718776   0.00038324056976247035
1am2eda4sa1tma      -3412.311167959577   -3412.201353817093   0.00036831843865117465
1dma2eda1ma4sa      -3412.321463375278   -3412.2100594688845  0.00037365053293265813
1ma4sa3tma          -3419.4504817313564  -3419.332813860298   0.00039465997336458203
2dma4sa2tma         -3419.4543942795044  -3419.334989840609   0.0004004844504291106
1am3eda4sa          -3428.37728722324    -3428.2713480466386  0.00035532173939745675
1eda1ma4sa2tma      -3435.516922532913   -3435.399225961365   0.0003947562352782644
2dma1eda4sa1tma     -3435.5270206127902  -3435.4103668213857  0.00039125873353898277
2eda1ma4sa1tma      -3451.5910962451912  -3451.479484796195   0.00037434663423249206
2dma2eda4sa         -3451.5930094735195  -3451.4779703434265  0.00038584313296278144
1dma4sa3tma         -3458.7221006035934  -3458.602542059404   0.00040100132211685864
3eda1ma4sa          -3467.6511797560916  -3467.5372851129355  0.0003820045049672264
1dma1eda4sa2tma     -3474.787980446229   -3474.6681568553877  0.00040189029294508644
1dma2eda4sa1tma     -3490.8568697526216  -3490.7377571091847  0.0003995057636659209
4sa4tma             -3497.99122734593    -3497.868387788939   0.0004120058929773378
1dma3eda4sa         -3506.922195746609   -3506.8024578239238  0.0004016029605410237
1eda4sa3tma         -3514.054089898198   -3513.9303522192145  0.0004150182089004934
2eda4sa2tma         -3530.1298502188624  -3530.0141539130823  0.0003880473110184996
3eda4sa1tma         -3546.190519359125   -3546.072096916758   0.0003971908179346511
4eda4sa             -3562.2615016509644  -3562.1432428761505  0.00039664187427112515
