#CLUSTER       dG_298.15K_[Eh]      dH_298.15K_[Eh]      dS_298.15K_[Eh/K]
2am            -113.05506225165007  -113.02047146222087  0.00011601807623413661
3am            -169.5809654101358   -169.5411885380951   0.00013341228254468504
2ma            -191.5841317331755   -191.54389097237728  0.00013496817306123826
1am1dma        -191.59100469788072  -191.54928411441648  0.0001399315226035483
4am            -226.1070054764222   -226.05926037932608  0.0001601378403357942
2dma           -270.12587528937513  -270.07940257001     0.0001558702645149283
3ma            -287.3762060448132   -287.32595164724586  0.0001685540753558284
4ma            -383.1672673866515   -383.10751704374104  0.00020040363209940815
3dma           -405.18892534380063  -405.1295276496954   0.00019922084221111924
2put           -537.9079264943589   -537.8499839744626   0.00019434016399891746
1am1sa         -756.6579861147023   -756.616609413204    0.0001387781368383322
1ma1sa         -795.9266372478905   -795.8822189638786   0.00014897965457655944
3put           -806.85781487428     -806.7799570969565   0.0002611362647106254
2am1sa         -813.1969059946643   -813.1486719993912   0.0001617776128561597
1dma1sa        -835.2030963987944   -835.1551161241526   0.0001609266296888639
3am1sa         -869.730390668195    -869.6770885614644   0.00017877614197757253
1sa1tma        -874.4773618869434   -874.4277208560815   0.00016649683334542218
1eda1sa        -890.5369655330035   -890.488471724869    0.000162649029463202
1bda1sa        -890.5369655385854   -890.4884717248791   0.00016264904815128126
2ma1sa         -891.7301460578551   -891.6773381469029   0.00017711860121490323
1am1dma1sa     -891.7397053289056   -891.6863904433039   0.0001788190025210718
4am1sa         -926.2641367390155   -926.2049361956217   0.00019855959548466048
1mda1sa        -929.8121650006523   -929.7604523950416   0.00017344492909830982
1pda1sa        -929.8220102101905   -929.7714203420851   0.00016967924905367777
2am1dma1sa     -948.26811540209     -948.2094528929716   0.00019675501968237998
1diAAmda1sa    -969.0803834412229   -969.0254075920009   0.0001843899018013144
1diABmda1sa    -969.0815801365426   -969.0265353716744   0.00018462104601112343
1put1sa        -969.1038245494124   -969.0510421586658   0.00017703300602551702
2dma1sa        -970.2752982799316   -970.2156464601541   0.0002000731838923332
3ma1sa         -987.5344544239832   -987.471804477112    0.00021012895143788759
1sa1triAABmda  -1008.3536388640836  -1008.295449458536   0.0001951682225305998
1am2dma1sa     -1026.8106631917647  -1026.746708968428   0.00021450351613809258
1sa1teAABBmda  -1047.621326684255   -1047.5609251820274  0.00020258763115142152
1sa2tma        -1048.823158781149   -1048.759674160479   0.00021292846107602066
4put           -1075.813208436549   -1075.7186215126392  0.0003172460972993243
4ma1sa         -1083.3328566975904  -1083.2611337613105  0.00024055990702638255
3dma1sa        -1105.349722905664   -1105.2784552215046  0.00023903298393272685
2put1sa        -1238.0690592917922  -1238.0004115643387  0.00023024560608207815
4dma1sa        -1240.41888652979    -1240.338362378932   0.00027007932536564523
2sa            -1400.2386348312634  -1400.1893190565745  0.00016540591879539188
1am2sa         -1456.7957618516884  -1456.742276815989   0.00017938968874515833
1ma2sa         -1496.069359536413   -1496.0122093759358  0.00019168257748544378
3put1sa        -1507.0419362062123  -1506.957197382372   0.0002842154078162601
2am2sa         -1513.3421341905835  -1513.2827573709076  0.0001991508290319238
1dma2sa        -1535.3469331177473  -1535.286839536959   0.00020155485758272475
3am2sa         -1569.881992835422   -1569.817774144405   0.000215390545084708
2sa1tma        -1574.6168144505482  -1574.55443531721    0.0002092206383972546
1eda2sa        -1590.6791819466866  -1590.6169225490003  0.00020881904305334852
2ma2sa         -1591.8888842206416  -1591.8250168594902  0.0002142121789410315
1am1dma2sa     -1591.8912266560696  -1591.8257976630755  0.00021944991780706465
4am2sa         -1626.418426349364   -1626.3481601955007  0.00023567383485901942
2am1dma2sa     -1648.4277679293546  -1648.3608697788673  0.00022437749618430076
1put2sa        -1669.2514474207971  -1669.1883524511707  0.00021162156507304594
2dma2sa        -1670.442006832063   -1670.371704438545   0.00023579538325642528
3ma2sa         -1687.6919552492095  -1687.6163789155244  0.00025348426525267714
3am1dma2sa     -1704.9567794149207  -1704.8809967952482  0.00025417615184448956
1am2dma2sa     -1726.978432315836   -1726.9009765713088  0.00025978784010489
2sa2tma        -1748.983091841302   -1748.9087741811961  0.00024926265338193795
4put1sa        -1776.00386515295    -1775.9013587766317  0.0003438080708313704
4ma2sa         -1783.4955464979055  -1783.4116946323452  0.0002812405351678902
2am2dma2sa     -1783.5063698414667  -1783.4215976261     0.0002843274035441134
3dma2sa        -1805.5214336129266  -1805.4396612949604  0.0002742656983604474
1am3dma2sa     -1862.0567093796599  -1861.9701850052757  0.00029020417368545037
2put2sa        -1938.2331755499588  -1938.1521164517228  0.00027187354766418977
4dma2sa        -1940.5930785628223  -1940.5006265908683  0.00031008543335248837
3sa            -2100.35932729638    -2100.2971683855503  0.0002084820084842244
1am3sa         -2156.9228254306913  -2156.8552822565002  0.0002265409162879214
1ma3sa         -2196.200491852514   -2196.1310585314136  0.00023288050008499867
3put2sa        -2207.2068874019997  -2207.1103739243995  0.00032370779003924264
2am3sa         -2213.4780637905114  -2213.4061277907745  0.0002412745253635318
1dma3sa        -2235.478928612585   -2235.406319575871   0.00024353190244597126
3am3sa         -2270.0311540274406  -2269.9542475289286  0.00025794565994244757
3sa1tma        -2274.7429721744547  -2274.6684265377726  0.0002500272905656483
1eda3sa        -2290.817360316593   -2290.7441767420046  0.0002454589119180269
2ma3sa         -2292.02747675651    -2291.9493835079497  0.0002619260391099296
1am1dma3sa     -2292.0293825214244  -2291.9515293550003  0.00026112079967871246
4am3sa         -2326.5785619579005  -2326.499878570303   0.0002639053751397521
2am1dma3sa     -2348.5828151960204  -2348.501092053313   0.00027410076373338095
1put3sa        -2369.3896019073923  -2369.3145098276273  0.0002518600696461835
2dma3sa        -2370.5796744865797  -2370.495942338093   0.00028083900213648046
3ma3sa         -2387.8533744310694  -2387.7669538433743  0.00028985607142348557
3am1dma3sa     -2405.123800409774   -2405.039060836777   0.00028421792050050933
1am2dma3sa     -2427.124189849507   -2427.0364301058585  0.00029434762250041247
4put2sa        -2476.1650821850985  -2476.051709982802   0.00038025222973867066
4ma3sa         -2483.6698238205427  -2483.577691896953   0.0003090119858784829
2am2dma3sa     -2483.674371631825   -2483.5829806734982  0.00030652677620940377
3dma3sa        -2505.6779893254075  -2505.584807211398   0.0003125343418050403
1am3dma3sa     -2562.2199798829492  -2562.122453017089   0.00032710671091817786
2put3sa        -2638.3856661062487  -2638.2960150369936  0.0003006911596679994
4dma3sa        -2640.7620543362978  -2640.6578782599486  0.0003494082721756873
4sa            -2800.4828665237665  -2800.404834187698   0.00026172173761022797
1am4sa         -2857.0476329337866  -2856.9688420670686  0.0002642658618747391
1ma4sa         -2896.3233365477554  -2896.2409189303416  0.0002764300433127732
3put3sa        -2907.370476596301   -2907.2632797373813  0.00035954002656316664
2am4sa         -2913.6091101088127  -2913.5267179241196  0.00027634474154992854
1dma4sa        -2935.60075681349    -2935.515890406283   0.0002846433245260767
3am4sa         -2970.1647553110865  -2970.077792544094   0.00029167454969826343
1eda4sa        -2990.9549788862782  -2990.8723830713993  0.0002770277205402675
2ma4sa         -2992.159094605416   -2992.0694810710957  0.0003005652668807986
1am1dma4sa     -2992.1595854170137  -2992.0690178980753  0.0003037649469674764
4am4sa         -3026.7234999755206  -3026.6310176340403  0.000310187293242588
2am1dma4sa     -3048.7169663143736  -3048.624939152438   0.00030866061356880003
1put4sa        -3069.527518679458   -3069.439196167434   0.00029623515687967434
2dma4sa        -3070.7089854856968  -3070.614883702366   0.00031561892782388027
5am4sa         -3083.2603396596273  -3083.164629555653   0.000321013261694603
3ma4sa         -3087.9870524997823  -3087.89046625746    0.0003239518441135931
3am1dma4sa     -3105.2672319359694  -3105.166462230466   0.00033798324837692214
1am2dma4sa     -3127.2674680582068  -3127.169688663275   0.00032795369757412875
4put3sa        -3176.342680646421   -3176.223306248847   0.00040038369134152274
4ma4sa         -3183.8176947824168  -3183.7122843665547  0.0003535482671873832
2am2dma4sa     -3183.8204268791924  -3183.7176287373786  0.00034478665709871184
3dma4sa        -3205.8093133090915  -3205.7039643870753  0.00035334201581781367
1am3dma4sa     -3262.3598553778197  -3262.248769672068   0.00037258328274859847
2put4sa        -3338.5380871548946  -3338.434974115375   0.00034584282917888735
4dma4sa        -3340.9079415491638  -3340.790914822343   0.0003925095650536286
5dma4sa        -3476.001245330709   -3475.874023405628   0.00042670442757359196
1am5sa         -3557.1698319502825  -3557.0786081505685  0.0003059661234752416
3put4sa        -3607.520169133025   -3607.4013964782853  0.00039836543598728504
2am5sa         -3613.7307136565437  -3613.6347368576894  0.00032190776070495695
1dma5sa        -3635.724649930266   -3635.627283488367   0.00032656864631580004
3am5sa         -3670.3038121127342  -3670.2026851500777  0.00033918149473880275
4am5sa         -3726.8519782185585  -3726.744896382901   0.000359154236650354
5am5sa         -3783.4128431146364  -3783.302418993703   0.0003703643163958318
4put4sa        -3876.5080702116825  -3876.377119080478   0.00043921224619885543
