#CLUSTER         dG_298.15K_[Eh]      dH_298.15K_[Eh]      dS_298.15K_[Eh/K]
2am              -113.05566862703388  -113.02054110028108  0.0001178183020385581
1am1ma           -152.319322318914    -152.2813754469675   0.000127274432153275
2ma              -191.58417647401023  -191.54383029322562  0.00013532175342814893
1am1dma          -191.5900728303147   -191.54951867244878  0.00013601931197693577
1dma1ma          -230.85599535343252  -230.81162302954291  0.0001488255035707257
1am1tma          -230.86426934743434  -230.82158865620588  0.00014315173982379828
1am1fa           -246.23826947775953  -246.20220309676705  0.00012096723458818805
1am1eda          -246.92421249726902  -246.8829786458749   0.00013829901524106802
2dma             -270.12568305307707  -270.07979185903133  0.00015391981903649255
1ma1tma          -270.12879462025916  -270.0831149113652   0.00015321049436168053
1fa1ma           -285.5037910804249   -285.4650696645567   0.00012987226519596751
1eda1ma          -286.1892232346552   -286.144596718734    0.0001496780678221309
1dma1tma         -309.3989347617978   -309.3507028876443   0.00016177049858642192
1dma1fa          -324.77608253738947  -324.7333657001495   0.00014327297414058117
1dma1eda         -325.4597821114631   -325.4125194726635   0.00015851966728011463
1am1nta          -337.34762594265504  -337.3099767976662   0.0001262758510442277
2tma             -348.6700438300548   -348.61842558258     0.00017312845035978325
1eda1tma         -364.7318127925084   -364.6804343496728   0.00017232414165883658
1ma1nta          -376.61457769341456  -376.5740456153351   0.000135945256010254
2fa              -379.4131701443304   -379.3746439503548   0.00012921748775984892
1eda1fa          -380.10988714472995  -380.06613894713473  0.00014673217372203053
2eda             -380.7940305758674   -380.74593571061797  0.00016131096847037205
1dma1nta         -415.8854191928288   -415.84239549569344  0.0001443021872726715
1fa1nta          -470.5146433599581   -470.47403343395644  0.00013620635922066254
2nta             -561.6135567817582   -561.5706516080654   0.00014390465769851765
1am1msa          -720.7390548029239   -720.6969614445169   0.00014118181588781598
1am1sa           -756.6576007865607   -756.6165481570106   0.0001376911941980377
1ma1msa          -760.0053273532752   -759.9605303642726   0.00015024983733912453
2am1msa          -777.2725309516085   -777.2256351457584   0.00015728930353890386
1ma1sa           -795.9265806486259   -795.8821325664079   0.00014907959824922375
1dma1msa         -799.280467034522    -799.2326939572057   0.00016023168645418588
2am1sa           -813.1974355945599   -813.1486630793554   0.000163583817556745
1am1ma1msa       -816.5443172300614   -816.493653173386    0.00016992807873702107
1dma1sa          -835.203302260324    -835.1551420907017   0.0001615300004101127
1am1ma1sa        -852.4646920407291   -852.4150255195481   0.00016658232829448703
1fa1msa          -853.910890243593    -853.8659700060384   0.00015066321500788754
1eda1msa         -854.6152066725351   -854.566612670884    0.00016298508016492405
1am1dma1msa      -855.809970300015    -855.7552715605299   0.0001834604711895325
2ma1msa          -855.8111903294244   -855.7584167495131   0.00017700345433948415
1sa1tma          -874.4770787989348   -874.4275452296533   0.00016613640543851354
1fa1sa           -889.8269219078209   -889.7829841134092   0.00014736808456031726
1eda1sa          -890.536178947277    -890.4880660559909   0.0001613714280934498
2ma1sa           -891.7320120360729   -891.6786190538721   0.00017908093979813344
1am1dma1sa       -891.739947249347    -891.6863365056436   0.00017981131545687134
1am1msa1tma      -895.0854147097765   -895.0288971054243   0.00018956097384585668
1am1eda1msa      -911.1517840488153   -911.0962809216155   0.00018615840080419483
1dma1ma1sa       -931.0070256362706   -930.9508816186535   0.00018830795779640355
1am1sa1tma       -931.0117115315123   -930.9557210329639   0.0001877930523174225
1ma1msa1tma      -934.3507961098068   -934.2916703616103   0.00019830873116366294
2dma1msa         -934.358225924634    -934.298637335774    0.00019986110635597312
1msa1nta         -945.0113261375532   -944.9639114728652   0.00015902956460818034
1am1eda1sa       -947.073568472972    -947.0182209649345   0.00018563645157677303
1eda1ma1msa      -950.4190527262842   -950.360949781111    0.00019487823301435447
1dma1ma1msa      -950.4190527262842   -950.360949781111    0.00019487823301435447
1ma1sa1tma       -970.2769317891963   -970.2192222688042   0.00019355867983278857
2dma1sa          -970.2782656382489   -970.2184987701041   0.00020045905800658724
1dma1msa1tma     -973.6274263149813   -973.5655177783188   0.00020764224941304023
1nta1sa          -980.9253336916056   -980.8790811332793   0.00015513184077247134
1eda1ma1sa       -986.3405753472725   -986.2821684696058   0.00019589762759258196
1dma1eda1msa     -989.6897868313063   -989.6291327283922   0.00020343485800452103
1dma1sa1tma      -1009.5495407713578  -1009.487560674824   0.00020788226239747693
1msa2tma         -1012.891321629111   -1012.8258081479695  0.00021973329244164247
1dma1eda1sa      -1025.6156842637438  -1025.5555505276013  0.00020168953930021518
1eda1msa1tma     -1028.9590098330789  -1028.8959808088462  0.00021140038313817366
2eda1msa         -1045.0286214911835  -1044.9674452826741  0.00020518600875191054
1sa2tma          -1048.8233578580134  -1048.7603516093168  0.00021132399361610928
1eda1sa1tma      -1064.88382333891    -1064.8212363339078  0.00020991784337468436
2eda1sa          -1080.9482784026345  -1080.8866746875258  0.00020661987291216628
2msa             -1328.4096126261845  -1328.3592407112133  0.00016894823066016795
1msa1sa          -1364.3239403697994  -1364.2734819197995  0.00016923847056822728
1am2msa          -1384.9548365539536  -1384.8986622117834  0.0001884096668458595
2sa              -1400.2382689951105  -1400.1888631768836  0.0001657079263015472
1am1msa1sa       -1420.8796553408172  -1420.8260386558813  0.00017983124244766834
1ma2msa          -1424.2292728726954  -1424.1704476259613  0.00019730084432046033
2am2msa          -1441.5012479927668  -1441.4413750798853  0.00020081473379653214
1am2sa           -1456.795923382095   -1456.7423783598388  0.00017959088464299718
1ma1msa1sa       -1460.154455842803   -1460.0972400243604  0.0001919027953799641
1dma2msa         -1463.5049218004856  -1463.4430730777221  0.0002074416326125835
2am1msa1sa       -1477.4241100078452  -1477.3651957811046  0.00019759928472487117
1am1ma2msa       -1480.7754937677666  -1480.7105458276048  0.00021783645870139474
1ma2sa           -1496.0694310838464  -1496.013184219453   0.00018865290757450094
1dma1msa1sa      -1499.430594542579   -1499.3701393370911  0.00020276775276865337
2msa1tma         -1502.7729063248873  -1502.7087923220236  0.0002150394192979502
2am2sa           -1513.3411143739327  -1513.281136676018   0.0002011661845207406
1am1ma1msa1sa    -1516.695572965654   -1516.6309649740608  0.00021669626561556708
1eda2msa         -1518.8427095480995  -1518.7819179150363  0.0002038961363851838
2ma2msa          -1520.04700866877    -1519.9763970531706  0.00023683251920005814
1am1dma2msa      -1520.049454036      -1519.981403557172   0.0002282424243773906
1dma2sa          -1535.3470213644673  -1535.2867578659143  0.00020212476455780385
1msa1sa1tma      -1538.6965518140228  -1538.6339670483276  0.00020991033270207897
1am1ma2sa        -1552.616015398475   -1552.5510784600112  0.0002177995588251883
1eda1msa1sa      -1554.7632266136168  -1554.7013090999037  0.0002076723585878267
2ma1msa1sa       -1555.9685354437229  -1555.9000620603065  0.0002296608533167435
1am1dma1msa1sa   -1555.9731817322015  -1555.9078941471955  0.00021897563309052333
1am2msa1tma      -1559.3125154799643  -1559.2429891257025  0.0002331925348377975
1dma1ma2msa      -1559.3218693240522  -1559.2514207539218  0.00023628566201701034
2sa1tma          -1574.6165684471398  -1574.554445275735   0.0002083621378667506
1am1eda2msa      -1575.3818925477333  -1575.3124361674975  0.00023295784080431089
1eda2sa          -1590.6800159732086  -1590.6178230576127  0.0002085960610297021
2ma2sa           -1591.888169657758   -1591.819984210926   0.00022869510928102637
1am1dma2sa       -1591.8897212414622  -1591.822650761889   0.00022495549077006623
1am1msa1sa1tma   -1595.239799274091   -1595.1725576542417  0.00022552949806913514
1dma1ma1msa1sa   -1595.2470263764808  -1595.1780014038977  0.00023151089244696313
1ma2msa1tma      -1598.5850914877194  -1598.51168354019    0.00024621146244997846
2dma2msa         -1598.5958699716186  -1598.5199963056243  0.000254481522704143
1am1eda1msa1sa   -1611.3071580016006  -1611.23988234637    0.00022564365329720267
1eda1ma2msa      -1614.6552182276835  -1614.5820900730666  0.0002452730324224851
1am2sa1tma       -1631.160213129302   -1631.0938167787526  0.00022269445094549466
1dma1ma2sa       -1631.1657664497823  -1631.0974459412928  0.0002291481082992323
1ma1msa1sa1tma   -1634.5141636917213  -1634.4427636803257  0.00023947681165717452
2dma1msa1sa      -1634.521626746906   -1634.4501305847225  0.00023979930298000807
1dma2msa1tma     -1637.8595040896369  -1637.7837074102265  0.00025422330843657373
1am1eda2sa       -1647.2250415552303  -1647.1582752656911  0.00022393523239666601
1eda1ma1msa1sa   -1650.579417756143   -1650.508987517121   0.00023622417917743227
1dma1eda2msa     -1653.93002750788    -1653.8548563544525  0.00025212528400952967
1ma2sa1tma       -1670.4333226657288  -1670.3629397152436  0.00023606557264884646
2dma2sa          -1670.4402168074937  -1670.3697985923436  0.0002361838509141357
1dma1msa1sa1tma  -1673.7882682924774  -1673.7155779699783  0.00024380453630433468
2msa2tma         -1677.122035249592   -1677.0458325166003  0.00025558521882215876
1eda1ma2sa       -1686.4986582047084  -1686.4284713570032  0.00023540784070124398
1dma1eda1msa1sa  -1689.8546355106237  -1689.7820794188638  0.00024335432419873666
1eda2msa1tma     -1693.192701290879   -1693.1145127805432  0.00026224554866980125
2eda2msa         -1709.2654777904643  -1709.191135670546   0.0002493446919953863
1dma2sa1tma      -1709.7095333587974  -1709.636122466198   0.00024622134026282613
1msa1sa2tma      -1713.0502180404785  -1712.9748296687205  0.0002528538378597558
1dma1eda2sa      -1725.7741970635577  -1725.7016542954707  0.0002433096363814125
1eda1msa1sa1tma  -1729.1188488999999  -1729.0442310953317  0.0002502693431770502
2eda1msa1sa      -1745.1877467207282  -1745.1126597192963  0.00025184303683385256
2sa2tma          -1748.9833414558482  -1748.9084893313482  0.00025105525574364775
1eda2sa1tma      -1765.0422886544468  -1764.9669877787896  0.00025256037449959765
2eda2sa          -1781.107300257918   -1781.032838528225   0.0002497458651447814
