#CLUSTER             ddG_298.15K_[kcal/mol]  ddH_298.15K_[kcal/mol]  ddS_298.15K_[cal/mol/K]  ddE_[kcal/mol]
4ma                  15.7637259659532        -15.240312182024354     -103.9880534899082       -19.95771178259747
4dma                 12.9536986250896        -18.930237171123736     -106.93924466235242      -23.283729829534423
3ma                  10.494901333382586      -9.3437740400841        -66.53924324496155       -12.540115909127053
3dma                 9.549339942954248       -11.202312970970524     -69.60138492023496       -14.195036593358964
2tma                 6.165985443862155       -3.3149283654929604     -31.79914073283362       -4.703060593252303
2ma                  5.981211247795727       -2.4365031092893332     -28.23315229620475       -3.898459941628971
1dma1ma              5.906698442500783       -3.2473368979772204     -30.702784975617995      -4.7043144728959305
2dma                 5.485221394512337       -4.176770335849142      -32.40647905540074       -5.640366979932878
1ma1tma              5.314264618209563       -3.6717590145708527     -30.13927094685912       -5.151484615314985
1dma1tma             4.497016790497582       -4.321600908995606      -29.577788695402347      -5.733898103630054
1fa2tma              2.8244026981992647      -18.183738891617395     -70.46165215430524       -20.575885651545832
2nta                 2.147195534547791       -8.813582042581402      -36.76262813100402       -10.17830802447861
1fa1ma1tma           1.7497503705671988      -19.435597755014896     -71.05600578769764       -22.02505284291692
2fa2tma              1.398621619824553       -31.637738843652187     -110.8044959369503       -36.502698310127016
1fa2ma               1.3874992183991708      -19.09008260606788      -68.68214598162221       -21.769001834531082
2dma1fa              1.0765636885189451      -20.49363194689795      -72.34679066024975       -22.862293912738096
1dma1fa1ma           0.47639716307458        -20.698924588003138     -71.02237716301488       -23.020963708288036
1dma1fa1tma          0.445608579335385       -20.92318256550061      -71.67127668913366       -23.232462895364733
1msa                 0.00022205407731235027  0.0009286164422519505   0.002369821598136923     0.002182211959734559
1dma                 -0.000624567866907455   -0.0018240960198454559  -0.0040232371274981915   -0.002623073596623726
1sa                  -0.0016562197706662118  -0.0007593457121402025  0.003008130001589393     -0.000944492407143116
1tma                 -0.00398374798533041    -0.00578228963422589    -0.006032338231861445    -0.004580145017825998
1nta                 -0.004602933331625536   -0.003703410882735625   0.003017013222418541     -0.0002571576042100787
1fa                  -0.0062132443563314155  -0.005313337474945001   0.003018302509836701     0.0006331975746434182
2fa2ma               -0.7478338224173058     -34.04803732280561      -111.68942981900793      -38.646855705592316
1msa1nta             -0.9703757577808574     -12.72356551035773      -39.42039159037781       -14.014322162547614
1fa1nta              -1.1362377947370987     -12.279823993565515     -37.375771252209226      -13.663105952349724
1dma2fa1tma          -1.198394336810452      -34.48629192591761      -111.64815558960659      -38.824005098605994
2fa1ma1tma           -1.2281096887600143     -34.63397619794705      -112.04382528645141      -39.04215664268122
2ma1nta              -1.2473933603905607     -23.325354663538747     -74.04984505489827       -26.72876823367551
1nta1sa              -1.295922662538942      -12.37550151324831      -37.1610895549424        -13.668066913960502
1fa1ma               -1.3434418368415209     -11.497254397596407     -34.056054203623695      -13.02251741962391
1nta2tma             -1.6248085804691073     -23.24483828211669      -72.51393493824807       -26.924293560674414
1ma1nta1tma          -1.743451917442144      -22.99683803721564      -71.28420633849261       -26.00184412265662
1dma1fa              -1.8707306663418422     -12.293552487375564     -34.958315683407804      -13.717803030114737
2fa1ma               -2.3793151665158803     -24.00702843626641      -72.53970575118683       -26.11671322179609
2fa1tma              -2.518382982132607      -24.60187548349495      -74.06839678463007       -27.72629491047701
1dma2fa1ma           -2.8037162422697293     -35.61064973075554      -110.03499409203835      -38.330126677436056
1ma                  -2.827824209816754e-05  -2.866610884666443e-05  -1.3009334765001768e-06  -2.9671478841919452e-05
1fa1tma              -3.1314964450866682     -13.346301860190579     -34.26062523936007       -14.62241373816505
2fa                  -3.284816131228581      -14.508275899250293     -37.643668515809196      -15.933473144192249
1ma1nta              -3.5204587560729124     -14.160129573807353     -35.68563078232836       -15.426976723305415
1ma1msa              -3.7882859939709306     -15.476911554927938     -39.20384223054368       -17.82535941025708
1ma2nta              -3.9146692393696867     -26.821164031454828     -76.82875999336804       -30.121696081594564
1fa1msa              -3.963190721697174      -15.983501071110368     -40.31631846197935       -17.293822993640788
1dma2fa              -4.09527137997793       -26.506851809157524     -75.16880908669427       -29.41453789663501
1dma1ma1nta          -4.443706892954651      -26.709152485622326     -74.67867044327191       -30.510295132902684
1dma1nta             -4.529676868696697      -15.433780746068805     -36.572543609993765      -16.328500181843992
2dma1nta             -4.791457546845777      -27.324501089809928     -75.5761983664824        -31.038598247483606
1nta1tma             -4.913815407504444      -15.676112136628944     -36.09692010456698       -17.218225942691788
1fa1sa               -5.088099067623261      -16.43582999089267      -38.06047601207071       -17.712785594922025
1dma1nta1tma         -5.141424718502094      -27.16457297850866      -73.86600120797735       -30.700931967468932
2msa                 -5.598828803864308      -19.116887415293604     -45.339790747314         -20.567889473750256
2sa                  -5.694395170547068      -17.17711970815435      -38.51324681346581       -18.404702352709137
1msa2tma             -6.082527036225656      -28.97229722334305      -76.77266539412194       -33.404702519765124
1dma1msa             -6.16041479393607       -18.4099378384999       -41.0851016085732        -20.462754875130486
2dma2fa              -7.184190229541855      -40.945381522207754     -113.2355904492783       -45.95240223433939
1ma1sa               -7.27593933447497       -17.73796230868902      -35.089796995459345      -20.04926964401966
2ma1msa              -7.307798554422334      -31.126701359346043     -79.88899146330643       -35.2088157608523
1ma1msa1tma          -7.321033818254364      -30.42569751641713      -77.4934217608185        -35.22920794546371
1msa1sa              -7.729148613696452      -20.970054174773395     -44.41021486166463       -22.481565259571653
3msa                 -7.930424263468012      -34.58354031085037      -89.39498925850208       -37.25452732760459
1dma2nta             -8.006086619279813      -31.020243921433575     -77.1898618219572        -34.531267367186956
4msa                 -8.272818069439381      -48.809324773261324     -135.96010968642807      -52.641246552579105
2nta1tma             -8.810522967381985      -31.289212603471242     -75.39389446945161       -35.12011630414054
3sa                  -10.070145857986063     -33.89643521071412      -79.91376606633264       -36.45292766694911
1dma1msa1tma         -10.210896662858431     -33.58068001805805      -78.3826374484041        -37.62420852674404
1fa1msa2tma          -10.66058344396879      -45.64375157392351      -117.3341208454176       -51.87333775823936
1dma1ma1msa          -10.888077585725114     -34.674288231821265     -79.77934142571038       -39.03535167884547
2ma1sa               -10.901291615969967     -32.812727481883485     -73.49131600164696       -36.822560404776596
1ma1msa1nta          -11.066423284006305     -34.82897355710156      -79.69998414599362       -38.40215831337264
1dma1sa              -11.297878024051897     -21.708924423262943     -34.918820725015266      -24.362251673883293
2dma1msa             -11.615996945649385     -35.74218631198164      -80.91963564115224       -39.942829266772605
2msa1sa              -11.75601561163785      -37.29672954737907      -85.66397429385482       -39.89105460216524
1fa1ma1msa           -12.245052676764317     -35.96481836680323      -79.5564839504473        -39.73974512005225
3ma1sa               -12.682245994103141     -45.957559722766746     -111.605949115613        -51.86868767050328
4ma1sa               -12.734374903840944     -57.44074995344272      -149.94591665176142      -64.98704722704133
1msa2sa              -12.734751864569262     -38.72766364121344      -87.18065328418841       -41.12262670486234
1sa1tma              -12.753917488749721     -23.21918863907922      -35.10069143186939       -25.878214672673494
1ma1nta1sa           -13.624951806210447     -36.02183399803471      -75.11951095714825       -39.73046305438038
1ma1sa1tma           -13.866386733148829     -36.06771955930162      -74.46363517120486       -40.07679668057244
1dma1ma1sa           -14.173783669888508     -36.64425268332707      -75.36632236626141       -40.985019754676614
1fa1msa1tma          -14.259313868897152     -37.813772485475056     -79.00204130964934       -42.339364458748605
1msa3sa              -14.340695259859785     -51.5071090888232       -124.65676279981595      -55.21719250269234
1dma1sa1tma          -14.44225529594405      -36.53706427256111      -74.10635242924621       -40.57999319618102
1fa1ma1msa1tma       -14.81113479223859      -49.478249793406576     -116.27407345631875      -54.79244436271256
2dma1sa              -14.953874019382056     -37.22164734383114      -74.68647769374877       -41.376891955093015
3msa1sa              -15.258792595763225     -55.793580493016634     -135.95434478264872      -59.565314022416715
1dma1msa1nta         -15.338434218079783     -39.344027987797745     -80.51515602784903       -43.214073275157716
1fa1ma1sa            -15.404655558231752     -37.77617421199102      -75.03444123373461       -41.665955622156616
1fa2ma1msa           -15.417448429274373     -50.50797821203014      -117.69421359203848      -56.15855967911193
4dma1sa              -15.569766381406225     -63.49541333311936      -160.74340751902895      -70.70251488662325
1dma1fa1msa1tma      -15.639485966952634     -51.026548390393145     -118.6887889431395       -57.84048943518428
2ma2nta              -15.828867673990317     -50.85583888209658      -117.4810370888706       -56.984029810351785
2nta2tma             -15.869321277976269     -49.927330238046125     -114.23112178489386      -57.17732194706332
1dma1fa1msa          -16.004052212811075     -39.84481681941543      -79.96231630526819       -43.952089659520425
1sa2tma              -16.01991691076546      -38.07288858824177      -73.96602944049634       -39.62738748762058
1msa1nta1tma         -16.274842098660883     -39.81939434475498      -78.96881518181684       -43.96868373849429
4sa                  -16.414580546552315     -55.24362414772622      -130.23325038163384      -58.608607466099784
1ma2nta1tma          -16.441554569770233     -50.962691204971634     -115.78445961874908      -57.69473545992514
3dma1sa              -16.46834355010651      -50.89254661736777      -115.45934283806129      -56.34960746479919
2msa2sa              -17.10294443985913      -56.77088613179512      -133.04692836388483      -60.239026636234485
1fa1sa1tma           -17.802933480023057     -40.663791889790446     -76.67569481752976       -44.80968220671639
3msa2sa              -17.85776466608513      -71.370244400925        -179.48173648880612      -76.12309376208577
1dma1nta1sa          -17.865477745595854     -40.31896321545355      -75.3093592819503        -44.32952963421121
1ma2msa              -17.900861720903777     -43.329207895556465     -85.28709097658549       -47.287648528814316
2msa3sa              -18.040339421015233     -70.50553046748973      -175.96911301875113      -75.02345290896483
1fa2ma1sa            -18.10603348299628      -51.04852111573564      -110.48964491978977      -56.70619190658908
1nta1sa1tma          -18.311593764592544     -41.07790731592104      -76.35858980844034       -45.50665851274971
1dma1fa1ma1msa       -18.694815505761653     -53.48482280387543      -116.68625624003337      -59.66040051181335
1dma1fa1sa           -19.433806193934288     -41.74326130980626      -74.8262791075879        -45.85732222982915
2msa1tma             -19.507708359815297     -44.647439393156674     -84.31907104885671       -49.49004080117447
1fa1ma1sa1tma        -19.876890441184514     -55.17835749837104      -118.40170067827225      -59.5508911939105
1dma2nta1tma         -20.03136482667469      -54.76767282356741      -116.50614790210511      -61.76230049727019
1dma1ma2nta          -20.123356381140184     -54.99429647845682      -116.95770617894354      -61.279757561394945
1fa1sa2tma           -20.699527897144435     -55.28264050587313      -115.99232805282523      -60.69936279236572
1msa1nta2tma         -20.739548238605494     -57.07853492931463      -121.88155858011561      -65.11929018975934
1dma1fa1ma1sa        -21.257665709301364     -55.44084218516946      -114.65093568925434      -60.97184916288825
2dma1fa1msa          -21.60844330652617      -57.10629050899297      -119.0603629125437       -63.60922334785573
1dma2msa             -22.05995411449112      -47.50526087451726      -85.34397705810684       -51.72950641508214
1ma1msa1nta1tma      -22.64556943027128      -57.90705740934936      -118.26761019274474      -65.10454425716307
1dma1fa1sa1tma       -23.238695227671997     -58.75471964548342      -119.12132959245271      -63.413114650174975
2dma1fa1sa           -23.409487318538595     -58.706253446871415     -118.38593368606436      -65.14392531203339
2ma1msa1nta          -23.760702495579608     -59.052157724276185     -118.36812083990154      -65.45003630960127
2dma2nta             -23.957644469686784     -59.03561569354497      -117.65209197966861      -65.79230551049113
1ma1msa1sa           -24.27021480043186      -49.25538004830014      -83.800654864672         -53.28537167824106
3msa3sa              -24.508803442819044     -91.47774734674022      -224.61493846858338      -97.2758091557771
1ma2sa               -24.87980797479395      -48.82515563850757      -80.31308959768398       -52.994404098717496
1msa1sa1tma          -25.14571321652329      -49.94002287229523      -83.16052207243926       -54.80712495232001
2ma1nta1sa           -25.205542766547296     -59.65030883799773      -115.52831149278543      -66.08761031168979
2msa2tma             -26.512578181136632     -64.1121490180958       -126.10957852423829      -72.6154601391172
1nta1sa2tma          -26.715203206025762     -62.4796584250289       -119.95457058148894      -70.15120773058152
1dma1ma1msa1nta      -27.0836947261123       -63.22891512163915      -121.23166324176391      -70.17537156067556
1dma1msa1nta1tma     -27.13148874109902      -62.8809199880925       -119.90417993283361      -70.34049442317337
1ma1nta1sa1tma       -27.642395239221514     -63.31567904865369      -119.64878017624176      -70.55358781816904
1fa2msa2tma          -27.73973473571823      -76.08140841405839      -162.1387679968115       -85.69131384778302
2sa1tma              -27.867203050482203     -51.554451841453556     -79.44742173778381       -56.587992117682006
1ma2msa1tma          -27.874870157640544     -64.19090726115974      -121.80458528778435      -71.92391064058756
1dma1msa1sa          -28.393011835578363     -53.51224596030079      -84.25032408113002       -57.87980831012828
1dma3msa             -28.553870911709964     -67.93863429385237      -132.0971436579537       -74.14753286587074
1dma1ma1nta1sa       -28.92658354685409      -65.08139543852303      -121.26383327779125      -71.9253213632619
1dma2sa              -29.24971987551544      -53.28107247513253      -80.60155156612453       -57.72265641996637
2ma2msa              -29.384811039315537     -66.29082158219535      -123.78336589957301      -73.5051829519216
2dma1msa1nta         -31.001080308575183     -67.27133174380288      -121.65101940384179      -74.52608610090101
2msa1nta2tma         -31.674937026022235     -82.72629752912326      -171.2271021403541       -92.155792402511
1dma1nta1sa1tma      -32.986232527313405     -68.89921107259579      -120.452720260159        -76.23842908267397
2dma1nta1sa          -33.13687258696882      -69.23981695645489      -121.08986875657683      -76.41924474539701
1dma1ma2msa          -33.485583986504935     -70.4775302746566       -124.07159580125398      -78.12852099328302
2ma1msa1sa           -33.82631390768802      -70.60590439650696      -123.35935096032797      -77.38901134411572
1ma3sa               -34.08375497581437      -71.28405255521648      -124.77040945802204      -77.06046321056783
1dma2msa1sa          -34.56809620425338      -73.48898914450547      -130.54131457329004      -79.92061138508143
3sa1tma              -34.71048842529126      -71.97839502728311      -124.99717122951479      -78.57203948457027
1fa1ma2msa1tma       -34.710846948975814     -83.09785955614643      -162.29083550974082      -92.06735087611014
1ma2msa1nta1tma      -35.243960843843524     -85.74314052704722      -169.37507859443883      -93.87741185736377
1fa2ma2msa           -35.26463473646436      -83.39142753113993      -161.41805398149145      -92.1218436062336
1ma1msa1sa1tma       -35.32900504536519      -72.32124738255516      -124.07258875502536      -79.8025633682264
1dma1fa2msa1tma      -35.60505828571331      -85.21717044751858      -166.39983955024294      -94.83764200721635
2dma2msa             -36.14307752344757      -73.62751293659676      -125.72341242025772      -81.54825974779669
1fa1msa1sa2tma       -36.2348719703441       -84.40686253661988      -161.5696480507687       -94.11274519824656
2ma2sa               -36.40759087668266      -70.56661696417723      -114.56993489022129      -77.95710803323891
2ma2msa1nta          -36.81980595551431      -85.82166596251773      -164.35304379347548      -94.10950255399803
1dma3msa1sa          -37.07085768674733      -89.64977937430376      -176.35056745784044      -97.1540845358395
3ma2sa               -37.318112394423224     -83.69725477718748      -155.5564057781966       -92.45212596294004
1dma1ma1msa1sa       -38.2428732024855       -75.3690442306688       -124.52178778486459      -82.54962861846434
1dma2msa1nta1tma     -38.569548426850815     -89.29471392510459      -170.133038732174        -98.58244711032603
1ma2sa1tma           -38.66482786422421      -75.20499076350825      -122.55630689040358      -82.8293621687335
1dma1msa2sa          -38.880071146413684     -77.68635619815905      -130.15691783229965      -83.79566067201085
2dma1fa2msa          -39.052345678559504     -88.37501087784767      -165.42902968013948      -97.81119175162166
1dma1fa1ma2msa       -39.13395812001545      -88.28143848024774      -164.84145685151643      -97.22878655430395
1ma4sa               -39.233135213376954     -89.50092306244187      -168.59898658131834      -97.02686953032389
1dma1msa1sa1tma      -39.42314785056806      -76.79845478571951      -125.35739371173925      -84.77471769123804
1dma3sa              -39.58051732718013      -76.97210375545546      -125.41199539942312      -82.92598205828108
1msa1nta1sa2tma      -39.69414291330031      -89.4906388844247       -167.0182658772481       -98.86912211304298
1dma1ma2msa1nta      -39.8556372851599       -90.11881382780848      -168.5835201828199       -99.09238829667447
2ma1msa1nta1sa       -40.176595984667074     -88.56308550643735      -162.28908107317005      -96.74288263334893
2ma2sa1tma           -40.24857627491292      -87.62332573026652      -158.89568826261998      -96.93139880843228
1fa1ma1msa1sa1tma    -40.27583935741859      -89.11017306661233      -163.79115783683056      -98.08600399154238
1dma1ma2sa           -40.46701621450484      -76.17952739156317      -119.78034941170293      -83.41581033437978
1fa2ma1msa1sa        -40.99285037728259      -89.30955742881633      -162.05502952041945      -97.66282909823349
4ma2sa               -41.16195423726458      -99.47256493533496      -195.5747465984354       -109.9722925806418
2sa2tma              -41.32529512330075      -77.92448980594054      -122.75430046172369      -86.23306756513193
1ma2sa2tma           -41.414725205657305     -89.35315323458053      -160.78627546216921      -98.69374547689222
2dma2msa1nta         -41.59767027874477      -92.12429095973494      -169.46711615236407      -101.19335785269504
1ma1msa1nta1sa1tma   -41.7873971642839       -91.43256744835526      -166.5107170345733       -100.19146156834904
2ma1nta2sa           -41.90025266085286      -89.4797367079882       -159.5823714465852       -97.8400479160482
2dma1msa1sa          -41.99699347774731      -79.42684612295125      -125.54034091933761      -87.09260631346842
3dma1msa1sa          -42.22395015711663      -91.38623272138648      -164.89110368668923      -100.47396488598315
2dma3msa             -42.53076758608222      -93.52261461527087      -171.027492970517        -102.80945368832909
1dma2msa2sa          -42.70302596769761      -93.60070746974088      -170.71166024525567      -100.621194950887
1dma1fa1msa1sa1tma   -42.8817394196667       -92.34380173729733      -165.89656990608955      -101.80508005281445
1fa2sa2tma           -43.03445990898763      -91.8942437581718       -163.87651802549425      -101.89114671270363
1dma2sa1tma          -43.057946156783146     -78.55098993709544      -119.0442521568235       -86.4197514942498
1dma1fa1ma1msa1sa    -43.21065237169387      -91.96679979062174      -163.52891973359857      -100.8384224139736
1dma1msa3sa          -43.21528329397552      -95.19099030410871      -174.3273755161507       -101.96360212797299
1fa2ma2sa            -43.31175708048977      -90.56137258629315      -158.47598693897677      -99.07022122631315
1fa1ma2sa1tma        -43.69680140815035      -91.06525555584813      -158.87457369697074      -100.2007420672453
1nta2sa2tma          -43.93884421538678      -92.93407384096645      -164.3308053850227       -101.82331201108173
1dma4sa              -44.207922271918505     -95.12460229243152      -170.7753815884792       -103.01641210843809
1dma1ma1msa1nta1sa   -44.6993411485455       -93.34103951184079      -163.14505572130108      -101.94810929906089
2dma2sa              -45.0001239272533       -81.18295927008148      -121.35782439331729      -88.78650164895225
1dma1msa1nta1sa1tma  -45.051832748707966     -95.08321658219211      -167.80608362805816      -104.14760682976339
1ma1nta2sa1tma       -45.19486398676236      -93.94410155556398      -163.50574398421406      -103.00728340161731
2dma1fa1msa1sa       -45.27535489090951      -94.34611097234301      -164.5841223600558       -103.27675786375767
1dma1ma1nta2sa       -46.66046847647522      -94.42642649624031      -160.20780821536547      -103.11448078078683
1ma3sa1tma           -46.8258127085428       -94.35025101102656      -159.39774711609255      -103.54149528156267
1dma1fa2sa1tma       -46.99571928982914      -95.37670611467911      -162.27062493635918      -104.64685783494497
1dma1nta2sa1tma      -47.111149445714545     -95.76897736062529      -163.19915450237602      -104.92511102202116
1dma1fa1ma2sa        -47.512699365848675     -95.3171923343325       -160.3370550680474       -104.32402132276911
2dma1msa1nta1sa      -47.84984273993177      -97.31282792333513      -165.89966521410787      -106.29020294046495
2dma1fa2sa           -49.12639092979953      -97.10428846511059      -160.91865683551305      -106.37021867686417
2dma1nta2sa          -50.013238089275546     -98.31888318120036      -162.01792752715443      -107.43518140155356
3dma2sa              -50.782568219001405     -99.83466183091514      -164.52152812979185      -108.79781576490495
2ma3sa               -50.79367804294452      -99.68423455627635      -163.97973004405668      -108.45217460975982
2dma2msa1sa          -50.97175582993077      -101.35605034109903     -168.98975184036095      -110.6634790043463
4dma2sa              -52.07425733178388      -113.73033600463532     -206.7955011674664       -124.09372026042547
2dma1msa2sa          -54.66185738379136      -104.50707724213134     -167.18168659729918      -113.16512724407949
2dma3msa1sa          -57.64466655655997      -122.82112666853936     -218.60291837134105      -133.49114689073758
2dma3sa              -58.94829477160238      -108.67145489016548     -166.77229622271187      -118.18793981242925
2ma4sa               -59.908974072895944     -122.78569186921231     -210.88954484704072      -133.370151035022
2dma2msa2sa          -62.32442492072005      -127.16333101061173     -217.47075663113637      -137.69348125800025
2ma3sa1tma           -65.75458741323382      -127.53588803618914     -207.2154976472728       -139.84428007650422
3ma3sa               -66.14377916767262      -127.11399536626413     -204.49510715498673      -138.58557622949593
2dma1msa3sa          -66.49962058314122      -130.17832744144835     -213.5794293425638       -140.97648016177118
1ma3sa2tma           -66.85766651495942      -129.28392251429614     -209.37868857919935      -142.198890534346
3dma2msa1sa          -66.92798362515168      -130.4241495062015      -212.96718390467151      -142.82123809756013
3sa3tma              -67.00510520406533      -130.10537108994322     -211.63932881519207      -143.62434768181993
2dma4sa              -67.36976415640675      -131.80112246028148     -216.10383466144583      -141.52042024652474
1dma1ma3sa1tma       -70.95287643205666      -132.90004356316058     -207.7718166396454       -145.73926102282712
2ma3sa2tma           -72.35592989824363      -147.08459480421152     -250.64117023702124      -162.50421070854645
3dma1msa2sa          -72.60068583139218      -136.19026023254264     -213.28047761781403      -148.8062358822208
1ma3sa3tma           -73.13614845147822      -147.53103933675447     -249.52168668759535      -163.0760472600232
4ma3sa               -73.61837207223289      -147.94839667575434     -249.30412411054095      -161.66150184255093
3dma3sa              -76.27815849636681      -139.39902219036594     -211.70841420206153      -151.45323887793347
3dma3msa1sa          -77.26321537519107      -154.9441778860637      -260.5432249240998       -168.64686836098554
3ma4sa               -77.6426419748459       -153.26835326268338     -253.64987854538938      -166.59053579741158
3dma2msa2sa          -82.12818430073094      -159.98039476014674     -261.1175933557889       -174.04069449484814
2ma4sa1tma           -83.25899448846758      -158.40147964697098     -252.0291301638036       -172.33904660126427
4dma3sa              -84.81597636756487      -160.33031943556853     -253.27634770359597      -174.74664604431018
1ma4sa2tma           -84.95454238462844      -161.50852525176015     -256.76331667649947      -175.4069524529623
3dma1msa3sa          -86.16711544361897      -163.6865131140221      -260.0013337948088       -177.21932101529092
3dma4sa              -86.20329894428141      -162.88694880483672     -257.19822190537514      -176.33860235614702
4dma3msa1sa          -89.30835761857452      -179.30533794668736     -301.8513510913433       -196.74032381089637
4ma4sa               -94.74446682538837      -181.95737285143696     -292.51352012771633      -197.90843664412387
4dma2msa2sa          -98.04641148878727      -187.78517554397695     -300.98528946863144      -205.0148546533892
1ma4sa3tma           -99.71240042650606      -189.1999877738417      -300.14283866133485      -207.41504039702704
2ma4sa2tma           -100.46031986168236     -188.56072679150384     -295.4902127435772       -206.1665855172323
4dma4sa              -102.84120178106241     -191.50689828465693     -297.3862032662708       -208.6264752408024
4dma1msa3sa          -103.54426825256087     -192.94183036568575     -299.8408925499117       -210.22401136578992
