#CLUSTER             dG_298.15K_[Eh]      dH_298.15K_[Eh]      dS_298.15K_[Eh/K]       dE_[Eh]
1ma                  -95.66400581007355   -95.63671607758468   9.153021126570281e-05   -95.705547647915
1dma                 -134.86973225698588  -134.8389596479192   0.00010321183654763125  -134.937232454333
1tma                 -174.07893034174546  -174.04642055011018  0.00010903837543289424  -174.17365999408
1fa                  -189.50529263456275  -189.47711119107146  9.452102462281888e-05   -189.515467539311
2ma                  -191.3184797648344   -191.2773149187212   0.00013806757039470222  -191.417307856724
1dma1ma              -230.5243250017502   -230.48085069396117  0.0001458135428106735   -230.650276934616
2dma                 -269.7307231670866   -269.6845754717226   0.00015478012867332233  -269.88345349833
1ma1tma              -269.73446719964437  -269.6889879628255   0.00015253810772730027  -269.887417092697
1nta                 -280.53813419217414  -280.5079943567346   0.00010108950340291773  -280.539503681077
1fa1ma               -285.171429430965    -285.1321409857125   0.00013177409106977173  -285.241769065607
3ma                  -286.97529243262204  -286.92503850107425  0.00016855251231854797  -287.136626954809
1dma1tma             -308.9414960723713   -308.89226717850437  0.00016511451909076666  -309.120030090948
1dma1fa              -324.3779962198482   -324.3356535966028   0.00014201785425268617  -324.47456193889
2tma                 -348.1480344588452   -348.09812382933166  0.0001674010716533646   -348.354814869608
1fa1tma              -363.5892034834942   -363.54479217901655  0.0001489562451036732   -363.712431082435
1ma1nta              -376.2077428878825   -376.16727032247417  0.00013574564953328685  -376.269635577823
2fa                  -379.01580020776726  -378.97732609515197  0.0001290428060215753   -379.056328964451
1fa2ma               -380.83108311948143  -380.7809570844004   0.00016812354546727625  -380.96125522018
4ma                  -382.6309017044945   -382.57115136158404  0.0002004036320994082   -382.853995368843
3dma                 -404.59397877209085  -404.53473114999565  0.00019871749822265362  -404.834318827109
1dma1nta             -415.4150776878878   -415.3715436517714   0.00014601387260263803  -415.502757115428
1dma1fa1ma           -420.0382615599835   -419.98576457976486  0.00017607573442407772  -420.194935222709
1nta1tma             -454.62488794269086  -454.57939073759906  0.00015259837360987775  -454.740602538055
2dma1fa              -459.2430316158552   -459.1876810377589   0.00018564674860427702  -459.426367217389
1fa1ma1tma           -459.2454304063052   -459.1912122217276   0.00018184868213179614  -459.429775661095
1fa1nta              -470.04522031874734  -470.00466052562325  0.00013603821272534526  -470.076745589582
2ma1nta              -471.8681262552364   -471.81859222094516  0.00016613796508911028  -471.99319391547
2fa1ma               -474.67836295024915  -474.6291795089261   0.00016496207051181386  -474.778104758536
1dma1fa1tma          -498.4532352019576   -498.3958264794957   0.0001925497986315044   -498.663384665045
1dma1ma1nta          -511.0789464496062   -511.0262283176711   0.00017681748091609252  -511.23090507805
1dma2fa              -513.8868240207278   -513.8354068881652   0.00017245390763903878  -514.015045084603
1fa2tma              -537.6586423978787   -537.5989217552691   0.0002003040168024894   -537.895578635799
4dma                 -539.4582857822139   -539.3860061560887   0.00024242705391725716  -539.786035185481
1ma1nta1tma          -550.2838413597586   -550.2277732091842   0.00018805349848875509  -550.46014786966
2dma1nta             -550.2852271232427   -550.229452564226    0.0001870687875793945   -550.463431845042
2fa1tma              -553.0935091479431   -553.0398319860243   0.00018003408324327236  -553.248782210143
2nta                 -561.0728319045207   -561.0300223917478   0.00014358380940048625  -561.095226876179
2fa2ma               -570.3397687574186   -570.2818970721139   0.0001941025836137029   -570.503620618256
1dma1nta1tma         -589.4949829219441   -589.4366586021193   0.00019562072723326742  -589.699321273768
1dma2fa1ma           -609.5487715403773   -609.4866308952027   0.0002084207451767903   -609.734800726917
1nta2tma             -628.6985768643522   -628.6378729450169   0.00020360194309972297  -628.929730295027
2fa1ma1tma           -648.7554587103627   -648.6925353529898   0.0002110459747545073   -648.972362970347
2dma2fa              -648.7614788340195   -648.6973760351832   0.00021500184080679133  -648.978632575227
1ma2nta              -656.7464979656141   -656.6954356282669   0.00017126391865642887  -656.832556616587
1msa                 -663.529616284852    -663.4936519460118   0.00012062498353195923  -663.562711534898
1dma2fa1tma          -687.9611378474236   -687.8945436167108   0.00022335814426636185  -688.203700173849
1dma2nta             -695.9587446134786   -695.9043709730728   0.0001823700835349447   -696.07126864193
1sa                  -699.4484905830732   -699.4146817006315   0.0001133955473477488   -699.460058420152
2fa2tma              -727.1661972811223   -727.0974650137803   0.00023052915425798815  -727.436428437595
2nta1tma             -735.1692246623852   -735.1122605085643   0.0001910587081034723   -735.308634581871
2ma2nta              -752.4294904102637   -752.3704537477295   0.00019800993638908232  -752.580912512522
1ma1msa              -759.199659130152    -759.1550322608812   0.0001496792529621486   -759.296665946986
1dma1ma2nta          -791.6420606762262   -791.5792924837643   0.0002105255490925746   -791.819443114773
1ma1sa               -795.1240914150928   -795.0796652664076   0.00014900603282006758  -795.19755689535
1dma1msa             -798.4091658889962   -798.361950000024    0.0001583628675908005   -798.532553801256
1ma2nta1tma          -830.8453913757918   -830.7803285477099   0.00021822179467277683  -831.050157499202
2dma2nta             -830.8538975582549   -830.7879764183381   0.00022110058667427126  -831.058319245568
1dma1sa              -834.3362273404742   -834.288237078648    0.00016096012687028972  -834.436114994328
1fa1msa              -853.0412148294698   -852.9962262627315   0.00015089239221272017  -853.105739828805
2ma1msa              -854.869273653303    -854.8166880776198   0.00017637288506913937  -855.029916134457
1dma2nta1tma         -870.0568386535768   -869.9886358504644   0.0002287533225300085   -870.288324497273
1sa1tma              -873.5477457957575   -873.4981047648955   0.00016649683334542218  -873.674958399814
1fa1sa               -888.9618818017436   -888.9179768568049   0.00014725790688915685  -889.003754380351
2ma1sa               -890.7938746063156   -890.740404713613    0.0001793388988854221   -890.929834712028
1dma1ma1msa          -894.0807057419564   -894.0245851915048   0.00018822924853823596  -894.267699024214
2nta2tma             -909.2594040313235   -909.18838309617     0.00023820538371111907  -909.517445333227
1dma1ma1sa           -930.004816200139    -929.9487543166956   0.00018803247842805063  -930.168152935372
1ma1msa1tma          -933.2842193219927   -933.2252754635707   0.00019769866987169742  -933.498061025257
2dma1msa             -933.28759225924     -933.2285306289957   0.00019809367849779093  -933.500830050426
1msa1nta             -944.0692895498663   -944.0219169024082   0.0001588886381284167   -944.124548280526
1fa1ma1msa           -948.7184187177628   -948.6647848791241   0.0001798887762496536   -948.847057652249
2dma1sa              -969.2117858580443   -969.1519180791672   0.0002007975142619273   -969.40046228362
1ma1sa1tma           -969.2135244116442   -969.1552964453923   0.00019529755576660636  -969.40313311459
1dma1msa1tma         -972.4945511510671   -972.432546916111    0.00020796322306230666  -972.733562594707
1nta1sa              -979.9886826454555   -979.9423919760189   0.00015525966606220318  -980.021343367225
1fa1ma1sa            -984.6423282156268   -984.5887012428041   0.00017986574818893052  -984.747474180998
3ma1sa               -986.4607185320632   -986.3980685851919   0.00021012895143788759  -986.65936009008
1dma1fa1msa          -987.930135618608    -987.8732117300466   0.0001909236577618242   -988.085455373523
1dma1sa1tma          -1008.4201686180589  -1008.3582880175362  0.00020754855114082945  -1008.635619871257
1msa2tma             -1011.697170192178   -1011.6326638170865  0.00021635544219815353  -1011.96326585424
1dma1fa1sa           -1023.8544756340946  -1023.7972668797486  0.0001918791022836507   -1023.985838471465
1fa1msa1tma          -1027.1365532571483  -1027.0774359236736  0.00019828050804897505  -1027.319312845556
1ma1msa1nta          -1039.7493845567215  -1039.6938605077985  0.00018622857260710443  -1039.868960772879
1fa2ma1msa           -1044.3874800693625  -1044.3246771505742  0.0002106420217627501   -1044.578770569314
1sa2tma              -1047.631880892575   -1047.5681964368157  0.00021359871124981546  -1047.870529321515
1fa1sa1tma           -1063.0610747309386  -1063.0030075201719  0.00019475837922762915  -1063.22059647334
1ma1nta1sa           -1075.6723361717397  -1075.6167912261442  0.00018629866039145728  -1075.768424468317
1dma1msa1nta         -1078.9619190017027  -1078.9032993952817  0.00019661112333036322  -1079.108313980298
1fa2ma1sa            -1080.3106389447948  -1080.2465683240298  0.00021489391502596658  -1080.476990171077
4ma1sa               -1082.1248073706347  -1082.0530844343548  0.00024055990702638255  -1082.385813343044
1dma1fa1ma1msa       -1083.598429432109   -1083.5316647193565  0.0002239299438290312   -1083.816036019178
3dma1sa              -1104.0839316007518  -1104.0126639165924  0.00023903298393272685  -1104.361555525088
1dma1nta1sa          -1114.8848204416706  -1114.8258828241112  0.00019767773791546983  -1115.007438476749
1msa1nta1tma         -1118.1726093628029  -1118.1115178497982  0.00020490193863507313  -1118.345944080771
1dma1fa1ma1sa        -1119.5213879342361  -1119.4558116214341  0.00021994403086427795  -1119.71547285245
1fa1ma1msa1tma       -1122.8014384138467  -1122.732740675164   0.00023041334456788635  -1123.044705896971
2dma1fa1msa          -1122.8087991334423  -1122.7396795710574  0.0002318281481975237   -1123.054013787554
2ma1msa1nta          -1135.4336201520443  -1135.3691790390783  0.0002161365519584189   -1135.617612355476
1nta1sa1tma          -1154.0947294648943  -1154.03455319319    0.00020183220427440218  -1154.245741910123
1fa1ma1sa1tma        -1158.7283855908413  -1158.6628542233352  0.00021979328360267325  -1158.949635928172
2dma1fa1sa           -1158.7305436076022  -1158.6632590552208  0.00022567349448683027  -1158.953806401297
1dma1fa1msa1tma      -1162.008484981066   -1161.9374516875077  0.00023824683400384394  -1162.281248169798
2ma1nta1sa           -1171.354796973554   -1171.2911620180073  0.00021343268672305827  -1171.515975290059
1dma1ma1msa1nta      -1174.644642223852   -1174.578078810361   0.00022325478279793692  -1174.85682758792
1dma1fa1sa1tma       -1197.9394695150322  -1197.8707971940125  0.0002303280933074428   -1198.187475690228
1fa1msa2tma          -1201.2097485977465  -1201.1363344684523  0.0002462321961899069   -1201.508166349945
1dma1ma1nta1sa       -1210.5664533826473  -1210.5020607107342  0.00021597407986914145  -1210.756963224467
1ma1msa1nta1tma      -1213.8467676327905  -1213.7770587049513  0.00023380488961677022  -1214.085174166614
2dma1msa1nta         -1213.8566115315327  -1213.7867644937821  0.00023426811252906903  -1214.095445818101
1fa1sa2tma           -1237.144621137336   -1237.0727249288088  0.00024114106499004297  -1237.419578546495
4dma1sa              -1238.9522318690958  -1238.871707718238   0.00027007932536564523  -1239.321661029306
1ma1nta1sa1tma       -1249.7736049619596  -1249.7067077357167  0.00022437439625275823  -1249.991204745111
2dma1nta1sa          -1249.7788894665148  -1249.7109312616315  0.0002279329360492185   -1249.995809674819
1dma1msa1nta1tma     -1253.0596429659854  -1252.9872287573025  0.00024287844602727919  -1253.325203124116
1dma1nta1sa1tma      -1288.987847488582   -1288.9178493681964  0.00023477484617002593  -1289.231949063493
1msa1nta2tma         -1292.258654740078   -1292.1854428749223  0.000245553798946448    -1292.553310059446
2msa                 -1327.0681549633878  -1327.0177689056018  0.0001689956658935432   -1327.158200426197
1nta1sa2tma          -1328.1870519488948  -1328.115079956512   0.00024139524528969428  -1328.458675898459
1msa1sa              -1362.9904241773463  -1362.9417518999023  0.00016324761846070029  -1363.058596979398
2sa                  -1398.906055856101   -1398.8567371663416  0.00016541569599068533  -1398.949446903033
1ma2msa              -1422.7517654680028  -1422.693070124316   0.00019686514736458685  -1422.906329112583
1ma1msa1sa           -1458.68079008117    -1458.623543932833   0.00019200452234448794  -1458.813234076682
1dma2msa             -1461.964119963979   -1461.9019687730247  0.00020845611589673905  -1462.14509259043
1ma2sa               -1494.600635837973   -1494.543888074141   0.00019033293252433955  -1494.710117270799
1dma1msa1sa          -1497.8930867362142  -1497.8325713664767  0.0002029695446501892   -1498.052240706746
2msa1tma             -1501.1692507442722  -1501.1048753998075  0.00021591596332275824  -1501.377951277735
2ma2msa              -1518.4340722599684  -1518.3663781943221  0.00022704700870677683  -1518.653657444816
1dma2sa              -1533.813326299685   -1533.7532327188972  0.0002015548575827248   -1533.949337151938
1msa1sa1tma          -1537.0971098678356  -1537.0343395100863  0.00021053281150120018  -1537.283771563357
2ma1msa1sa           -1554.3600246165709  -1554.2942845420646  0.00022049329031076034  -1554.557193668435
1dma1ma2msa          -1557.6463338170322  -1557.5752938241665  0.00023826930359089932  -1557.892710132683
2sa1tma              -1573.0203211809142  -1572.957942047576   0.0002092206383972546   -1573.183956470366
2ma2sa               -1590.2830124839209  -1590.2152516875296  0.0002272708247228764   -1590.45544588273
1dma1ma1msa1sa       -1593.5727894164042  -1593.5041187828824  0.00023032243341257155  -1593.797102574094
1ma2msa1tma          -1596.8465905679195  -1596.7727362515238  0.00024770859096257534  -1597.119249894439
2dma2msa             -1596.8562953382234  -1596.7825573088726  0.0002473185623025688   -1597.129844743207
1dma1ma2sa           -1629.4952081486952  -1629.426440137958   0.0002306490381925663   -1629.695829822017
1ma1msa1sa1tma       -1632.7773439087712  -1632.7067226615243  0.00023686482390306867  -1633.029152341543
2dma1msa1sa          -1632.7844985415722  -1632.712828984545   0.00024038087213538157  -1633.036027198276
1ma2sa1tma           -1668.7015342338782  -1668.6323480011547  0.00023205176160810142  -1668.931322787482
2dma2sa              -1668.7081586821712  -1668.636657312474   0.00023981676906674243  -1668.936073505422
1dma1msa1sa1tma      -1671.9895948999224  -1671.916101235308   0.000246498958961608    -1672.268760909273
2msa2tma             -1675.2593441718059  -1675.1823152591878  0.0002583562388654821   -1675.588464353534
3ma2sa               -1685.9484692722995  -1685.8728929386148  0.00025348426525275515  -1686.184093003091
1dma2sa1tma          -1707.9142616777112  -1707.8399238612787  0.00024933025803271225  -1708.168729349807
1fa2ma2msa           -1707.9487251851635  -1707.8707327493482  0.0002615879115063881   -1708.19879383647
1fa2ma1msa1sa        -1743.8767280702455  -1743.8011937415836  0.0002533433797147813   -1744.104970935272
2sa2tma              -1747.1206985788058  -1747.0463863616592  0.00024924439760689595  -1747.404859386707
1dma1fa1ma2msa       -1747.1606179000648  -1747.0807691742432  0.000267813938694031    -1747.438617205763
2ma2sa1tma           -1764.3680638886703  -1764.2888541136886  0.000265670887076154    -1764.659343645833
3dma1msa1sa          -1767.6545924807801  -1767.570847324771   0.0002808826295800418   -1767.994584424877
1fa2ma2sa            -1779.7992978196492  -1779.7242184112195  0.00025181756977848155  -1780.004560665784
4ma2sa               -1781.6186006523938  -1781.5347487868332  0.00028124053516789013  -1781.917561054488
1dma1fa1ma1msa1sa    -1783.0859888911334  -1783.007671986538   0.0002626761851279401   -1783.34171647126
1fa1ma2msa1tma       -1786.362767235781   -1786.2799694323828  0.0002777051933524068   -1786.666819389331
2dma1fa2msa          -1786.3662143329962  -1786.283161908906   0.00027855919533779114  -1786.671230190801
2ma2msa1nta          -1798.9840476576553  -1798.9054913520338  0.00026347914010171235  -1799.225996128187
3dma2sa              -1803.5871059457652  -1803.50534064707    0.0002742421556109879   -1803.905196347715
1dma1fa1ma2sa        -1819.011719008361   -1818.9340409866172  0.0002605333615424761   -1819.244618069254
1fa1ma1msa1sa1tma    -1822.2905100054015  -1822.2105805173076  0.0002680848166833067   -1822.573757707798
2dma1fa1msa1sa       -1822.29500572996    -1822.2137073153945  0.0002726762185650635   -1822.577287099931
1dma1fa2msa1tma      -1825.5699187589319  -1825.485590420128   0.0002828386342568333   -1825.902919028511
2ma1msa1nta1sa       -1834.9082713964833  -1834.830889881853   0.00025953887181041305  -1835.127539615018
1dma1ma2msa1nta      -1838.1946121047172  -1838.1145829797183  0.0002684190004992053   -1838.465621797699
1ma2sa2tma           -1842.7848468611926  -1842.7013153159353  0.00028016617560692184  -1843.130264546443
1fa1ma2sa1tma        -1858.2148360099106  -1858.1347259263373  0.00026869053688856337  -1858.474474677459
2dma1fa2sa           -1858.220017108066   -1858.1391325509805  0.000271288133776054    -1858.479563779645
1dma1fa1msa1sa1tma   -1861.5003893063088  -1861.4179773017888  0.00027641121757556293  -1861.811369347606
1fa2msa2tma          -1864.766582523457   -1864.678492408603   0.0002954556929538445   -1865.124770816175
2ma1nta2sa           -1870.8298925448014  -1870.753380428216   0.00025662289648070827  -1871.026634962483
1dma1ma1msa1nta1sa   -1874.1212054160162  -1874.0407477307988  0.0002698563985158176   -1874.367519611
1ma2msa1nta1tma      -1877.396460939447   -1877.315070730704   0.00027298409774734634  -1877.693738657753
2dma2msa1nta         -1877.4031147316189  -1877.3200225599496  0.000278692509372961    -1877.70065479405
1dma1fa2sa1tma       -1897.4258197164056  -1897.3438403470502  0.00027496015212381174  -1897.713244940742
1fa1msa1sa2tma       -1900.698994824261   -1900.6127897557642  0.00028913321649101035  -1901.035538244997
1dma1ma1nta2sa       -1910.0432050018105  -1909.9635071775222  0.00026730781247246     -1910.266725246701
1ma1msa1nta1sa1tma   -1913.3257629747795  -1913.2451672577872  0.00027031935935719514  -1913.601147725516
2dma1msa1nta1sa      -1913.3319526036573  -1913.249320859841   0.0002771482267868309   -1913.606124102763
1dma2msa1nta1tma     -1916.6074871472551  -1916.5229741975877  0.0002834578221289307   -1916.932921539757
1fa2sa2tma           -1936.6287050673918  -1936.5457515349663  0.0002782275110702775   -1936.945280929975
4dma2sa              -1938.4588966616154  -1938.366444689795   0.00031008543290444106  -1938.866804628929
1ma1nta2sa1tma       -1949.2500674730516  -1949.1701994380644  0.00026787870195230405  -1949.502981954788
2dma1nta2sa          -1949.254274527387   -1949.171953882107   0.0002761047971825945   -1949.505295646164
1dma1msa1nta1sa1tma  -1952.5366917296692  -1952.453228613535   0.0002799366632025435   -1952.83913716304
2msa1nta2tma         -1955.8056978560166  -1955.7199675539723  0.00028754084200602944  -1956.159107447659
1dma1nta2sa1tma      -1988.4588477917973  -1988.375351208792   0.00028004891164084823  -1988.737723092876
3msa                 -1990.601486920451   -1990.536068786198   0.0002194134974099932   -1990.747504085521
1msa1nta1sa2tma      -1991.7373517041162  -1991.6517770839166  0.0002870186825409837   -1992.067152815168
2msa1sa              -2026.5264577494431  -2026.4614223276944  0.00021812987338070037  -2026.649052587779
1nta2sa2tma          -2027.6629904342242  -2027.5782943580482  0.00028407203144660613  -2027.969207550262
1msa2sa              -2062.446891779256   -2062.38473244447    0.00020848343044061214  -2062.548362128355
3sa                  -2098.361519713704   -2098.2980630670845  0.0002128346356523086   -2098.438267297732
1dma3msa             -2125.5040850707446  -2125.428183708248   0.0002545744172298134   -2125.743529893094
1dma2msa1sa          -2161.432543745921   -2161.358058607593   0.0002498243780917743   -2161.650076859494
1ma3sa               -2194.0637939955454  -2193.994360674444   0.0002328805000849988   -2194.208527793031
1dma1msa2sa          -2197.3582896845046  -2197.285777361395   0.00024320752342668072  -2197.553599092574
1dma3sa              -2233.2782802262827  -2233.2056688705516  0.00024353968046652907  -2233.44956004244
2dma3msa             -2260.3960911601653  -2260.3079144446265  0.000295746153072646    -2260.7264384969
3sa1tma              -2272.4797173459124  -2272.40517170923    0.00025002729056564814  -2272.679049061457
2ma3sa               -2289.7544289927127  -2289.676335744153   0.0002619260391099296   -2289.964101786203
2dma2msa1sa          -2296.3284171681694  -2296.241427702474   0.00029176409758646573  -2296.636301697321
2dma1msa2sa          -2332.2531720782026  -2332.1674789899007  0.0002874160265002098   -2332.537635253937
1ma3sa1tma           -2368.16303030831    -2368.077539930817   0.000286736131119746    -2368.424388433277
2dma3sa              -2368.1788773196827  -2368.095145171196   0.00028083900213648046  -2368.442986583103
3ma3sa               -2385.44289695332    -2385.3567643333017  0.00028889022310564874  -2385.717670514413
3dma2msa1sa          -2431.223577555053   -2431.126710792935   0.0003248927121187273   -2431.624781331497
2ma3sa1tma           -2463.8572013071184  -2463.767141187212   0.00030206312227296035  -2464.187788800818
3dma1msa2sa          -2467.151491972933   -2467.056929524701   0.00031716400547183776  -2467.531666016227
4ma3sa               -2481.1188143632207  -2481.0266824396313  0.00030901198587848257  -2481.459992322677
1dma1ma3sa1tma       -2503.0712118854167  -2502.9779332173835  0.0003128581855889602   -2503.428868001554
3dma3sa              -2503.076226757343   -2502.983072819746   0.00031243983765407736  -2503.433231212781
1ma3sa2tma           -2542.2738837704337  -2542.1796314044177  0.00031612398462189755  -2542.659653543592
3sa3tma              -2620.689043308101   -2620.5906449977633  0.00033002955001756727  -2621.130037571038
2ma3sa2tma           -2637.946651666274   -2637.844714905941   0.00034189756945411973  -2638.397560065493
4dma3sa              -2637.9595650335373  -2637.855388957188   0.0003494082721756873   -2638.40758445724
4msa                 -2654.131648850194   -2654.0523911966734  0.0002658314724847403   -2654.334736171277
3msa1sa              -2690.0616561223233  -2689.9845511860804  0.000258611223354264    -2690.243117374247
1ma3sa3tma           -2716.3628196132468  -2716.2551308861384  0.00036118976054786355  -2716.866583747895
2msa2sa              -2725.9834692938953  -2725.9071383924397  0.0002560150979570361   -2726.141537899968
1msa3sa              -2761.8979416224365  -2761.819779697852   0.0002621563796244836   -2762.030881900561
4sa                  -2797.82012090133    -2797.746764029675   0.0002460401531272103   -2797.933633405336
1dma3msa1sa          -2824.9661484762187  -2824.877464677856   0.0002974469171978895   -2825.240251965324
1dma2msa2sa          -2860.8939982985107  -2860.804790702128   0.00029920374436634     -2861.143124099725
1ma4sa               -2893.5204907230313  -2893.4380731056176  0.00027643004331277316  -2893.700405035276
1dma1msa3sa          -2896.813688939166   -2896.728354759905   0.0002862122396806323   -2897.042610269057
1dma4sa              -2932.7341451246098  -2932.6492787174025  0.0002846433245260767   -2932.941634931119
2dma3msa1sa          -2959.868667522861   -2959.769286777898   0.00033332465189501076  -2960.235391811901
2ma4sa               -2989.2174458745126  -2989.1278323401925  0.0003005652668815424   -2989.463869939098
2dma2msa2sa          -2995.7949995676813  -2995.6972363469918  0.0003278994489020435   -2996.139435612337
2dma1msa3sa          -3031.720527532359   -3031.623070853829   0.000326871301458401    -3032.042014343341
2dma4sa              -3067.640788506936   -3067.546686723605   0.00031561892782388027  -3067.940228061239
3ma4sa               -3084.9097123297524  -3084.813126086294   0.00032395184792170816  -3085.222358138836
3dma3msa1sa          -3094.7696642500064  -3094.659438294569   0.00036969966606448804  -3095.228649052522
3dma2msa2sa          -3130.696291449689   -3130.5884938544423  0.000361554906078337    -3131.13459163554
2ma4sa1tma           -3163.33358722627    -3163.231010846484   0.00034404286361415493  -3163.699631461882
3dma1msa3sa          -3166.6216022607923  -3166.515429745533   0.0003561043610882406   -3167.037004036848
4ma4sa               -3180.6009718686087  -3180.4955614527466  0.0003535482671873832   -3180.977814506192
3dma4sa              -3202.540534221687   -3202.435185300174   0.0003533420141281991   -3202.9329473931
4dma3msa1sa          -3229.658591861028   -3229.537220322717   0.00040708213419914996  -3230.210651739746
1ma4sa2tma           -3241.751213858449   -3241.645666808119   0.00035400654143844543  -3242.172632924948
4dma2msa2sa          -3265.5913912781257  -3265.4717636981436  0.0004012328693013108   -3266.121185065292
4dma1msa3sa          -3301.519027059182   -3301.4010111900834  0.0003958271645075794   -3302.026833355818
4dma4sa              -3337.4367809381047  -3337.319754211284   0.0003925095650534578   -3337.921634378941
2ma4sa2tma           -3337.439929907675   -3337.3254937120646  0.00038382088080211077  -3337.927199626785
3msa2sa              -3389.514288473755   -3389.4240561368124  0.0003026407410477205   -3389.729562568231
1ma4sa3tma           -3415.8536625866277  -3415.736216968003   0.0003939145350487263   -3416.397301580252
2msa3sa              -3425.4334537263703  -3425.343707867848   0.0003010090844279982   -3425.625157046161
3msa3sa              -4088.9733782711373  -4088.870781513643   0.0003441112107786655   -4089.223330333826
