1mf1ml           4.738777003978612   -4.168054807392764  -29.873660276489368 -5.717604735997156 
1acon1ml         4.369361132499762   -5.293351426997106  -32.40889672783576  -6.866232797954581 
1mf1pxml         4.246858791433624   -6.424184699106263  -35.79085524243304  -8.098843426749227 
1acon1pxml       4.0691344794031465  -6.839933335839305  -36.58919273918123  -8.486527255518013 
1acal1ml         3.8949040647858055  -4.895295014168369  -29.48247217504578  -6.460010701994179 
1acal1pxml       3.828488417697372   -6.286391375455423  -33.9254730607817   -7.895839828910539 
1acan1ml         3.7921717343851924  -6.989987850145553  -36.16354044788965  -8.608960356024909 
1etox1ml         3.5732609829719877  -5.021483012591489  -28.826912612826952 -6.624473600793863 
1dme1pxml        3.52666069829138    -6.175153613497969  -32.54004464782522  -7.9129974972311174
1etox1pxml       3.2068176917673554  -6.924486337942653  -33.98056021998704  -8.590707009774633 
1dme1ml          3.0295351045933785  -4.559557952001342  -25.45394283637353  -6.228787209969596 
1acan1pxml       2.9479971153632505  -8.477354778617155  -38.32081802470806  -9.96280848501192  
1acon1fa         1.9761819041450508  -8.66409775930515   -35.68767286051229  -10.128573245514417
1fa1mf           1.7985772979736794  -8.769594346289523  -35.44582137937191  -10.285513359151082
1acal1fa         1.5201618072023848  -8.75079173821723   -34.448946991104094 -10.316051779707777
1dme1fa          1.1292162414029008  -9.009935025169398  -34.00687998195867  -10.656838194758166
1fa1ml           0.7950048601196613  -9.338477673445595  -33.98786695804592  -11.055546333212988
1acan1fa         0.7190727687848266  -10.576337136284565 -37.88499045838344  -12.009129636280704
1etox1fa         0.6846882554382319  -9.574999486329034  -34.411161300652125 -11.163385522449971
1fa2mf1sa        0.67045544157736    -34.51657192624407  -118.01786807939386 -38.67470628168667 
1fa1pxml         0.25163516141765285 -11.187725697542191 -38.36780432302625  -12.937690101374756
1acon1fa1mf1sa   -0.9805263843736611 -36.581753232574556 -119.40709994354557 -40.76634394179564 
1etox1fa1mf1sa   -1.0917057318729348 -34.84222815692192  -113.19980689303011 -38.70731892040931 
1acal1fa1mf1sa   -1.1763419483904727 -35.38964913674863  -114.75199459323318 -39.43013698537834 
1mf1sa           -1.3384342447970994 -12.172734422434587 -36.33842085381137  -13.622673004982062
1dme1fa1mf1sa    -1.6051867689820938 -35.75347730709473  -114.53392768104293 -39.88684934203047 
1acal1sa         -1.6552215683623217 -12.157406520971563 -35.224500930853665 -13.64541233057389 
1pxml1sa         -1.6763081471435726 -13.338810004817788 -39.11622289947145  -14.964910968614276
2acal1fa1sa      -1.807911609299481  -35.9786140115466   -114.60909744119185 -40.00660408654949 
1acal1dme1fa1sa  -1.875466511817649  -34.79814147017896  -110.4231928837101  -38.697192738822196
1fa1mf1pxml1sa   -1.8805038913851604 -36.91360498598078  -117.50159682797725 -41.273420557088684
1acon1sa         -1.9432299681939185 -13.186331015604082 -37.70954568883839  -14.47977776377229 
1acal1etox1fa1sa -2.183539290097542  -35.4953373222379   -111.7283180679482  -39.8585101281642  
1ml1sa           -2.384963253629394  -12.535841003409587 -34.0462107990626   -14.081859224883374
1acan1sa         -2.614526239573024  -14.384894779941533 -39.47800952585837  -15.714168023725506
2acon1fa1sa      -2.6444999338127673 -38.36669623572379  -119.81283347791948 -41.89859493559925 
1acan1fa1mf1sa   -2.6639446763438173 -38.763831668009516 -121.07961426052279 -42.631300866487436
2etox1fa1sa      -2.7658152176300064 -35.20716523192823  -108.80882111039993 -39.28790106246015 
1acal1acon1fa1sa -2.774643899174407  -38.01241421175655  -118.18806074935186 -41.906625325384084
1dme1sa          -2.8221447955002077 -13.474880141729955 -35.72944942573326  -15.085309293412138
1dme1etox1fa1sa  -2.897285027545877  -36.05528646428138  -111.2124817590238  -40.33604186523007 
1acon1etox1fa1sa -2.925096405437216  -37.799578683800064 -116.96958671213822 -41.81328097934602 
2fa              -3.251943683659192  -14.48205493579735  -37.66597770306605  -15.904498003656045
1etox1sa         -3.4044040490407497 -13.575632154999766 -34.11446622781121  -14.993458617129363
1acal1acan1fa1sa -3.479198500397615  -39.9702270651469   -122.39150952340889 -43.547621674777474
1acon1dme1fa1sa  -3.681521696038544  -37.496415473055094 -113.41570946546213 -41.736824823368806
1acal1fa1pxml1sa -3.7118440199410543 -38.625694469956215 -117.10162820809057 -42.68997081328416 
2dme1fa1sa       -3.7763579200254753 -36.19823907734826  -108.74352224496067 -40.665377185621765
1acan1dme1fa1sa  -3.79049637762364   -39.561711926944554 -119.97724484078446 -43.73798496770905 
1acan1etox1fa1sa -3.996586900553666  -39.720995477517135 -119.820253486325   -43.559439706092235
1dme1fa1pxml1sa  -4.157203905517235  -38.559480142139364 -115.38579988730173 -43.00480887241429 
1fa2pxml1sa      -4.22721603687387   -39.73974431992974  -119.10960349688814 -44.11632486822782 
1etox1fa1pxml1sa -4.273275127750821  -38.33274523779983  -114.2360225058411  -42.642914736119565
1acan1acon1fa1sa -4.328537911293097  -41.18801784387324  -123.62730146672372 -44.757731982448604
1acon1fa1pxml1sa -4.841687868582085  -40.45151308103232  -119.43593899741799 -44.38617176929256 
1acan1fa1pxml1sa -4.9283052537357435 -42.120825247780886 -124.74432330701248 -46.24101565795718 
2acan1fa1sa      -4.995587116340175  -42.48163854563609  -125.72883256517956 -46.30778228951385 
1fa1sa           -5.076649058959447  -16.4298673478188   -38.078880727004716 -17.714550019183662
1am1mf1sa        -5.184899334039073  -25.62262600235408  -68.54847113250426  -28.67150581511669 
1fa1mf1ml1sa     -5.444783487531822  -39.30183721915819  -113.55711464571849 -43.36384988314239 
1am1ml1sa        -5.659974458278157  -26.14238290960202  -68.69833456752002  -29.689905661798548
1acal1fa1ml1sa   -5.820714371860959  -39.82741142757004  -114.05902081387075 -43.9125442962395  
1acal1am1sa      -5.9624857372255065 -25.65311647602357  -66.0426991069598   -28.69323378102854 
1acon1am1sa      -6.124880778719671  -25.521646461100318 -65.0570708782511   -28.24836738454178 
1acon1fa1ml1sa   -6.4318232159130275 -41.386428690108005 -117.23832122671939 -45.39348703913856 
1dme1fa1ml1sa    -6.581797784427181  -40.10539603565121  -112.43869948351568 -44.245239843963645
1am1pxml1sa      -6.869185690069571  -28.214635921816807 -71.59299088330914  -31.27982128917938 
1etox1fa1ml1sa   -6.927896593580954  -40.20395224535605  -111.60843753634543 -44.310821670806035
1am1etox1sa      -6.9687151302350685 -27.120644997397903 -67.58990396453729  -30.268333218526095
1am1dme1sa       -6.976348068390507  -26.924395028676372 -66.9060773439449   -30.115549702371936
1fa1ml1pxml1sa   -7.507437632302754  -42.1323258568882   -116.13244415398563 -46.34356375638163 
1fa2ml1sa        -8.12896807922516   -41.63330883014714  -112.3741095120674  -45.77533472358482 
1acan1fa1ml1sa   -8.21453763532918   -44.23330222739605  -120.80752839892565 -47.67891114333179 
1ma1mf1sa        -8.421319955436047  -30.677809163054917 -74.64863058098737  -34.88559314724989 
1acal1ma1sa      -8.666683264484163  -30.4529123333632   -73.07137034642116  -34.62878554087365 
1acan1am1sa      -9.036784649943002  -31.629639162449166 -75.77680534094098  -35.50158784643281 
1dme1ma1sa       -9.071882654039655  -29.64784473547479  -69.01211498069617  -33.7014918254572  
1etox1ma1sa      -9.310953771346249  -30.407222961017396 -70.75723357247065  -34.54628711222904 
2fa1sa           -9.54262168990681   -32.91963786998531  -78.40689646183043  -35.49469310825225 
1am1fa1sa        -10.233216063701548 -31.199808955425397 -70.32229713785324  -34.560181348293554
1acon1ma1sa      -10.359506440581754 -33.15309367788723  -76.45006619927688  -36.951144925376866
1mf1sa1tma       -10.86433281050995  -32.33336540663731  -72.00748816429433  -36.71490796688886 
1ma1ml1sa        -10.866612450336106 -32.654561636038125 -73.07713964653442  -36.80170607869513 
1am1fa1mf1sa     -11.074363580381032 -43.65006415062817  -109.25943508333303 -48.946868088212796
1ma1pxml1sa      -11.261239944025874 -34.40995213278802  -77.64116112215882  -38.710645258484874
1dme1sa1tma      -11.562107243807986 -33.53630036851973  -73.7018048784116   -37.75257323576079 
1dma1mf1sa       -11.630611199594568 -33.748176182445604 -74.18267644757766  -38.02201650151983 
1dma1dme1sa      -11.70416204322828  -33.439081608259585 -72.89927742736614  -37.751898654329125
1acal1am1fa1sa   -11.749050472630188 -44.31603923533112  -109.2302155388522  -49.67860118573299 
1am1dme1fa1sa    -11.834602460614406 -43.700050851213746 -106.87723760016738 -48.94527543039294 
1etox1sa1tma     -11.935601578559726 -33.92781398099032  -73.76224183362145  -38.26241176771873 
1am1etox1fa1sa   -12.275443396763876 -44.33134942827746  -107.51603565776674 -49.690559537441004
1acal1dma1sa     -12.47950591717381  -34.540572523663286 -73.99317996427203  -38.83137219474884 
1acal1sa1tma     -12.669064739136957 -34.15140634847921  -72.05212681321642  -38.71825100084243 
1acon1am1fa1sa   -12.740848371991888 -45.874902439303696 -111.13216188764349 -51.112624592438806
1acon1sa1tma     -12.960631990339607 -35.511361398297595 -75.63551704840633  -40.06088651971368 
1am1fa1pxml1sa   -13.057513962150551 -46.91814696864458  -113.56911959171664 -52.613402621180285
1ml1sa1tma       -13.094443977344781 -34.103194940049434 -70.46369600078151  -38.95794035679137 
1am1fa1ml1sa     -13.279301515547559 -46.002494644664694 -109.75412754890542 -51.57195453753229 
1dma1etox1sa     -13.55261889169924  -34.89870214887196  -71.59511406087849  -39.21024016162846 
1acon1dma1sa     -13.698879483621567 -36.79480608220911  -77.46411738495536  -40.99193092022324 
1acan1ma1sa      -14.217756325262599 -38.20986609888496  -80.4699304837213   -42.35242345434381 
1dma1ml1sa       -14.255807060515508 -36.193997726542875 -73.58105204082761  -40.69675168802496 
1pxml1sa1tma     -14.822102808393538 -37.179930181155214 -74.98852045158876  -42.113804123117006
1dma1pxml1sa     -15.150066177244298 -38.23509874771116  -77.42757863641765  -42.8423345204792  
1acan1sa1tma     -15.367027441272512 -39.573441025364446 -81.18870898577383  -44.54585307695379 
1fa1ma1sa        -15.41563058795873  -37.77740902756341  -75.0017723946591   -41.66709582781186 
1fa1mf1sa1tma    -15.618732777191326 -50.7063887284894   -117.68457471426986 -56.65412492804171 
1fa1ma1mf1sa     -15.762104121793527 -49.49272624106379  -113.13306093891961 -55.103016732377   
1acan1am1fa1sa   -16.065807518316433 -50.300998862599954 -114.8253944111089  -55.63608049944742 
1acal1fa1ma1sa   -16.137297895853408 -49.89699940814171  -113.23059370120276 -55.60867300577229 
1dme1fa1ma1sa    -16.142362662008964 -48.9630065865349   -110.08097911959115 -54.5836258547497  
1dme1fa1sa1tma   -16.30521811603103  -49.69451489197672  -111.98825012922764 -55.85841409942077 
1etox1fa1ma1sa   -16.559354151017033 -49.52364769007545  -110.56278228858017 -55.15835704334313 
1am2fa1sa        -16.639128936978523 -49.36401115980698  -109.75979279781092 -54.61245732032694 
1dma1fa1mf1sa    -16.86499915708555  -51.4650205874932   -116.04904051786454 -57.12565027421806 
1acal1fa1sa1tma  -16.986060779425316 -51.20933087755111  -114.78541035740062 -57.26776883970888 
1etox1fa1sa1tma  -17.063232709420845 -51.01562810354517  -113.8768921497219  -56.95065508897824 
1acon1fa1ma1sa   -17.200735674472526 -51.62087976525072  -115.44572896421337 -57.12139206560096 
1fa1ml1sa1tma    -17.63297422940377  -51.80324161754106  -114.60763839710918 -58.088488637222326
1fa1ma1ml1sa     -17.77920456661377  -51.52275871753227  -113.17643518729616 -57.39666739478707 
1fa1sa1tma       -17.79880139871966  -40.65857596232672  -76.67205957972877  -44.80422594140691 
1acal1dma1fa1sa  -18.053855022299103 -51.94841705262661  -113.68291809542102 -57.82000558456639 
1acon1fa1sa1tma  -18.107972254045308 -53.06832885197946  -117.25761059078292 -58.98031880402414 
1fa1ma1pxml1sa   -18.1697598422179   -52.902603355876636 -116.49452796837684 -58.93057531845989 
1acan1dma1sa     -18.486832442693412 -42.6432772637927   -81.02111293366784  -47.12310020375298 
1fa1pxml1sa1tma  -18.640908689936623 -53.99885195333627  -118.59112280222307 -60.363862561862334
1dma1dme1fa1sa   -18.806830597342923 -53.11693837016355  -115.076665345913   -58.8131311943871  
1acon1dma1fa1sa  -18.9590544574894   -53.48486217681784  -115.80012651149671 -59.228577878617216
1dma1etox1fa1sa  -19.12761413573753  -53.16966738831252  -114.17760607988943 -58.904682977183256
1dma1fa1ml1sa    -19.279053499922156 -53.65094239398604  -115.28388024183565 -59.474658112972975
1dma1fa1sa       -19.452927249949425 -41.74724639847409  -74.77551282414899  -45.85717737529194 
1am3fa1sa        -20.136518087470904 -65.507005997526    -152.17336210019124 -72.2395314501482  
1dma1fa1pxml1sa  -20.901812779018655 -55.49610557797132  -116.02982659394715 -61.59192467870889 
1acan1fa1sa1tma  -20.936441728379577 -57.07311942966771  -121.20301090404831 -63.225659701260156
1acan1fa1ma1sa   -21.165015899227    -56.36623772070743  -118.06547650974798 -61.98976896941895 
2fa1ma1sa        -21.166142496687826 -54.94498477777233  -113.2947921555652  -60.522621742624324
2fa1sa1tma       -21.29834551573731  -55.42150077785482  -114.44962355166265 -61.411789363352   
2am3fa1sa        -21.483776841661893 -77.5146189686493   -187.92836534315296 -85.42145483783679 
1acan1dma1fa1sa  -23.83344447298441  -59.48498981492594  -119.57586899856433 -65.37752408435335 
1dma2fa1sa       -24.006114857562352 -58.838431335112546 -116.82816192392012 -64.37028992234264 
3fa1sa1tma       -24.79844829509966  -70.2240535079327   -152.35822643861854 -77.86386390925327 
3fa1ma1sa        -25.18722328299191  -71.61247013538377  -155.71104092634218 -78.59409355797106 
1am3fa1ma1sa     -26.384259882150218 -83.93819224339677  -193.0368350203129  -92.27954882296035 
1dma3fa1sa       -27.16100140940398  -73.64443575608311  -155.90620273891204 -81.06105238822056 
1am3fa1sa1tma    -27.327097330242395 -84.91903356535477  -193.1643006379879  -93.86851417295111 
1am1dma3fa1sa    -29.969851892790757 -87.70709405018715  -193.65165908880743 -96.36258956958773 
3fa1sa2tma       -30.43359426339157  -88.67331847082824  -195.33699214332538 -98.42295909280074 
1am3fa2sa        -30.57758989231661  -88.50747852318455  -194.2977985252453  -96.92896735051181 
3fa2ma1sa        -30.816026111249812 -89.28184262028662  -196.0953094387088  -97.8868312073173  
3fa1ma1sa1tma    -31.945908759604208 -90.38596107417834  -196.0088959068292  -99.54772813162708 
3fa2sa1tma       -33.195131217245944 -92.73865064614802  -199.70994274265828 -101.60605414879683
1dma3fa1sa1tma   -33.308896487695165 -92.10998823601403  -197.21982810083412 -101.69915160581877
1dma3fa1ma1sa    -34.27823238808196  -92.9331666706712   -196.72961355944886 -101.87999991740799
3fa1ma2sa        -35.18492110515945  -94.0221690738108   -197.3410966580131  -102.88010768708773
2dma3fa1sa       -35.67047424020711  -94.66346883267397  -197.8634733941393  -103.92370921495603
1dma3fa2sa       -36.99519008630887  -96.72988009511027  -200.35113201237158 -105.5987405985361 
2am3fa2sa        -41.212617938639596 -110.41402046510484 -232.10264137466686 -121.67265925428364
1am3fa1ma2sa     -46.63066506641917  -116.99235567683354 -235.99426667798332 -128.41438373946585
1am3fa2sa1tma    -46.664855775772594 -117.0345343168301  -236.02105833085642 -129.20000394775707
3fa2sa2tma       -48.17108539445326  -119.83985373080941 -240.37822685270828 -132.68877447021077
1am1dma3fa2sa    -49.982180330203846 -120.3009459465975  -235.85029554402576 -132.09048226021696
3fa1ma2sa1tma    -50.88547259231564  -122.40196957575972 -239.8675062322835  -134.3267855532904 
3fa2ma2sa        -51.799738058354706 -123.1460820705397  -239.29681037213675 -134.91643814684357
1dma3fa2sa1tma   -52.98934863822069  -125.91636379723786 -244.59840737552096 -138.44853661108937
1dma3fa1ma2sa    -55.25403599673882  -126.44673219020478 -238.78147306279274 -138.3458229759708 
2dma3fa2sa       -56.362374779069796 -128.83258921222296 -243.06629023306718 -141.06037592620123
