#CLUSTER          ddG_298.15K_[kcal/mol]  ddH_298.15K_[kcal/mol]  ddS_298.15K_[cal/mol/K]  ddE_[kcal/mol]
1mf1ml            4.439447488955921       -4.467384322488215      -29.873660276489368      -6.016934251092607
1mf1pxml          3.734113969927421       -6.936929520583362      -35.79085524243304       -8.611588248269982
1acon1ml          3.6942605896038003      -5.848744346716558      -32.0073953926964        -7.392271481337957
1acal1ml          3.4202762033819454      -5.369922875586781      -29.48247217504578       -6.934638563456247
1acon1pxml        3.3284159586182795      -7.579664328979561      -36.58588055530373       -9.226165313928504
1acal1pxml        3.3269117922900477      -6.787968000775436      -33.9254730607817        -8.39741645428876
1acan1ml          3.236339707393199       -7.545819877152098      -36.16354044788965       -9.164792383031454
1etox1ml          3.1198483804328134      -5.474895615101559      -28.826912612826952      -7.077886203333037
1acan1pxml        2.9625719569448847      -8.46277993718104       -38.32081802470806       -9.948233643532149
1dme1pxml         2.902085808615084       -6.799728503145161      -32.54004464782522       -8.537572386892862
1etox1pxml        2.7569283397315303      -7.374375689876615      -33.98056021998704       -9.040596361781354
1dme1ml           2.2852749199810205      -5.303818136686459      -25.45394283637353       -6.97304739462561
1fa1mf            0.8377679125987925      -9.730403731635306      -35.44582137937191       -11.246322744555073
1acon1fa          0.7788750647741836      -9.861404598603258      -35.68767286051229       -11.325880084885284
1acal1fa          0.45244070277840365     -9.818512842612108      -34.448946991104094      -11.38377288414631
1acan1fa          0.281133844924625       -11.014276060261182     -37.88499045838344       -12.447068560140906
1dme1fa           0.1358337382407626      -10.003317528389744     -34.00687998195867       -11.650220698007615
1etox1fa          -0.25176599716360215    -10.511453738916316     -34.411161300652125      -12.099839775066357
1fa1ml            -0.5805538592103403     -10.712981098433374     -33.98432748351292       -12.430115311552072
1fa1pxml          -0.7689412021718454     -12.208302061102586     -38.36780432302625       -13.958266464920598
1fa2mf1sa         -0.7883795969537459     -35.97540696483338      -118.01786807939386      -40.13354132021777
1mf1sa            -2.0766693972982466     -12.910969574877527     -36.33842085381137       -14.360908157483209
1pxml1sa          -2.2360805573989637     -13.898582414840348     -39.11622289947145       -15.524683378753252
1acal1sa          -2.5648652359377593     -13.071836767310742     -35.24055519503034       -14.553853407443967
1etox1fa1mf1sa    -2.7552085989154875     -36.530864726693835     -113.28410574504659      -40.494208709395025
1acan1sa          -2.8486032488872297     -14.620081908127759     -39.481732883522525      -15.94809291040292
1acon1sa          -3.056156280974392      -14.299257328209933     -37.70954568883839       -15.59270407637814
1acon1fa1mf1sa    -3.156646655406803      -37.42738224094501      -114.94461038268568      -41.257426175812725
1acal1fa1mf1sa    -3.347165732877329      -37.330389901122544     -113.98029236365824      -41.29700906510698
1dme1fa1mf1sa     -3.4424890391528606     -37.5907795773237       -114.53392768104293      -41.724151612084825
1ml1sa            -3.575733257457614      -13.7266110071796       -34.0462107990626        -15.272629228711594
1dme1sa           -3.6119818163570017     -14.264717162528541     -35.72944942573326       -15.875146314210724
2acal1fa1sa       -3.887579193804413      -38.058281595935114     -114.60909744119185      -42.08627167082159
1etox1sa          -4.072506040101871      -14.243734145944472     -34.11446622781121       -15.661560608190484
1acan1fa1mf1sa    -4.129406854743138      -40.73744409304345      -122.78395853847297      -44.86715851823101
1acal1dme1fa1sa   -4.322989416657947      -37.9422930944711       -112.75969705781327      -42.404787173552904
1fa1mf1pxml1sa    -4.596345075813588      -39.629446170059964     -117.50159682797725      -43.98926174128428
1acal1etox1fa1sa  -4.700920449919067      -38.01271848194301      -111.7283180679482       -42.37589128798572
1dme1etox1fa1sa   -4.773314839345403      -37.17569668381475      -108.67812122951023      -41.583274678501766
2etox1fa1sa       -4.774124432122335      -37.67288241349161      -110.34297495004172      -42.06544233619934
2acon1fa1sa       -4.854731788858771      -40.576928090304136     -119.81283347791948      -44.10882679041242
2fa               -4.944520466524409      -16.174631718662567     -37.66597770306605       -17.597074786550365
1acon1etox1fa1sa  -4.978729142691009      -39.853211420821026     -116.96958671213822      -43.866913716250565
1acal1acon1fa1sa  -5.0388489357428625     -40.27661924820859      -118.18806074935186      -44.170830361836124
1acal1acan1fa1sa  -5.365171634592116      -41.856200198992155     -122.39150952340889      -45.43359480885556
1acan1etox1fa1sa  -5.5288488764781505     -41.253257453325205     -119.820253486325        -45.091701681900304
1acon1dme1fa1sa   -5.580481781624258      -39.39537555864081      -113.41570946546213      -43.63578490872169
2acan1fa1sa       -5.748780975816771      -43.234832405112684     -125.72883256517956      -47.06097614922328
2dme1fa1sa        -5.8614354657474905     -38.28331662318669      -108.74352224496067      -42.750454731227364
1acan1dme1fa1sa   -5.94775515596848       -41.71897070517298      -119.97724484078446      -45.89524374582106
1fa1sa            -6.140824725735001      -17.49404301447794      -38.078880727004716      -18.7787256858428
1acan1acon1fa1sa  -6.185047632316127      -43.04452756466344      -123.62730146672372      -46.61424170335522
1acan1fa1pxml1sa  -6.541208655980881      -43.73372865002602      -124.74432330701248      -47.8539190600859
1etox1fa1pxml1sa  -6.749852926412132      -40.80932303646114      -114.2360225058411       -45.11949253466446
1dme1fa1pxml1sa   -6.856870337331202      -41.2591465737205       -115.38579988730173      -45.70447530399542
1fa2pxml1sa       -6.911407137988135      -42.42393542052014      -119.10960349688814      -46.800515968876425
1acon1fa1pxml1sa  -7.103359333646949      -42.713184545747936     -119.43593899741799      -46.64784323400818
1am1mf1sa         -8.409886691137217      -28.847613359277602     -68.54847113250426       -31.896493171982
1fa1mf1ml1sa      -8.63048288616119       -42.48753661761293      -113.55711464571849      -46.549549281655345
1acal1am1sa       -9.331289832189213      -29.02192057092907      -66.0426991069598        -32.06203787593404
1acal1fa1pxml1sa  -9.351966079964768      -47.18045988306403      -126.87738991474714      -52.93189672706649
1acon1fa1ml1sa    -9.449475391127635      -44.40408086485695      -117.23832122671939      -48.411139214003924
1acon1am1sa       -9.776476030354388      -29.173241712676827     -65.0570708782511        -31.89996263611829
1dme1fa1ml1sa     -9.85907886136556       -43.382677112240344     -112.43869948351568      -47.522520920669194
1am1etox1sa       -10.072400070610456     -30.224329937656876     -67.58990396453729       -33.37201815878507
1etox1fa1ml1sa    -10.073909457249101     -43.34996510867495      -111.60843753634543      -47.45683453424135
1am1dme1sa        -10.158958166837692     -30.107005126948934     -66.9060773439449        -33.2981598006445
1am1pxml1sa       -10.36028422327945      -32.21404251642525      -73.29786447506623       -36.17004148568958
1acan1fa1ml1sa    -10.752094993076753     -46.542025024537        -120.04001352110396      -50.32119183061877
1fa1ml1pxml1sa    -10.76494828419527      -45.3898365086643       -116.13244415398563      -49.6010744079249
1am1ml1sa         -10.833698428061325     -31.317650371289346     -68.70351146456431       -34.861242790997494
1acal1fa1ml1sa    -11.296453151095193     -48.41840266902         -124.50762877060592      -54.18421701429179
2fa1sa            -11.562138094159309     -34.93915427423781      -78.40689646183043       -37.51420951244654
1ma1mf1sa         -11.907783874776214     -34.16427308256971      -74.64863058098737       -38.37205706682289
1fa2ml1sa         -12.148148113337811     -45.65248886443442      -112.3741095120674       -49.794514757813886
1dme1ma1sa        -12.520028126018587     -33.09599020751193      -69.01211498069617       -37.14963729749434
1mf1sa1tma        -12.706556264820392     -34.17558886091865      -72.00748816429433       -38.55713142103923
1etox1ma1sa       -12.86322152329376      -33.95949071308132      -70.75723357247065       -38.09855486411834
1acan1am1sa       -12.969862179481424     -35.56271669192938      -75.77680534094098       -39.43466537591303
1acon1ma1sa       -13.427577561698854     -36.221164799062535     -76.45006619927688       -40.01921604643576
1dme1sa1tma       -13.800255645575817     -35.77444876990921      -73.7018048784116        -39.99072163736855
1etox1sa1tma      -14.257128311830456     -36.24934071446478      -73.76224183362145       -40.583938500945806
1acal1sa1tma      -14.373256184437196     -35.85559779398318      -72.05212681321642       -40.42244244633184
1acal1ma1sa       -14.407156127563212     -39.51763158221729      -84.22094735778273       -44.966535666491836
1dma1dme1sa       -14.511765667935833     -36.24668523290893      -72.89927742736614       -40.55950227897847
1dma1mf1sa        -14.528129333280958     -36.6456943161902       -74.18267644757766       -40.919534635322634
1ma1pxml1sa       -14.855646030337084     -38.004358218982816     -77.64116112215882       -42.305051344796084
1am1fa1sa         -15.079193885321729     -36.04578677692916      -70.32229713785324       -39.40615916956449
1acon1sa1tma      -15.144764105367358     -37.69549351329624      -75.63551704840633       -42.24501863469777
1ma1ml1sa         -15.239951569179539     -37.027900754706934     -73.07713964653442       -41.17504519742215
1ml1sa1tma        -15.839219102912466     -36.847970065355184     -70.46369600078151       -41.70271548208257
1dma1etox1sa      -16.044552049483173     -37.390635306655895     -71.59511406087849       -41.70217331952881
1am1fa1mf1sa      -16.21639844053425      -48.79209901072318      -109.25943508333303      -54.0889029482496
1acon1dma1sa      -16.296189047105145     -38.78150432917755      -75.41611699490193       -43.12610061705345
1acan1sa1tma      -17.04542942791886      -40.56242633172951      -78.87639410925745       -45.244435284505016
1acal1am1fa1sa    -17.066654430236667     -49.63364319305401      -109.2302155388522       -54.996205143339466
1pxml1sa1tma      -17.106858671220834     -39.46468604383699      -74.98852045158876       -44.398559985667816
1acan1ma1sa       -17.161281257052906     -41.153391030733474     -80.4699304837213        -45.29594838619232
1am1dme1fa1sa     -17.326419127639383     -48.68239168939181      -105.16844729774485      -54.0583215894294
1acal1dma1sa      -17.40911337250145      -42.653304432169534     -84.6694316941541        -48.20703633321682
1am1etox1fa1sa    -17.548259928356856     -49.60416595963761      -107.51603565776674      -54.96337606891757
1acon1am1fa1sa    -17.777829637518153     -50.911883704247884     -111.13216188764349      -56.149605857615825
1dma1ml1sa        -18.03190355573315      -39.97009422176052      -73.58105204082761       -44.4728481831844
1dma1pxml1sa      -18.12114044680493      -41.205497213755734     -77.42531198019833       -45.81082953233272
1fa1mf1sa1tma     -18.307833757527987     -53.43243135015655      -117.80847758769092      -59.21813330332225
1am1fa1pxml1sa    -18.438745525840204     -51.83294894627761      -112.00470709542871      -57.50568502082024
1dme1fa1sa1tma    -19.005318699681084     -52.40901182957168      -112.03653573673357      -58.706539519815124
1am1fa1ml1sa      -19.32130764151225      -52.04450077028014      -109.75412754890542      -57.61396066338057
1fa1ma1sa         -19.387849955062848     -41.89221214019926      -75.4800006208844        -45.768497050506994
1etox1fa1sa1tma   -19.600478228458087     -53.55287362278614      -113.8768921497219       -59.48790060785541
1acal1fa1sa1tma   -19.835325173145975     -54.05859527135908      -114.78541035740062      -60.11703323326947
1fa1ma1mf1sa      -20.084014575113542     -53.7444551634253       -112.89767093147594      -59.38682004035218
1fa1sa1tma        -20.481403379744734     -43.34117794343911      -76.67205957972877       -47.486827922504744
1acan1dma1sa      -20.62010042386828      -44.77654524508398      -81.02111293366784       -49.25636818486964
1acan1am1fa1sa    -20.72857347363606      -54.963764817337506     -114.8253944111089       -60.2988464544178
1dme1fa1ma1sa     -20.78771788062295      -53.60836180514889      -110.08097911959115      -59.22898107313085
1dma1fa1mf1sa     -20.80300490418449      -55.40302633465035      -116.04904051786454      -61.06365602143342
1acon1fa1sa1tma   -21.117626262639533     -56.07798286031175      -117.25761059078292      -61.98997281245829
1etox1fa1ma1sa    -21.176270369964186     -54.140563909255434     -110.56278228858017      -59.775273262290284
1fa1ml1sa1tma     -21.23966307080991      -54.911396942610736     -112.93554879025984      -61.19454498960113
1acon1fa1ma1sa    -21.48008620989276      -55.90023030055454      -115.44572896421337      -61.40074260102119
1acal1dma1fa1sa   -21.539444826776162     -55.57337768189609      -114.15037013302607      -61.28758234955603
1fa1pxml1sa1tma   -21.931779379650834     -57.289722643370624     -118.59112280222307      -63.65473325153289
1am2fa1sa         -21.98363372933818      -54.708515951933805     -109.75979279781092      -59.956962112511974
1acal1fa1ma1sa    -22.13132509641582      -58.69743062154157      -122.64331888353198      -65.82102433370892
1acon1dma1fa1sa   -22.252834231592715     -56.77864195103757      -115.80012651149671      -62.52235765272053
1fa1ma1pxml1sa    -22.559252980921883     -57.292096494697034     -116.49452796837684      -63.320068457047455
1dma1dme1fa1sa    -22.64950374874752      -56.822359005804174     -114.61631815251732      -62.57691401842749
1dma1fa1sa        -22.89460440527182      -45.188923553796485     -74.77551282414899       -49.298854530614335
1dma1etox1fa1sa   -22.931295133195817     -56.97334838588722      -114.17760607988943      -62.70836397464154
1fa1ma1ml1sa      -22.940471860289108     -56.68402601138223      -113.17643518729616      -62.557934688345995
1acan1fa1sa1tma   -23.495186415544595     -59.631864116570796     -121.20301090404831      -65.78440438814869
1dma1fa1pxml1sa   -23.935927774000447     -59.56716914323624      -119.50776914021702      -65.54340307589155
1dma1fa1ml1sa     -24.219127641816158     -58.59101653599646      -115.28388024183565      -64.41473225486698
2fa1sa1tma        -24.76227156368259      -58.88542682565458      -114.44962355166265      -64.87571541137004
1acan1fa1ma1sa    -25.082913112652022     -60.28413493401604      -118.06547650974798      -65.90766618296038
2fa1ma1sa         -25.97423369612079      -59.753075977321714     -113.2947921555652       -65.33071294205729
1acan1dma1fa1sa   -26.829921727417968     -62.48146706924308      -119.57586899856433      -68.37400133855408
1am3fa1sa         -27.081658479874022     -72.45214639004553      -152.17336210019124      -79.18467184243491
1dma2fa1sa        -28.227360856195446     -63.05967733374564      -116.82816192392012      -68.59153592103394
3fa1sa1tma        -28.550587635065312     -73.97619284786924      -152.35822643861854      -81.61600324917526
3fa1ma1sa         -31.16904718085425      -77.5942940331297       -155.71104092634218      -84.57591745571699
1dma3fa1sa        -31.818553079268895     -78.30198742594803      -155.90620273891204      -85.71860405808548
2am3fa1sa         -32.05216536845546      -88.0830074956757       -187.92836534315296      -95.98984336486319
1am3fa1sa1tma     -35.47657867711678      -93.06494859982922      -193.15233916743406      -102.01258779175987
3fa1sa2tma        -35.8122673984908       -94.0519916061603       -195.33699214332538      -103.80163222798728
1am3fa1ma1sa      -36.23509656364331      -93.78214468329679      -193.0137451605044       -102.1216429186752
1am3fa2sa         -37.44546240416821      -95.37535103422124      -194.2977985252453       -103.79683986201417
3fa2sa1tma        -37.471814198986976     -98.56859761544911      -204.91961568515273      -107.27018392579339
1am1dma3fa1sa     -39.13259182893671      -96.8698339863331       -193.65165908880743      -105.52532950561726
3fa1ma1sa1tma     -39.40028661226097      -97.84033892692241      -196.0088959068292       -107.00210598447302
1dma3fa1sa1tma    -39.77415321259468      -98.57524496088445      -197.21982810083412      -108.16440833067463
3fa2ma1sa         -39.849670403811615     -98.31548691290664      -196.0953094387088       -106.92047549976269
3fa1ma2sa         -41.479093827540055     -100.316341796075       -197.3410966580131       -109.17428040946834
1dma3fa2sa        -42.09392804384697      -101.82861805299763     -200.35113201237158      -110.69747855619062
1dma3fa1ma1sa     -42.70257801254047      -101.35751229536254     -196.72961355944886      -110.3043455418665
2dma3fa1sa        -42.84539495408535      -101.83838954666862     -197.8634733941393       -111.09862992883427
2am3fa2sa         -52.88648697419558      -122.08788950007875     -232.10264137466686      -133.34652828949038
3fa2sa2tma        -53.809428666107124     -125.47819700217224     -240.37822685270828      -138.32711774177733
1am3fa2sa1tma     -55.50810190998891      -125.66960146556085     -235.32282259204888      -137.42123357793025
1am3fa1ma2sa      -57.370395373087376     -127.60674048156943     -235.57385580593655      -139.15116660413332
3fa1ma2sa1tma     -58.61026864264568      -130.12676562600245     -239.8675062322835       -142.05158160340216
1dma3fa2sa1tma    -58.760012258411734     -131.68702741757443     -244.59840737552096      -144.21920023117855
1am1dma3fa2sa     -59.54070016823243      -129.82658176904079     -235.74000201550774      -141.565563336364
3fa2ma2sa         -61.67146057332866      -133.32609430141747     -240.3308191452827       -145.0276038115844
2dma3fa2sa        -62.96999949065503      -134.67997305875178     -240.5164298780518       -147.00383766379673
1dma3fa1ma2sa     -63.30825207126327      -135.0280580810504      -240.54940804878564      -147.03762506111525
