#CLUSTER       ddG_298.15K_[kcal/mol]  ddH_298.15K_[kcal/mol]  ddS_298.15K_[cal/mol/K]  ddE_[kcal/mol]
4ma            10.614503120683366      -19.887000225367956     -102.30254350520738      -24.49526935632457
4dma           10.027892962854821      -21.955955862242263     -107.27435460364816      -26.632369375496637
4put           8.438723118859343       -34.15651585056912      -142.8651315425231       -39.90659168246202
4am            8.42141334770713        -16.985601121385116     -85.21554408558616       -22.02355424090638
3put           7.787549140106421       -19.968201584764756     -93.09324408770689       -23.676238510059193
3ma            7.671869044046616       -11.93584314029431      -65.76458891279412       -15.113448283664184
2ma            5.673075505896122       -3.317979545739945      -30.15614640832888       -4.910156758734956
2dma           5.4327099107031245      -4.164938435016666      -32.19067028584335       -5.7899996736086905
3am            5.270232148483046       -10.728413989025285     -53.65972207793625       -14.005012363675633
1am1dma        4.1386164951109095      -3.0765077226096764     -24.19964520461251       -4.578607453906443
2am            3.348713710613083       -2.345014042715775      -19.096856459349766      -3.940001227572793
2put           3.1184404147206806      -11.294351376069244     -48.34074053555541       -13.28624714713078
2w             1.7195404111553216      -4.687243798325653      -21.48845953208553       -6.4408075075625675
3w             1.345933310862165       -15.551490357960574     -56.67423668900739       -19.467915368266404
6w             -0.10466866492060944    -46.793262052349746     -156.5943095334501       -56.433797071746085
5w             -1.306688719720114      -37.31835597072495      -120.78372380025704      -44.83638200617861
7w             -1.3491438647615723     -59.45936730352696      -194.90264443660217      -71.44274389231578
4w             -1.422041181649547      -28.395566825027345     -90.46964830919048       -34.24121033970732
1sa1w          -3.2551517404353945     -12.383295450337755     -30.615944021138738      -14.103957601451839
9w             -5.6190602132701315     -85.39123628707603      -267.5571895818787       -101.43356768158264
8w             -5.728946551098488      -75.78541656554444      -234.97055178432828      -90.13364049326628
2sa            -6.0074964731466025     -17.567838167538866     -38.77357603384554       -18.790586119983345
1sa2w          -6.170267893146956      -25.32639604045835      -64.24996863077523       -28.571737049802323
10w            -6.431539103563409      -97.18982149055228      -304.4047707096297       -115.39389298384776
1sa3w          -8.22399795090314       -38.5157099616481       -101.59889991877819      -44.17296889203135
1am1sa         -8.301191197009757      -17.47109475848265      -30.75600724949028       -18.897792936884798
1ma1sa         -9.98116344033042       -20.411015351244714     -34.98189472057182       -22.736356861249078
2sa1w          -10.252506479489966     -32.24885391051794      -73.77611078672174       -35.30674682898825
3sa            -10.918218245496973     -34.43153457995504      -78.86404941975775       -36.92296740086749
1sa4w          -10.98627160966862      -50.34202025984996      -131.99982777209334      -57.16571343343821
1sa5w          -12.990233159041964     -64.71265387249878      -173.47784911475674      -73.76494926441228
1dma1sa        -13.696861134958453     -23.995058329077438     -34.540322636672926      -26.612286141957156
1bda1sa        -13.776912148867268     -26.03344417887274      -41.10860986093786       -28.555222425842658
1eda1sa        -13.787605382094625     -26.037189717637375     -41.08530717922906       -28.55516093049664
2sa2w          -14.027183103229618     -47.8646127894317       -113.49129527504532      -52.807917821992305
2am1sa         -14.257448508869857     -32.54488810687326      -61.33637295977326       -35.630514155258425
1sa1tma        -14.313801626907662     -24.895983652008        -35.4928124270855        -27.651481310167583
2ma1sa         -14.460752110637259     -36.70306627964601      -74.60108726864976       -39.57555347890593
1diAAmda1sa    -14.575791811977979     -26.467051233397797     -39.88347952840411       -29.47486007504631
3sa1w          -15.982700671520433     -51.7576303562746       -119.98970211176555      -55.264954763617425
1sa6w          -15.998996565060224     -77.49877720151562      -206.27127498384803      -88.28640343691222
1sa1teAABBmda  -16.071184481988894     -28.21115605873638      -40.717664184886445      -31.036022906308062
1sa1triAABmda  -16.116806011559675     -28.019162358163157     -39.92069879790144       -30.77461896146997
2dma1sa        -16.20972624764545      -39.09329257509671      -76.7518575463971        -43.13457379001193
3am1sa         -16.320875157718547     -45.35903755371692      -97.39447390941726       -51.13848254841287
2am1dma1sa     -16.4632849599584       -47.88677892868873      -105.39491520633811      -53.5003481808817
1diABmda1sa    -16.804038581147324     -28.76363894820679      -40.11269618301209       -31.542447319836356
1sa2tma        -17.0523098463309       -40.15339047746966      -77.4814040959757        -44.136467042553704
1mda1sa        -17.0695362361148       -29.187098743743263     -40.642503799168026      -32.04368667618837
1am1dma1sa     -17.316522913053632     -38.39335459884023      -70.69203986503064       -43.01483473443659
1sa7w          -17.6650051921024       -90.13670505746268      -243.071272397961        -102.89949187252205
2sa3w          -17.97082675358979      -62.486752909841016     -149.30714793313814      -68.89290239440743
1pda1sa        -18.048931569850538     -30.62321308569517      -42.17434685826106       -33.091404590173624
4sa            -18.14533071150072      -56.786043024621904     -129.6015841461863       -59.95482935546897
4am1sa         -18.40338158182567      -57.7009385820711       -131.80465202221413      -65.21297932317248
1sa8w          -19.28664753359044      -102.93743456312222     -280.56611447131354      -117.83882539271144
3ma1sa         -19.499356170766987     -52.85361396276858      -111.87072880058793      -58.695165023964364
1am2dma1sa     -20.253308370069135     -53.65881906449795      -112.04263187785644      -59.541618441580795
1put1sa        -20.428425411286298     -34.091330948635004     -45.82560971768115       -36.767967884778045
4ma1sa         -20.4330764284241       -65.5828795695561       -151.43318175805214      -73.13869888603222
3dma1sa        -20.898052462784108     -55.68364721076796      -116.67145647520476      -61.30151291610673
3sa2w          -21.0470174557704       -66.07545950340864      -151.02613465599376      -71.18634930400003
2sa4w          -21.639123942994047     -76.12458561282256      -182.745133891674        -83.68562611369998
1sa9w          -22.44553615147015      -116.67629324435256     -316.0515079423507       -133.28012366290204
4sa1w          -22.46650754006987      -71.50504537617235      -164.47606183494457      -76.35443138183473
4dma1sa        -22.5445212777704       -70.4731765568722       -160.75349749856525      -77.89308128785342
1am2sa         -23.21298684726935      -45.795839856611565     -75.74326013561728       -49.47776109515689
1sa10w         -24.1352099381038       -129.20602286513895     -352.40923336268384      -147.56798984354828
2sa5w          -25.034326469816733     -89.4364508393337       -216.00578356366051      -98.48404756031232
2put1sa        -26.610014065285213     -55.23779349157121      -96.01804268416976       -60.54445815674262
3sa3w          -26.69145651248982      -83.70678403461352      -191.23034553776805      -90.2728501514066
1sa11w         -26.711235131020658     -141.14356594509445     -383.80791821002134      -161.14998417452443
1sa12w         -27.101890402147546     -152.50186390604358     -420.59357204016567      -175.12261794821825
1ma2sa         -27.797779436339624     -51.53672894788906      -79.62082680359723       -55.59559977380559
4sa2w          -29.14736147315125      -88.21770265100349      -198.12289511341248      -94.0371515427978
1sa13w         -29.437294078292325     -166.3490095998859      -459.20414395990474      -190.688400263316
2sa1tma        -30.290115604002494     -53.918420174653875     -79.24972185369822       -58.85853392412537
3sa4w          -30.65313425747445      -98.34887863407494      -227.052639197318        -106.35433953200118
1sa14w         -30.70672660251148      -177.46389314671978     -492.22594849675556      -203.18790171924047
1am3sa         -31.15615120367147      -66.06049499940127      -117.06974273294331      -70.5518701649271
1eda2sa        -31.294285048381425     -56.17619284335524      -83.4543276707007        -60.56964361702558
1dma2sa        -32.15064350573812      -55.98647191305645      -79.94576021209012       -60.39102300570812
1sa15w         -32.65128287160769      -190.89637623983435     -530.7566438652805       -219.05068120430224
2am2sa         -33.146219062269665     -65.99573728872929      -110.17782400288016      -72.3436571030179
4sa3w          -34.90058005176252      -106.27140979631804     -239.37893591974574      -113.21316569321789
3sa5w          -35.25849520502379      -112.55529941554414     -259.25475167014474      -122.49239830841543
3put1sa        -36.34331932262285      -80.62255695951171      -148.51329074882628      -87.97156447416637
3sa1tma        -37.0137331027654       -74.71345225619734      -126.44547762307803      -81.37226665127673
1am4sa         -37.28326125559397      -86.62769076786935      -165.50202754430143      -91.62244639289565
1ma3sa         -38.49877767148428      -75.50312051340006      -124.1131740465151       -81.01595777249895
4sa4w          -39.29170794872334      -121.70108154593618     -276.4023934171991       -130.42749878988252
4put1sa        -39.55781130242394      -98.19902960816398      -196.6836099469831       -107.59254602168221
3am2sa         -39.79397914081346      -83.10060808062553      -145.2511451946257       -91.37176986283157
1put2sa        -41.02937198523432      -69.56555195187684      -95.71081659097752       -75.13551558938343
1am1dma2sa     -41.286619133665226     -75.45875323889777      -114.61389939731225      -82.34764206630643
2ma2sa         -42.15601296676323      -78.82412484276574      -122.98544986127318      -85.93535589333624
1am5sa         -42.72223943239078      -105.02691315021366     -208.97089960684497      -113.49809641996399
1dma3sa        -42.76956953271292      -80.22587730246596      -125.6290718418703       -86.21164634288289
1ma4sa         -43.21040019369684      -93.59317586221732      -168.9846576175847       -101.04868168849498
3am1dma2sa     -43.488655471708626     -99.5391710945405       -187.99435057243335      -109.24569709040225
4am2sa         -43.49438141845167      -96.93969534966163      -179.2564612819733       -107.02254852605984
4sa5w          -43.56802439148305      -135.45643493538955     -308.19523912110697      -146.3118016278022
2am1dma2sa     -44.82902686018497      -92.21574545186013      -158.93583294256524      -100.47413341561332
2sa2tma        -46.38646137295291      -83.30647092225263      -123.83031879719144      -91.65206535003381
2mea2sa        -46.512950471718796     -84.94781914434861      -128.911181193048        -92.42893790942617
3ma2sa         -46.59257339441683      -92.92983387876302      -155.4159332030617       -101.63515954627655
1eda3sa        -46.78581621591002      -85.49941047700122      -129.84603139807425      -91.73625366273336
2am3sa         -47.162980204680935     -93.01067282352597      -153.7739145362601       -100.81028489023447
1dma4sa        -47.61988694523461      -98.36161452136002      -170.18858821414295      -106.27536263223737
2dma2sa        -49.89847319689579      -86.60214723041281      -123.10472592130253      -94.31892423494719
2am2dma2sa     -50.516303464304656     -107.20313665864524     -190.12857016394958      -118.1626335066976
4ma2sa         -51.456916606402956     -109.60821062303148     -195.0403958303143       -119.88302698126063
1dma5sa        -53.1930143549107       -117.51229759305716     -215.7279330468416       -126.7227279804647
1am2dma2sa     -53.33339813409839      -99.70599358261097      -155.53444725251285      -109.04677148594055
1am1dma3sa     -55.19614733220078      -103.37083663837984     -161.5786996686725       -112.28888307861052
1put3sa        -56.37165711610578      -98.16923613636754      -140.18976696389612      -105.5442839867901
2put2sa        -56.47111193474848      -99.43511455389671      -144.10197088434606      -107.32708276016638
3dma2sa        -56.76468229095917      -106.0970512710046      -165.4615763206445       -115.32702814671211
2ma3sa         -57.392245683353394     -106.30086102359928     -164.0402996480156       -114.96093825274147
2am4sa         -57.39469367195852      -117.97629071283154     -203.19167211375316      -127.92887308285572
1eda4sa        -59.86907332506962      -114.90821888740174     -184.60219876668017      -123.55888671963476
4dma2sa        -60.73369287827518      -121.87461515865289     -205.06765816007214      -132.10025236196816
1am3dma2sa     -60.987511160667054     -120.5848594836425      -199.8904857388181       -132.23855446232483
3am3sa         -61.381972482195124     -117.99269016296603     -189.87327748054034      -128.84753979672678
2am5sa         -62.152063159737736     -135.23350200615823     -245.1163469610602       -146.10225540958345
2dma3sa        -63.90349278738722      -113.67475826502778     -166.93364238839774      -123.28643119195476
1am1dma4sa     -65.05967006925493      -126.58782832813449     -206.3664539965452       -136.62838598457165
2ma4sa         -68.12227291776799      -131.03211099887267     -211.00063082665127      -141.49635653244331
4put2sa        -68.17634482006542      -141.8270970522426      -247.02583341255936      -152.85149294056464
3put2sa        -68.42092556436546      -126.37944141880143     -194.39381470491392      -135.52930588333402
2am1dma3sa     -70.35292383586057      -129.61971971113235     -198.7818073964806       -141.18624379695393
1put4sa        -71.56045359442942      -126.08531229803339     -182.87727219069114      -134.71094784582965
4am3sa         -71.97061072452925      -141.2570841468405      -232.38797055937167      -153.8486026120372
1am2dma3sa     -72.79865654185414      -134.09826247463934     -205.59988573958324      -146.02747292770073
2dma4sa        -73.20553131308407      -137.9120217920281      -217.0266324972326       -147.44247732078657
3am4sa         -73.35748604312539      -144.91779933916405     -240.01446686732262      -156.5370113933459
2mea4sa        -74.35690807271749      -141.38305878499523     -224.80681104320732      -151.56560751819052
3ma3sa         -75.07194334617816      -136.52734094206244     -206.12241353688296      -148.4964291008655
3am1dma3sa     -77.19548300746828      -148.37183173722588     -238.7266433999353       -161.86858624010347
2put3sa        -80.60602360405028      -139.02077708486468     -195.92404320206114      -150.3029666892253
3dma3sa        -82.30317466030829      -145.18570792675018     -210.90905003023957      -157.40189934312366
2am1dma4sa     -82.65293681365438      -156.673941005487       -248.26766457126206      -169.43625754863024
3mea3sa        -84.24017476662993      -152.13848500931635     -227.7320484416464       -164.17774952738546
2am2dma3sa     -85.30519699957222      -158.18490813695826     -244.43974890963472      -172.40503259934485
3ma4sa         -87.61121217627078      -163.66145043517463     -255.0737489820698       -176.94355409452692
3am5sa         -87.9741495596245       -172.31980178738013     -282.89670376609524      -185.92119916761294
4ma3sa         -88.24096093256958      -162.71621162747033     -249.79121480781313      -176.57448243233375
1am3dma3sa     -89.96076788753271      -164.90172517346218     -251.35320236863532      -179.95676721376367
4am4sa         -91.3940821387805       -173.3719647442922      -274.9551655390493       -187.6703661014326
1am2dma4sa     -91.80792348179966      -167.22625661129132     -252.95432879377123      -180.36693266732618
4dma3sa        -93.00772762321867      -169.3802105281502      -256.15456282012804      -184.3105771143455
3dma4sa        -93.897520176135        -170.82405801909044     -258.01287218831555      -184.374379736837
5am4sa         -95.1900238613598       -188.98747479263693     -314.5981919553516       -205.98050247877836
3am1dma4sa     -96.14338664570823      -177.89345696591772     -274.19107939122864      -192.77767532970756
3put3sa        -97.4734171750024       -169.48223776114173     -241.5187676863289       -181.7847652162891
4am5sa         -99.31940507283434      -193.75097464490682     -316.7250362969915       -210.65201526647434
2put4sa        -104.68700584233738     -175.908277425915       -238.87731539008854      -188.74300165753812
2am2dma4sa     -104.755544395186       -191.68628516653553     -291.56713322632993      -208.79480191599578
1am3dma4sa     -106.51127909286879     -193.68019267730415     -292.3659687558212       -211.0818491105456
4put3sa        -108.72913111979142     -199.05083785927854     -302.9404888122042       -214.99851594888605
4ma4sa         -109.27632380020805     -196.71838303096592     -293.2821037426554       -212.72989820339717
4dma4sa        -114.36210198816843     -202.74450384103693     -296.43602835115826      -219.8389605130069
3put4sa        -120.35672547179274     -207.2944654719904      -291.59060875565706      -222.609173534438
5am5sa         -120.41996335610747     -225.43826238112524     -352.2331008714971       -244.34937233245
5dma4sa        -128.87366304849274     -231.6570259546861      -344.73708839974023      -251.91459838696755
4put4sa        -141.0819037745241      -245.25036591943353     -349.38273401002016      -263.47767648799345
