#CLUSTER       dG_298.15K_[Eh]      dH_298.15K_[Eh]      dS_298.15K_[Eh/K]       dE_[Eh]
2am            -113.05443954815236  -113.01981585146721  0.0001161284477113507   -113.099279055
2w             -152.8084914351091   -152.77587329214128  0.00010940178758276483  -152.829503188
3am            -169.58126544111155  -169.54121518509044  0.000134329216907986    -169.661818936
2ma            -191.58342023788575  -191.54317291537365  0.00013499018115750743  -191.683475658
1am1dma        -191.59028336523858  -191.54917780504508  0.00013786872444573441  -191.68831711
4am            -226.10613172150894  -226.0592261479585   0.00015732206456629653  -226.221097527
3w             -229.21470268478998  -229.1773885580121   0.00012515219445873949  -229.259882921
2dma           -270.1253236951206   -270.0791085798596   0.00015500625611600195  -270.278267967
3ma            -287.37646540098746  -287.3258491588012   0.00016976770815441247  -287.537561178
4w             -305.62472964115625  -305.582058916221    0.0001431183127125702   -305.693045409
5w             -382.0301616761366   -381.98048024084545  0.0001666323504649794   -382.119549565
4ma            -383.168006442932    -383.1074629268152   0.00020306394806910748  -383.390337588
6w             -458.43386197821235  -458.3797814288903   0.00018138705122278218  -458.547650914
7w             -534.841461058867    -534.7841681689877   0.0001921612942457869   -534.981188941
2put           -537.9077503366153   -537.8497955748003   0.0001943812235957009   -538.209190687
4dma           -540.2519820880173   -540.1799319228235   0.00024165743818142335  -540.58052366
8w             -611.254056653461    -611.1943874612972   0.00020013145116151563  -611.420594589
9w             -687.6594973993544   -687.5938972756592   0.0002200238929909032   -687.848221856
1am1sa         -756.6576010039547   -756.6165491535418   0.00013768858095915216  -756.702712223
10w            -764.0664080429665   -763.996901520298    0.00023312601934737573  -764.280088781
1sa1w          -776.5252873488872   -776.4846035563282   0.0001364541088679995   -776.558192083
1ma1sa         -795.926620654882    -795.8821375279041   0.00014919713894969542  -796.0001547
3put           -806.8566695309786   -806.7795167248308   0.0002587717798011896   -807.319757106
2am1sa         -813.1969810611963   -813.1486104177088   0.0001622359332132446   -813.275877886
1dma1sa        -835.203302260324    -835.1551420907017   0.0001615300004101127   -835.303026538
1sa2w          -852.935548792834    -852.88943172115     0.00015467741634729457  -852.990867696
3am1sa         -869.7301574338929   -869.6770706729541   0.00017805386865281814  -869.847091761
1sa1tma        -874.4770844328294   -874.4275472236658   0.00016614861366302902  -874.60469043
1bda1sa        -890.5361952737512   -890.4880799967427   0.00016137942984555673  -890.655521915
1eda1sa        -890.536195274792    -890.4880799967528   0.0001613794333025267   -890.655521915
2ma1sa         -891.7299898836987   -891.6770434934747   0.00017758306296842711  -891.864815317
1am1dma1sa     -891.7389586771468   -891.6861268706471   0.00017719874727415162  -891.875666032
4am1sa         -926.2633642124605   -926.2047783446761   0.0001964979633885977   -926.41602123
1sa3w          -929.3444375164989   -929.2946522559384   0.00016698058212469107  -929.425349599
1mda1sa        -929.8121600405277   -929.7604736315739   0.0001733570650806886   -929.95792506
1pda1sa        -929.8215943106405   -929.7714069491972   0.00016832923509424403  -929.969060651
2am1dma1sa     -948.2674870009863   -948.2092951589741   0.00019517639447340845  -948.438876033
1diAAmda1sa    -969.0794165556194   -969.0251435811512   0.00018203244832558694  -969.252139013
1diABmda1sa    -969.0813875771639   -969.0263692271656   0.0001845324501034457   -969.2532789
1put1sa        -969.1033990916335   -969.0508944087658   0.00017610156923616543  -969.278699097
2dma1sa        -970.2742974864785   -970.2154385364913   0.00019741388558512746  -970.463877211
3ma1sa         -987.5342499694357   -987.4717239569434   0.00020971327349437837  -987.733110044
1sa4w          -1005.7544553879146  -1005.697700683784   0.0001903562103997773   -1005.85567457
1sa1triAABmda  -1008.352935635624   -1008.2951852058424  0.00019369589059742146  -1008.55113067
1am2dma1sa     -1026.8106294703414  -1026.7466898175046  0.00021445464644256302  -1027.03652387
1sa1teAABBmda  -1047.6211014700114  -1047.5607615144368  0.00020238120266480533  -1047.84599025
1sa2tma        -1048.8212382529803  -1048.7590667319855  0.00020852430318526013  -1049.06548947
4put           -1075.8119917779911  -1075.7180258233766  0.00031516335607723614  -1076.43963083
1sa5w          -1082.1632647995948  -1082.1048037907535  0.00019607918444157984  -1082.29174691
4ma1sa         -1083.331968438953   -1083.260952204126   0.00023818961873916587  -1083.59395289
3dma1sa        -1105.3487595663412  -1105.2781128520116  0.00023695024091712396  -1105.62734883
1sa6w          -1158.5736754814789  -1158.5093817938055  0.0002156420851029716   -1158.72450806
1sa7w          -1234.9819463253398  -1234.913723629902   0.00022882004171625252  -1235.15741524
2put1sa        -1238.0696101513415  -1238.0004921368115  0.00023182295666582814  -1238.41059848
4dma1sa        -1240.4183740878655  -1240.3379173401536  0.0002698532541064489   -1240.78830991
1sa8w          -1311.3901464662947  -1311.3183249096182  0.00024089068145735984  -1311.59084233
1sa9w          -1387.8007963904004  -1387.7244212087614  0.00025616361441828503  -1388.02506936
2sa            -1400.238541690085   -1400.1893314349732  0.00016505200439964634  -1400.28213754
1am2sa         -1456.795848726261   -1456.7423554807376  0.00017941722462968667  -1456.87754127
1sa10w         -1464.2091049474827  -1464.1285906182159  0.0002700463835882866   -1464.45745826
2sa1w          -1476.6509224766542  -1476.596929172455   0.00018109442964692069  -1476.71807749
1ma2sa         -1496.0694975508268  -1496.0124075285778  0.00019148087287972125  -1496.17861604
3put1sa        -1507.0414812901302  -1506.9568440969883  0.0002838745367827483   -1507.54831555
2am2sa         -1513.3415665618131  -1513.2825857960227  0.0001978224577911534   -1513.46048087
1dma2sa        -1535.3471945559957  -1535.2867916863531  0.00020259221748302107  -1535.4829532
1sa11w         -1540.6188260100132  -1540.5318163086113  0.00029183196847868407  -1540.88872227
2sa2w          -1553.0625537315357  -1553.0060165333107  0.00018962669201776677  -1553.15558717
3am2sa         -1569.8820486102272  -1569.8178838215176  0.00021520975585990714  -1570.03730451
2sa1tma        -1574.617028590574   -1574.5544654043897  0.00020983795466810102  -1574.78051881
1eda2sa        -1590.6785782506604  -1590.6167775579788  0.00020728053892886915  -1590.83263703
2ma2sa         -1591.8886095647142  -1591.824835872474   0.0002138980118733646   -1592.06479139
1am1dma2sa     -1591.8916418691963  -1591.8258624596024  0.0002206252208416673   -1592.06444376
1sa12w         -1617.0250644279643  -1616.9341189036281  0.000305032783283828    -1617.32060881
4am2sa         -1626.4178336965535  -1626.3479774360012  0.0002342990459580185   -1626.60874597
2sa3w          -1629.474454255292   -1629.4135204455476  0.00020437299930988135  -1629.59083999
2am1dma2sa     -1648.4271751725812  -1648.3606060995742  0.00022327376490684271  -1648.63983056
1put2sa        -1669.2507131465688  -1669.1880942685902  0.00021002474586165099  -1669.46593857
2dma2sa        -1670.4424684940902  -1670.3718170036723  0.0002369662599967446   -1670.67154177
3ma2sa         -1687.6919102229542  -1687.616257644515   0.0002537399914110172   -1687.92763625
1sa13w         -1693.4344020317433  -1693.3403877708909  0.00031532537599346855  -1693.75503422
3am1dma2sa     -1704.9549271918686  -1704.880316239196   0.00025024636147118515  -1705.20030918
2sa4w          -1705.885915982005   -1705.8194557478857  0.00022290871748856855  -1706.02403344
1am2dma2sa     -1726.9778305109805  -1726.9007389250853  0.0002585664460684804   -1727.24151243
2sa2tma        -1748.9824696994701  -1748.9085037595073  0.00024808297824195733  -1749.26730744
1sa14w         -1769.8420408848365  -1769.742302456346   0.0003345243283267095   -1770.18457315
4put1sa        -1776.002963931529   -1775.9007526253104  0.00034281840086723464  -1776.67359264
2sa5w          -1782.296942500181   -1782.2248715826254  0.0002417270419441171   -1782.45723597
4ma2sa         -1783.4958926034878  -1783.411779265813   0.0002821175169373518   -1783.79454175
2am2dma2sa     -1783.5032291976443  -1783.4207259039147  0.0002767174030843767   -1783.80253973
3dma2sa        -1805.5204012870474  -1805.439120061055   0.0002726185678093917   -1805.83954112
2mea2sa        -1820.8513652753547  -1820.778465876818   0.00024450578077013095  -1821.09170967
1sa15w         -1846.2507556271999  -1846.1479105098742  0.00034494421373648714  -1846.61947186
1am3dma2sa     -1862.0570189217315  -1861.9702474888331  0.00029103281200202366  -1862.41299173
2put2sa        -1938.2316813489444  -1938.1515932848513  0.00026861668319007125  -1938.61124837
4dma2sa        -1940.593717052665   -1940.5004990987075  0.00031265454958043313  -1941.00079169
3sa            -2100.360851522249   -2100.2968732300697  0.00021458424343182022  -2100.43712989
1am3sa         -2156.9229911131442  -2156.855317104473   0.00022697973728379728  -2157.03722161
3sa1w          -2176.774538234718   -2176.7086862143847  0.0002208687584553481   -2176.87597951
1ma3sa         -2196.2010348710874  -2196.131268305661   0.00023399820703175005  -2196.34522264
3put2sa        -2207.2070847551045  -2207.1104305931412  0.0003241796477052949   -2207.75020068
2am3sa         -2213.478387941125   -2213.40630478728    0.00024176808265978107  -2213.63194206
1dma3sa        -2235.478601084518   -2235.406087543147   0.00024321160949475367  -2235.65019767
3sa2w          -2253.188224683217   -2253.115705171214   0.0002432316350927321   -2253.31097163
3am3sa         -2270.0309356405387  -2269.9541559743498  0.00025752026224697426  -2270.22312283
3sa1tma        -2274.742227485781   -2274.6682722462974  0.0002480470886578008   -2274.94249336
1eda3sa        -2290.817749849852   -2290.744175068859   0.00024677102462845126  -2291.00840096
2ma3sa         -2292.0273743157304  -2291.9492907974973  0.00026189340343097626  -2292.23714334
1am1dma3sa     -2292.028292360172   -2291.9510111617374  0.00025920240964229165  -2292.23825492
4am3sa         -2326.5776979428542  -2326.49926992613    0.00026304885703130426  -2326.80946507
3sa3w          -2329.6028356249412  -2329.5280045735294  0.0002509845762596147   -2329.75100772
2am1dma3sa     -2348.582334529295   -2348.50088124869    0.000273195641808472    -2348.83080637
1put3sa        -2369.389646904608   -2369.3143451181013  0.00025256342950523485  -2369.64049479
2dma3sa        -2370.579271161855   -2370.4956279076378  0.0002805408492946813   -2370.84380117
3ma3sa         -2387.851779474244   -2387.766402918242   0.0002863543719661654   -2388.12841147
3am1dma3sa     -2405.1231270130265  -2405.0388043472667  0.00028281960677489917  -2405.41026622
3sa4w          -2406.014764888153   -2405.9355402855813  0.00026572061905664774  -2406.18625497
1am2dma3sa     -2427.1233347129487  -2427.0362145666813  0.0002922024023718733   -2427.4265418
4put2sa        -2476.163054956365   -2476.0509466006065  0.00037601326768020945  -2476.87181437
3sa5w          -2482.427719936425   -2482.342381700047   0.00028622584731848846  -2482.62159237
4ma3sa         -2483.6689963323406  -2483.5770806327237  0.0003082867671207287   -2484.01098253
2am2dma3sa     -2483.673153418525   -2483.5826388734376  0.0003035872718015514   -2484.01507765
3dma3sa        -2505.675583903241   -2505.5820799501585  0.00031361379534730524  -2506.03268865
1am3dma3sa     -2562.217675239816   -2562.121539145329   0.0003224420408750349   -2562.61513259
2put3sa        -2638.38462719384    -2638.2953452114034  0.00029945323641388584  -2638.80583177
4dma3sa        -2640.759633549614   -2640.6568723718324  0.00034466267912764244  -2641.21009126
3mea3sa        -2731.3001087574567  -2731.207087879969   0.00031199355186162426  -2731.67825649
4sa            -2800.4868527960375  -2800.413165281392   0.0002471491351516843   -2800.59993014
1am4sa         -2857.0472394034186  -2856.968760862359   0.00026321831648415216  -2857.19689632
4sa1w          -2876.8993549634165  -2876.8208235550123  0.0002633956344258843   -2877.03568434
1ma4sa         -2896.3230274151265  -2896.2407644482846  0.00027591134275261323  -2896.50324341
3put3sa        -2907.367867343317   -2907.259787487018   0.00036250161428378686  -2907.95001047
2am4sa         -2913.609177400789   -2913.5267579492975  0.00027643619484063974  -2913.80125499
1dma4sa        -2935.600814655214   -2935.515656485216   0.00028562190172131796  -2935.80826783
4sa2w          -2953.315617554418   -2953.2316589527636  0.00028159852978152197  -2953.47348334
3am4sa         -2970.164504051209   -2970.077731816716   0.0002910355005622271   -2970.39334553
1eda4sa        -2990.953083580447   -2990.8717089787315  0.0002729317515201354   -2991.18521034
1am1dma4sa     -2992.158495064505   -2992.0686776817793  0.00030124897778211835  -2992.40313905
2ma4sa         -2992.158957897123   -2992.069370466617   0.0003004777142576699   -2992.40552692
4am4sa         -3026.7231355523227  -3026.631116281022   0.00030863414825005667  -3026.9894603
4sa3w          -3029.7304018491336  -3029.644631471565   0.0002876752559748363   -3029.91366208
2am1dma4sa     -3048.716420068038   -3048.624662846436   0.0003077552292535311   -3049.00192236
1put4sa        -3069.5283360603867  -3069.439500183173   0.0002979569921631399   -3069.81307157
2dma4sa        -3070.70857907491    -3070.614920351121   0.0003141328988410318   -3071.00839294
5am4sa         -3083.2590728920163  -3083.1640408346075  0.00031873908237065913  -3083.56513976
3ma4sa         -3087.9862462953906  -3087.89031182725    0.0003217657827962835   -3088.29984158
3am1dma4sa     -3105.2678067491843  -3105.1665180440377  0.00033972398170860487  -3105.58561976
4sa4w          -3106.1430154917857  -3106.053422280644   0.00030049710260403686  -3106.35071465
1am2dma4sa     -3127.268112238761   -3127.1696754374225  0.00033015864946731423  -3127.60736204
4put3sa        -3176.3421646198085  -3176.2228068840523  0.0004003278073328862   -3177.09694924
4sa5w          -3182.5554461688516  -3182.4595448660493  0.00032165454570615544  -3182.78564766
4ma4sa         -3183.8170026808484  -3183.711934607987   0.0003524000431376978   -3184.19469671
2am2dma4sa     -3183.818633858038   -3183.716694773833   0.00034190536376067066  -3184.1991653
3dma4sa        -3205.8085448777     -3205.7036051902423  0.0003519694363836707   -3206.20176874
2mea4sa        -3221.1247059403095  -3221.0297370976937  0.0003185270589161757   -3221.43814345
1am3dma4sa     -3262.3585344485296  -3262.2480685326623  0.0003705044972905939   -3262.79083034
2put4sa        -3338.53748709583    -3338.4347972984488  0.0003444232680906922   -3338.99318676
4dma4sa        -3340.9081482805477  -3340.790709813166   0.00039389054966258523  -3341.39280619
5dma4sa        -3475.9982648430905  -3475.873020955089   0.00042007005870097944  -3476.57844296
1am5sa         -3557.1703910744336  -3557.078749699095   0.0003073666789824588   -3557.35785401
3put4sa        -3607.5188186107     -3607.400713236134   0.00039612736731762133  -3608.14116524
2am5sa         -3613.73124284801    -3613.6349268567437  0.000323045417630031    -3613.95631268
1dma5sa        -3635.724180108845   -3635.6268428631415  0.00032647072179487895  -3635.96694938
3am5sa         -3670.3022814456704  -3670.202067644727   0.0003361187353460382   -3670.56626896
4am5sa         -3726.850249506796   -3726.7442601425437  0.0003554900696040202   -3727.15218053
5am5sa         -3783.4137637928325  -3783.3027969684017  0.00037218455284517953  -3783.75238134
4put4sa        -3876.508206594898   -3876.3770987849616  0.00043973774924153437  -3877.30030276
