#CLUSTER   ddG_298.15K_[Eh]     ddH_298.15K_[Eh]     ddS_298.15K_[Eh/K]
3am1b3sa   438843.8577204702    438764.3464980263    -266.6819468195914
1b2dma5sa  438790.8253816264    438690.37823900534   -336.901367165734
1b3dma5sa  438773.8580928494    438661.12676596735   -378.1027230660373
4am        12.992432059167186   -11.624004602112109  -82.56393312523457
10w        12.889488337154035   -77.90589907485992   -304.5292215736746
8w         11.972146089712624   -57.64680466684513   -233.50310500326998
9w         11.557714820432011   -68.23660717601888   -267.63146737088607
7w         11.52920243202243    -46.81059048953466   -195.6726242549156
4dma       11.231757681292947   -19.505428344535176  -103.09302708673897
6w         9.408645089599304    -36.0508045994211    -152.4717413687382
3dma       9.142342185834423    -11.513948358304333  -69.28153796478047
3am        8.02662454948586     -7.418765016409452   -51.804090444071335
5w         7.039586827508174    -29.18062732508406   -121.4831935358321
2dma       5.741408985923044    -3.654629383701831   -31.514467112543656
4w         5.400222955620848    -21.3165363324224    -89.60844973358674
3w         4.828289890807355    -12.054036483372329  -56.62360011479821
1fd1gd     4.822280941079953    -4.292888916985248   -30.572429509085076
2am        4.0527400007267715   -1.6511738846602384  -19.131020913651653
2w         3.180257827960304    -3.3219311430002563  -21.808448670125372
1b2dma     1.3034243372094352   -21.249004705634434  -75.64121765238832
1am1b      1.0380666611599736   -8.727241534215864   -32.75300417761956
1b1dma     0.4102645345410565   -11.569575745263137  -40.18058118362305
1gd1ml     0.2462636224954622   -9.978147661822732   -34.29284348248721
1gd1w      0.16794788192783017  -9.166371318337042   -31.30746000437177
1w         0.0                  0.0                  0.0
1tma       0.0                  0.0                  0.0
1sa        0.0                  0.0                  0.0
1pxml      0.0                  0.0                  0.0
1pxfa      0.0                  0.0                  0.0
1msa       0.0                  0.0                  0.0
1ml        0.0                  0.0                  0.0
1ma        0.0                  0.0                  0.0
1gd        0.0                  0.0                  0.0
1fd        0.0                  0.0                  0.0
1fa        0.0                  0.0                  0.0
1dma1p     0.0                  0.0                  0.0
1dma       0.0                  0.0                  0.0
1b         0.0                  0.0                  0.0
1am1p      0.0                  0.0                  0.0
1am        0.0                  0.0                  0.0
1msa1w     -0.989704531384632   -10.997541139819077  -33.566448460707626
1msa2w     -1.1195964988437481  -20.959041736408835  -66.54182538205
2gd        -1.3953548319404945  -12.422450325189857  -36.98505951125759
3gd        -1.4852950249332935  -24.895515556796454  -78.51826440350024
1gd1pxml   -1.532499319378985   -13.001783903921023  -38.4681689906848
1msa3w     -1.6958009848603979  -31.866234470100608  -101.19212975164093
1sa1w      -1.9607017095549963  -11.126678943095612  -30.742838280859424
1sa2w      -2.4730714523466304  -21.692249844636535  -64.4614401886314
1gd1pxfa   -2.8254182036907878  -14.105277982598636  -37.83283507944526
1sa3w      -3.3917469165171497  -32.47799216618296   -97.55574459031396
1am1sa     -6.127788279671222   -15.078109200461768  -30.01952346439306
2sa        -6.285036257584579   -17.76917462644633   -38.51798882680724
1fa1gd     -6.395123488895479   -17.618819260023884  -37.644460074170844
2msa1w     -6.42962435138179    -29.71828106585599   -78.11053736217119
2msa       -6.533268190687522   -19.7807327688206    -44.432213913557135
2msa3w     -7.923384438327048   -53.305871460353956  -152.2136073192657
2msa2w     -8.118132330127992   -43.41409709546133   -118.38324590087996
1msa1sa    -8.37079028802691    -21.617921540571842  -44.43109593279519
4gd        -8.533232327143196   -44.93372973462101   -122.08786653575743
1dma1p1sa  -8.628574845031835   -18.168904938269407  -31.998423925364563
2sa1w      -8.955623277521227   -30.8258580792899    -73.35312695522992
1b1gd      -9.296975516263046   -20.19730196353339   -36.559874047487895
1msa1sa2w  -9.547634787508287   -42.437042344216025  -110.31161347142924
1msa1sa3w  -9.62686172540998    -52.874953537248075  -145.05481070578608
2am1sa     -9.826661436643917   -28.200697372376453  -61.62681849995843
1msa1sa1w  -10.465296605369076  -33.200414620674565  -76.25395946847715
2sa2w      -10.702624037861824  -42.53132946320693   -106.75400109159473
3sa        -11.713016990339383  -36.71865477692336   -83.86932009465986
2sa3w      -11.742043379403185  -55.09666623175144   -145.41211756574037
2msa1sa    -12.441313121351413  -38.84917023580056   -88.57238676624745
1am1p1sa   -14.041454947902821  -21.50289856188465   -25.025804507636636
2msa1sa1w  -14.05311196524417   -50.58029685453221   -122.51277843137217
2dma1sa    -14.1907689855434    -36.546139931771904  -74.98028155726236
1msa2sa    -14.381268640514463  -40.36764987348579   -87.15874973380774
2dma1p     -14.642829696516856  -24.450847578787943  -32.89625316891163
1dma1p2sa  -15.46526653226465   -37.17413550626952   -72.81190331743157
1msa2sa1w  -15.995388712792192  -52.714329385358724  -123.15593047925123
1b2gd      -16.17733609318384   -41.352379914111225  -84.4375107210226
2msa1sa3w  -16.8949736354989    -75.09016420866828   -195.18762560263752
1msa2sa2w  -16.953308300464414  -64.13105950769386   -158.23495290092825
2msa1sa2w  -17.00920811202377   -66.41471669261227   -165.70688774429527
4dma1sa    -17.346868320426438  -64.46628309111111   -158.03929153292165
3dma1sa    -17.41626555559924   -51.83728966972558   -115.44868057750647
1msa2sa3w  -18.0760759205441    -75.75362901645713   -193.45146099589704
4sa        -18.572523657698184  -57.39636520878412   -130.2158026210181
2msa2sa    -18.57535801862832   -58.39575391623657   -133.55826227728969
2am1p      -18.643026281242783  -25.799342582839017  -24.002402487276328
5dma1p     -18.790312468161574  -62.674008129833965  -147.18663646390303
1gd1sa     -19.272093708859757  -29.39131860563066   -33.94004660982043
1am2sa     -20.417960631777532  -42.99045462231152   -75.70851581481158
4dma1p     -21.163339304941474  -52.80831160469097   -106.13775716879631
3dma1p     -21.58652377506951   -42.12692941201385   -68.89285808175394
2msa2sa1w  -22.494635520444717  -72.33570150313608   -167.1677544275763
2msa2sa2w  -24.657711814390495  -86.80685853536124   -208.44925950468667
2gd1sa     -27.061535868328065  -50.85197545285337   -79.79352535481004
2msa2sa3w  -27.347204263845924  -100.24427395209204  -244.4979697749751
2am2sa     -27.431073561660014  -59.823821580503136  -108.64580921933916
1am3sa     -30.392375205177814  -65.42325222422369   -117.49413724278119
3am2sa     -30.73989696195349   -74.01780558458995   -145.15481677911367
1am1b1sa   -31.547951520886272  -55.80369892093586   -81.35417541504653
2am1b1sa   -32.82571714138612   -67.09573717211606   -114.94221040033521
1b1sa      -33.55761037732009   -47.42947668983834   -46.52646759231716
2am1p1sa   -34.075669289333746  -51.83950518158963   -59.58019752551003
4am1p      -35.72059231775347   -58.691652540437644  -77.04531350879085
3gd1sa     -35.9655873986776    -72.12032283347799   -121.26357683954602
5am1p      -37.201859821449034  -69.23895359114977   -107.4529390229741
1gd2sa     -37.20189459831454   -62.19109627767466   -83.81419312214926
2dma1p1sa  -37.57382763456553   -58.780541492742486  -71.12766680597306
1b1dma1sa  -40.509447909658775  -66.07805883779656   -85.75754126472555
1b2dma1sa  -41.43492030224297   -79.12641795503441   -126.417902574658
1dma3sa    -41.58679978479631   -78.96769503154792   -125.37613699970134
2am3sa     -41.694935695733875  -87.89219199004583   -154.9463568483781
4gd1sa     -42.361636774207     -92.45341234881198   -168.00863852050287
3am1p1sa   -42.6478729021037    -70.0589297466795    -91.93713514862729
1b1gd1sa   -46.74222675152123   -68.7930186665617    -73.95871848164404
4am1p1sa   -47.67808684578631   -84.56300934695173   -123.71263626072047
2am1p2sa   -47.70424390712287   -78.52750096248928   -103.38171073366719
1gd3sa     -48.51048462605104   -86.21265907189809   -126.45371271485692
1b2sa      -50.0735967742512    -76.84907366964035   -89.8053895535272
3dma1p1sa  -51.22843754698988   -85.53786638763268   -115.0743881966572
2dma1p2sa  -52.17204662086442   -86.36813185596839   -114.69423187897671
3dma2sa    -53.01656088163145   -102.13304430502467  -164.7374926150561
3am3sa     -53.16272884584032   -109.38014106289484  -188.55412448960504
5am1p1sa   -53.229240247863345  -100.20922835904639  -157.5716522260431
2am4sa     -54.28684987616725   -113.87791505269706  -199.8694119615676
1gd4sa     -56.706205499358475  -107.50978274201043  -170.39603301518474
4am3sa     -56.97408266668208   -126.32023294363171  -232.5881277101798
4dma1p1sa  -57.36857215699274   -103.56365129176993  -154.93905461883935
1am1b2sa   -57.99308385106269   -95.96335188881494   -127.35290302892444
2dma3sa    -61.251370701007545  -110.97399635589682  -166.77050362065117
1b3sa      -62.55051781539805   -102.53459519753233  -134.10725266496854
5dma1p1sa  -62.71793577959761   -120.99318982393015  -195.45615980095727
1b1dma2sa  -62.83360875758808   -101.58281431812793  -129.96547228019006
3am1b2sa   -63.93873093498405   -122.48740484798327  -196.37321453579835
2am1b2sa   -64.09508572460618   -112.49592744931579  -162.33721859935451
2gd2sa     -65.19399317586794   -100.87661323253997  -119.6800941017714
3am1p2sa   -65.89372426783666   -107.30947074934375  -138.9090943535312
1b4sa      -66.57744667492807   -119.06999183818698  -176.06085917724414
3am4sa     -67.82280020019971   -139.4279335406609   -240.16479402916187
2dma4sa    -70.73005993803963   -135.188429787755    -216.19443182743223
1b1gd2sa   -72.28982168319635   -112.30537002487108  -134.2128067799776
1b2dma2sa  -73.5284351297887    -125.30203146778513  -173.64949299969203
4am1p2sa   -74.26390853489283   -124.62162235926371  -168.90059977916138
1am1b3sa   -74.82760958722793   -125.4753313169349   -169.87329106141675
3gd2sa     -75.10365931829438   -126.5977814400103   -172.71213188605415
1b1dma3sa  -76.03119219001383   -128.13542777346447  -174.75846246388102
3am1p3sa   -76.3679668281693    -131.7102814442478   -185.6190327547052
3dma1p2sa  -77.79057665821165   -124.19906503811944  -155.65483273391777
3dma3sa    -79.32854692824185   -142.43035989860073  -211.64451776052283
1b3dma2sa  -79.67659335839562   -143.10707082552835  -212.74686388376028
5am1p2sa   -79.71064898290206   -140.58050738240127  -204.1585054489463
3am5sa     -80.03420580178499   -164.9318061536178   -284.74794684545185
2gd3sa     -80.39652730198577   -131.47840943094343  -171.32947217575085
4am4sa     -80.79826665855944   -160.84960929048248  -268.4935188049032
2am1b3sa   -83.08775332174264   -144.9423834194895   -207.46144590794358
5am4sa     -86.09450799366459   -180.00443137809634  -314.97542640928305
4gd2sa     -86.53568133478984   -151.0582210982684   -216.409658773375
3dma1p3sa  -86.97003105282784   -147.20614399388433  -202.03291276658507
4dma3sa    -88.30018397374079   -163.97031449037604  -253.79886136700821
1b1dma4sa  -88.92681368323974   -154.24081488023512  -219.0642334305487
3dma4sa    -89.84621481527574   -166.09056338504888  -255.724798155357
2gd4sa     -91.64823413314298   -156.9424617458135   -218.9979125025822
4dma1p2sa  -92.32371505000629   -151.98013949766755  -200.08862803229493
1b1gd3sa   -92.58020282560028   -146.44111573672853  -180.6503870906737
4am1p3sa   -92.92553385905921   -158.47498079924844  -219.8539223206143
4am5sa     -95.09472100855783   -189.4272640547715   -316.3928997015712
1b2dma3sa  -95.45979509246536   -160.99350963835604  -219.8011556128082
4am1b3sa   -97.0572002090048    -181.16625384264626  -282.1031481928575
5dma1p2sa  -99.19253915618174   -171.7465238715522   -243.3472571361902
2am1b4sa   -100.68462828965858  -176.1503924629651   -253.11341329200496
1b2gd2sa   -100.6908296358306   -150.92869508336298  -168.49862635463302
5am1p3sa   -100.82023678859696  -177.17003510985523  -256.0784783538109
3dma1p4sa  -101.22843051608652  -176.57869964209385  -252.72604100774038
1b1gd4sa   -104.50218097120523  -171.77186702447943  -225.62363257896965
1b3dma3sa  -106.08850952098146  -183.6301384321414   -260.07589773959415
4am6sa     -107.11933485185727  -216.61346112098545  -367.24509900356406
3gd3sa     -107.46746009867638  -170.3584492902737   -210.9374113427381
1b3gd2sa   -108.20902911364101  -174.92728032474406  -223.77411105376984
5am5sa     -109.18844518857077  -217.0231903907843   -361.6795076382185
4am1p4sa   -109.23556555854157  -189.70407000556588  -269.89268638950074
3am1b4sa   -111.13441460439935  -197.7189529510215   -290.40596460190375
4dma1p3sa  -112.31587036978453  -185.22789510176517  -244.5481292374227
1b4dma3sa  -112.51874530571513  -203.22796772653237  -304.2402227769755
6am5sa     -113.04695101547986  -231.48329170700163  -397.23743314235855
1b2dma4sa  -116.87605000752956  -196.10801749443635  -265.74532110132964
1b2gd3sa   -120.73977510631084  -188.29663489037193  -226.58681798920867
5am1p4sa   -121.55929405521601  -212.32719500502571  -304.43703152724123
4dma1p4sa  -122.5865006186068   -209.46400519413874  -291.38857815105666
4am1b4sa   -122.78462815051898  -220.24820219166577  -326.89442911776683
5am6sa     -123.2347210990265   -243.75154502410442  -404.2154080982061
3gd4sa     -125.78016754356213  -202.92189527652226  -258.73462261723955
5am1b4sa   -127.39316741190851  -237.41412457544357  -369.01209848547217
3am1b5sa   -127.87036877637729  -226.32227818248793  -330.209322171994
4gd3sa     -128.01932796440087  -203.97020706022158  -254.74049671493503
6am1p4sa   -131.13628829433583  -233.47756862081587  -343.25433616116476
1b2gd4sa   -132.92258848645724  -214.12724037095904  -272.36173699220393
1b3dma4sa  -133.8433387845289   -225.35949053242803  -306.94667700163296
5am1p5sa   -136.8691418590024   -242.36005149269477  -353.81824461897014
6am6sa     -137.83656642213464  -269.385064273607    -441.2158237547706
4am1b5sa   -138.6383296493441   -248.7017995514907   -369.1546869072452
1b3gd3sa   -144.87352993898094  -222.9424805296585   -261.84454332209407
5dma1p4sa  -146.37434977246448  -245.46308451797813  -332.3452448297583
5am1b5sa   -147.78026176337153  -270.03817356657237  -410.0550454564675
6am1p5sa   -152.65747348032892  -270.1583932978101   -394.1000161580974
6am1b5sa   -157.05280530638993  -291.2065319297835   -449.9538038669535
1b3gd4sa   -162.8460062847007   -254.35808029049076  -306.9330001882331
6am1p6sa   -164.89610798703507  -293.60646436503157  -431.6966506087641
4gd4sa     -165.2938519497402   -255.85611382173374  -303.74731467955945
1b4gd3sa   -168.95075361593626  -262.2865707206074   -313.0498645129755
1b4gd4sa   -194.0304584740661   -299.1356085711159   -352.524400796376
