1.1365504559747128 1.144348905684229 1.1084031976659225 1.1724961639930194
0.9933771653856014 0.8624691463249401 0.7927957925034967 1.0630505192070447
1.4919197261425285 1.3517493311765998 1.3429111350818725 1.5007579222372558
1.491921540175537 1.3517500116363341 1.342912661522704 1.500758890289167
1.1443478165185184 1.1365485354670235 1.172495405667108 1.1084009463184339
1.458006076229175 1.3213640696940026 1.3078709350203632 1.4714992109028144
1.457998693832265 1.3213535012582494 1.3078591586734554 1.471493036417059
1.251019701890588 1.241097652235236 1.197480061457465 1.2946372926683591
1.2510111212379924 1.2410893469170343 1.1974713675670747 1.2946291005879518
1.241096979494908 1.25101622824386 1.2946347414159254 1.1974784663228424
1.2510075188231458 1.2410923803164766 1.197468218039122 1.2946316811005003
1.1365504171207457 1.1443484766698357 1.108402394160062 1.1724964996305196
Ea: 2.0645 kcal/mol  Q_TS: 1.7207535543365528e+16  k: 2.6002790366009772e-12
