Cluster		E(wB97X-D)	H-corr:	G-corr:	H(wB97X-D)	G(wB97X-D)	S(wB97X-D)	E(DLPNO)	
1sa		-700.1261	0.0456	0.0111	-700.0805	-700.1150	72.540		-699.4600551261
1w		-76.4096	0.0255	0.0041	-76.3841	-76.4055	45.069		-76.3420634988
2sa0w		-1400.2821	0.0931	0.0420	-1400.1890	-1400.2401	107.471		-1398.9494445578
3sa0w		-2100.4371	0.1407	0.0712	-2100.2964	-2100.3659	146.277		-2098.4382604462
4sa0w		-2800.5999	0.1874	0.1092	-2800.4126	-2800.4907	164.429		-2797.9336403248
								
Cluster		E(wB97X-D)	H-corr:	G-corr:	H(wB97X-D)	G(wB97X-D)	S(wB97X-D)	E(DLPNO)	
2sa1w_01	-1476.7165	0.1209	0.0639	-1476.5955	-1476.6526	120.097		-1475.3130169233
2sa1w_02	-1476.7175	0.1212	0.0650	-1476.5962	-1476.6525	118.439		-1475.3146728627
2sa1w_03	-1476.7155	0.1213	0.0631	-1476.5942	-1476.6524	122.466		-1475.3123450991
2sa1w_04	-1476.7181	0.1215	0.0657	-1476.5965	-1476.6524	117.471		-
2sa1w_05	-1476.7167	0.1209	0.0646	-1476.5958	-1476.6521	118.621		-
2sa1w_06	-1476.7150	0.1214	0.0637	-1476.5935	-1476.6513	121.527		-
2sa1w_07	-1476.7153	0.1216	0.0641	-1476.5938	-1476.6513	121.005		-
2sa1w_08	-1476.7145	0.1215	0.0633	-1476.5930	-1476.6512	122.481		-
2sa1w_09	-1476.7158	0.1212	0.0649	-1476.5946	-1476.6509	118.427		-
2sa1w_10	-1476.7155	0.1209	0.0647	-1476.5946	-1476.6507	118.155		-
2sa1w_11	-1476.7122	0.1207	0.0618	-1476.5915	-1476.6504	124.087		-
2sa1w_12	-1476.7127	0.1208	0.0625	-1476.5919	-1476.6502	122.785		-
2sa1w_13	-1476.7162	0.1214	0.0661	-1476.5948	-1476.6501	116.471		-
2sa1w_14	-1476.7149	0.1211	0.0649	-1476.5938	-1476.6500	118.266		-
2sa1w_15	-1476.7121	0.1208	0.0622	-1476.5913	-1476.6499	123.327		-
2sa1w_16	-1476.7116	0.1209	0.0619	-1476.5907	-1476.6497	124.267		-
2sa1w_17	-1476.7117	0.1209	0.0620	-1476.5908	-1476.6497	123.946		-
2sa1w_18	-1476.7139	0.1212	0.0645	-1476.5927	-1476.6494	119.348		-
2sa1w_19	-1476.7164	0.1215	0.0671	-1476.5949	-1476.6492	114.472		-
2sa1w_20	-1476.7101	0.1207	0.0626	-1476.5894	-1476.6474	122.165		-
2sa1w_21	-1476.7133	0.1223	0.0666	-1476.5910	-1476.6467	117.241		-
2sa1w_22	-1476.7095	0.1218	0.0642	-1476.5878	-1476.6454	121.205		-
2sa1w_23	-1476.7085	0.1214	0.0640	-1476.5872	-1476.6445	120.705		-
2sa1w_24	-1476.7107	0.1218	0.0662	-1476.5890	-1476.6445	116.886		-
2sa1w_25	-1476.7055	0.1211	0.0623	-1476.5844	-1476.6432	123.838		-
2sa1w_26	-1476.7029	0.1222	0.0623	-1476.5808	-1476.6406	126.013		-
2sa1w_27	-1476.7047	0.1220	0.0642	-1476.5827	-1476.6406	121.677		-
2sa1w_28	-1476.7029	0.1222	0.0625	-1476.5807	-1476.6404	125.531		-
2sa1w_29	-1476.7001	0.1220	0.0619	-1476.5782	-1476.6383	126.507		-
2sa1w_30	-1476.7001	0.1221	0.0620	-1476.5781	-1476.6381	126.394		-
2sa1w_31	-1476.6985	0.1211	0.0610	-1476.5774	-1476.6375	126.647		-
2sa1w_32	-1476.7009	0.1206	0.0638	-1476.5803	-1476.6371	119.544		-
2sa1w_33	-1476.6971	0.1212	0.0600	-1476.5759	-1476.6371	128.784		-
2sa1w_34	-1476.6971	0.1214	0.0604	-1476.5757	-1476.6367	128.505		-
2sa1w_35	-1476.6976	0.1219	0.0615	-1476.5757	-1476.6362	127.240		-
2sa1w_36	-1476.6973	0.1219	0.0619	-1476.5755	-1476.6354	126.114		-
2sa1w_37	-1476.6947	0.1217	0.0620	-1476.5731	-1476.6327	125.520		-
								
Cluster		E(wB97X-D)	H-corr:	G-corr:	H(wB97X-D)	G(wB97X-D)	S(wB97X-D)	E(DLPNO)	
2sa2w_01	-1553.1503	0.1492	0.0847	-1553.0011	-1553.0656	135.710		-1551.6762611577
2sa2w_02	-1553.1505	0.1491	0.0855	-1553.0013	-1553.0650	133.984		-1551.6764627898
2sa2w_03	-1553.1508	0.1489	0.0859	-1553.0019	-1553.0649	132.519		-1551.6767084429
2sa2w_04	-1553.1520	0.1492	0.0875	-1553.0029	-1553.0646	129.784		-
2sa2w_05	-1553.1519	0.1489	0.0874	-1553.0030	-1553.0645	129.528		-
2sa2w_06	-1553.1489	0.1489	0.0844	-1553.0000	-1553.0645	135.758		-
2sa2w_07	-1553.1527	0.1490	0.0884	-1553.0038	-1553.0643	127.435		-
2sa2w_08	-1553.1485	0.1482	0.0842	-1553.0003	-1553.0643	134.663		-
2sa2w_09	-1553.1478	0.1481	0.0837	-1552.9996	-1553.0641	135.638		-
2sa2w_10	-1553.1515	0.1490	0.0874	-1553.0025	-1553.0641	129.589		-
2sa2w_11	-1553.1493	0.1490	0.0853	-1553.0003	-1553.0640	134.076		-
2sa2w_12	-1553.1510	0.1497	0.0871	-1553.0013	-1553.0639	131.835		-
2sa2w_13	-1553.1509	0.1487	0.0872	-1553.0022	-1553.0637	129.419		-
2sa2w_14	-1553.1489	0.1482	0.0852	-1553.0007	-1553.0637	132.610		-
2sa2w_15	-1553.1498	0.1493	0.0861	-1553.0005	-1553.0637	132.937		-
2sa2w_16	-1553.1490	0.1484	0.0856	-1553.0006	-1553.0635	132.332		-
2sa2w_17	-1553.1556	0.1501	0.0922	-1553.0055	-1553.0634	121.803		-
2sa2w_18	-1553.1498	0.1491	0.0867	-1553.0007	-1553.0632	131.378		-
2sa2w_19	-1553.1482	0.1491	0.0850	-1552.9991	-1553.0631	134.828		-
2sa2w_20	-1553.1530	0.1500	0.0900	-1553.0030	-1553.0630	126.249		-
2sa2w_21	-1553.1490	0.1493	0.0862	-1552.9997	-1553.0628	132.908		-
2sa2w_22	-1553.1519	0.1491	0.0892	-1553.0029	-1553.0627	125.945		-
2sa2w_23	-1553.1479	0.1489	0.0853	-1552.9990	-1553.0627	133.961		-
2sa2w_24	-1553.1478	0.1487	0.0855	-1552.9992	-1553.0623	132.972		-
2sa2w_25	-1553.1496	0.1492	0.0873	-1553.0004	-1553.0623	130.228		-
2sa2w_26	-1553.1469	0.1485	0.0846	-1552.9984	-1553.0623	134.504		-
2sa2w_27	-1553.1510	0.1497	0.0891	-1553.0013	-1553.0620	127.665		-
2sa2w_28	-1553.1509	0.1489	0.0891	-1553.0021	-1553.0619	125.909		-
2sa2w_29	-1553.1509	0.1491	0.0891	-1553.0018	-1553.0618	126.283		-
2sa2w_30	-1553.1482	0.1487	0.0865	-1552.9995	-1553.0617	130.878		-
2sa2w_31	-1553.1451	0.1492	0.0837	-1552.9958	-1553.0614	137.918		-
2sa2w_32	-1553.1459	0.1482	0.0845	-1552.9976	-1553.0613	134.067		-
2sa2w_33	-1553.1503	0.1500	0.0892	-1553.0003	-1553.0611	127.934		-
2sa2w_34	-1553.1444	0.1482	0.0834	-1552.9962	-1553.0611	136.504		-
2sa2w_35	-1553.1472	0.1477	0.0862	-1552.9995	-1553.0610	129.446		-
2sa2w_36	-1553.1479	0.1487	0.0871	-1552.9992	-1553.0608	129.783		-
2sa2w_37	-1553.1474	0.1488	0.0870	-1552.9986	-1553.0605	130.226		-
2sa2w_38	-1553.1444	0.1490	0.0840	-1552.9954	-1553.0604	136.785		-
2sa2w_39	-1553.1458	0.1487	0.0855	-1552.9971	-1553.0603	133.026		-
2sa2w_40	-1553.1486	0.1496	0.0884	-1552.9989	-1553.0601	128.828		-
2sa2w_41	-1553.1470	0.1490	0.0869	-1552.9981	-1553.0601	130.522		-
2sa2w_42	-1553.1426	0.1489	0.0829	-1552.9937	-1553.0597	138.912		-
2sa2w_43	-1553.1470	0.1492	0.0875	-1552.9979	-1553.0595	129.723		-
2sa2w_44	-1553.1505	0.1504	0.0912	-1553.0002	-1553.0594	124.521		-
2sa2w_45	-1553.1481	0.1500	0.0889	-1552.9980	-1553.0592	128.772		-
2sa2w_46	-1553.1471	0.1492	0.0883	-1552.9979	-1553.0588	128.087		-
2sa2w_47	-1553.1459	0.1492	0.0877	-1552.9968	-1553.0583	129.489		-
2sa2w_48	-1553.1448	0.1485	0.0865	-1552.9963	-1553.0583	130.393		-
2sa2w_49	-1553.1446	0.1486	0.0865	-1552.9960	-1553.0581	130.573		-
2sa2w_50	-1553.1461	0.1498	0.0881	-1552.9963	-1553.0580	129.881		-
2sa2w_51	-1553.1456	0.1486	0.0876	-1552.9970	-1553.0580	128.273		-
2sa2w_52	-1553.1453	0.1497	0.0876	-1552.9956	-1553.0576	130.601		-
2sa2w_53	-1553.1446	0.1491	0.0872	-1552.9954	-1553.0574	130.338		-
2sa2w_54	-1553.1446	0.1491	0.0874	-1552.9955	-1553.0572	129.875		-
2sa2w_55	-1553.1458	0.1496	0.0889	-1552.9962	-1553.0568	127.612		-
2sa2w_56	-1553.1445	0.1493	0.0889	-1552.9953	-1553.0556	127.061		-
2sa2w_57	-1553.1340	0.1491	0.0787	-1552.9849	-1553.0553	148.050		-
2sa2w_58	-1553.1403	0.1491	0.0857	-1552.9912	-1553.0546	133.445		-
2sa2w_59	-1553.1345	0.1493	0.0816	-1552.9852	-1553.0529	142.420		-
2sa2w_60	-1553.1347	0.1491	0.0831	-1552.9856	-1553.0516	138.852		-
2sa2w_61	-1553.1337	0.1489	0.0824	-1552.9848	-1553.0513	139.950		-
2sa2w_62	-1553.1330	0.1491	0.0824	-1552.9840	-1553.0506	140.347		-
2sa2w_63	-1553.1327	0.1481	0.0846	-1552.9846	-1553.0481	133.549		-
								
Cluster		E(wB97X-D)	H-corr:	G-corr:	H(wB97X-D)	G(wB97X-D)	S(wB97X-D)	E(DLPNO)	
2sa3w_01	-1629.5857	0.1760	0.1089	-1629.4097	-1629.4768	141.127		-1628.0368647588
2sa3w_02	-1629.5840	0.1768	0.1076	-1629.4072	-1629.4764	145.653		-1628.0381738801
2sa3w_03	-1629.5831	0.1767	0.1070	-1629.4064	-1629.4761	146.641		-1628.037470844
2sa3w_04	-1629.5908	0.1779	0.1149	-1629.4129	-1629.4760	132.705		-
2sa3w_05	-1629.5824	0.1765	0.1066	-1629.4059	-1629.4759	147.270		-
2sa3w_06	-1629.5880	0.1776	0.1124	-1629.4104	-1629.4757	137.236		-
2sa3w_07	-1629.5833	0.1768	0.1076	-1629.4065	-1629.4756	145.531		-
2sa3w_08	-1629.5852	0.1767	0.1096	-1629.4085	-1629.4756	141.334		-
2sa3w_09	-1629.5848	0.1770	0.1092	-1629.4078	-1629.4756	142.703		-
2sa3w_10	-1629.5825	0.1765	0.1070	-1629.4060	-1629.4755	146.357		-
2sa3w_11	-1629.5848	0.1766	0.1094	-1629.4082	-1629.4754	141.434		-
2sa3w_12	-1629.5850	0.1767	0.1096	-1629.4084	-1629.4754	141.084		-
2sa3w_13	-1629.5815	0.1766	0.1061	-1629.4049	-1629.4754	148.398		-
2sa3w_14	-1629.5823	0.1766	0.1069	-1629.4057	-1629.4754	146.652		-
2sa3w_15	-1629.5859	0.1773	0.1106	-1629.4086	-1629.4753	140.386		-
2sa3w_16	-1629.5826	0.1766	0.1073	-1629.4060	-1629.4753	145.900		-
2sa3w_17	-1629.5859	0.1772	0.1109	-1629.4087	-1629.4751	139.669		-
2sa3w_18	-1629.5835	0.1768	0.1085	-1629.4067	-1629.4750	143.670		-
2sa3w_19	-1629.5819	0.1766	0.1070	-1629.4052	-1629.4748	146.410		-
2sa3w_20	-1629.5819	0.1766	0.1071	-1629.4053	-1629.4748	146.219		-
2sa3w_21	-1629.5818	0.1769	0.1071	-1629.4049	-1629.4747	146.826		-
2sa3w_22	-1629.5852	0.1772	0.1105	-1629.4080	-1629.4747	140.238		-
2sa3w_23	-1629.5834	0.1768	0.1087	-1629.4065	-1629.4746	143.324		-
2sa3w_24	-1629.5835	0.1771	0.1090	-1629.4064	-1629.4745	143.274		-
2sa3w_25	-1629.5869	0.1778	0.1126	-1629.4091	-1629.4743	137.114		-
2sa3w_26	-1629.5838	0.1770	0.1097	-1629.4068	-1629.4741	141.727		-
2sa3w_27	-1629.5878	0.1782	0.1138	-1629.4096	-1629.4741	135.624		-
2sa3w_28	-1629.5817	0.1770	0.1077	-1629.4047	-1629.4740	145.846		-
2sa3w_29	-1629.5817	0.1767	0.1078	-1629.4050	-1629.4739	144.923		-
2sa3w_30	-1629.5841	0.1771	0.1103	-1629.4070	-1629.4738	140.586		-
2sa3w_31	-1629.5826	0.1769	0.1088	-1629.4057	-1629.4738	143.254		-
2sa3w_32	-1629.5815	0.1766	0.1078	-1629.4049	-1629.4737	144.716		-
2sa3w_33	-1629.5821	0.1767	0.1085	-1629.4054	-1629.4736	143.588		-
2sa3w_34	-1629.5796	0.1770	0.1060	-1629.4026	-1629.4736	149.297		-
2sa3w_35	-1629.5800	0.1763	0.1065	-1629.4037	-1629.4736	146.986		-
2sa3w_36	-1629.5803	0.1765	0.1068	-1629.4039	-1629.4735	146.549		-
2sa3w_37	-1629.5796	0.1768	0.1061	-1629.4028	-1629.4735	148.729		-
2sa3w_38	-1629.5812	0.1771	0.1078	-1629.4041	-1629.4734	145.960		-
2sa3w_39	-1629.5866	0.1776	0.1133	-1629.4089	-1629.4732	135.367		-
2sa3w_40	-1629.5824	0.1774	0.1092	-1629.4050	-1629.4732	143.500		-
2sa3w_41	-1629.5813	0.1766	0.1082	-1629.4047	-1629.4731	144.093		-
2sa3w_42	-1629.5796	0.1770	0.1065	-1629.4026	-1629.4731	148.448		-
2sa3w_43	-1629.5845	0.1783	0.1113	-1629.4062	-1629.4731	140.845		-
2sa3w_44	-1629.5819	0.1768	0.1088	-1629.4052	-1629.4731	143.014		-
2sa3w_45	-1629.5762	0.1769	0.1032	-1629.3993	-1629.4730	155.183		-
2sa3w_46	-1629.5824	0.1770	0.1094	-1629.4054	-1629.4730	142.297		-
2sa3w_47	-1629.5820	0.1768	0.1090	-1629.4051	-1629.4730	142.811		-
2sa3w_48	-1629.5868	0.1784	0.1138	-1629.4084	-1629.4730	135.847		-
2sa3w_49	-1629.5831	0.1782	0.1104	-1629.4048	-1629.4727	142.883		-
2sa3w_50	-1629.5799	0.1753	0.1072	-1629.4045	-1629.4727	143.472		-
2sa3w_51	-1629.5819	0.1778	0.1093	-1629.4042	-1629.4726	144.043		-
2sa3w_52	-1629.5809	0.1765	0.1084	-1629.4044	-1629.4725	143.298		-
2sa3w_53	-1629.5779	0.1777	0.1054	-1629.4003	-1629.4725	151.992		-
2sa3w_54	-1629.5836	0.1770	0.1112	-1629.4066	-1629.4725	138.645		-
2sa3w_55	-1629.5794	0.1769	0.1070	-1629.4025	-1629.4725	147.234		-
2sa3w_56	-1629.5797	0.1773	0.1073	-1629.4025	-1629.4724	147.179		-
2sa3w_57	-1629.5797	0.1763	0.1075	-1629.4034	-1629.4722	144.713		-
2sa3w_58	-1629.5771	0.1770	0.1050	-1629.4001	-1629.4722	151.570		-
2sa3w_59	-1629.5851	0.1776	0.1129	-1629.4075	-1629.4722	136.158		-
2sa3w_60	-1629.5813	0.1760	0.1092	-1629.4053	-1629.4721	140.576		-
2sa3w_61	-1629.5843	0.1775	0.1122	-1629.4068	-1629.4721	137.502		-
2sa3w_62	-1629.5800	0.1771	0.1079	-1629.4029	-1629.4720	145.532		-
2sa3w_63	-1629.5795	0.1770	0.1075	-1629.4026	-1629.4720	146.128		-
2sa3w_64	-1629.5812	0.1767	0.1092	-1629.4044	-1629.4720	142.205		-
2sa3w_65	-1629.5810	0.1766	0.1090	-1629.4044	-1629.4720	142.305		-
2sa3w_66	-1629.5863	0.1779	0.1143	-1629.4084	-1629.4719	133.753		-
2sa3w_67	-1629.5806	0.1761	0.1087	-1629.4045	-1629.4719	141.939		-
2sa3w_68	-1629.5809	0.1778	0.1090	-1629.4031	-1629.4719	144.681		-
2sa3w_69	-1629.5777	0.1766	0.1058	-1629.4011	-1629.4718	148.865		-
2sa3w_70	-1629.5811	0.1758	0.1093	-1629.4053	-1629.4718	139.867		-
2sa3w_71	-1629.5791	0.1766	0.1073	-1629.4025	-1629.4718	145.807		-
2sa3w_72	-1629.5793	0.1764	0.1076	-1629.4029	-1629.4717	144.809		-
2sa3w_73	-1629.5801	0.1769	0.1085	-1629.4032	-1629.4715	143.866		-
2sa3w_74	-1629.5855	0.1778	0.1140	-1629.4077	-1629.4715	134.216		-
2sa3w_75	-1629.5839	0.1772	0.1127	-1629.4066	-1629.4712	135.951		-
2sa3w_76	-1629.5833	0.1778	0.1120	-1629.4055	-1629.4712	138.358		-
2sa3w_77	-1629.5807	0.1776	0.1095	-1629.4031	-1629.4712	143.312		-
2sa3w_78	-1629.5792	0.1768	0.1080	-1629.4024	-1629.4711	144.703		-
2sa3w_79	-1629.5794	0.1763	0.1083	-1629.4031	-1629.4711	143.232		-
2sa3w_80	-1629.5842	0.1781	0.1132	-1629.4061	-1629.4710	136.611		-
2sa3w_81	-1629.5792	0.1773	0.1088	-1629.4020	-1629.4705	144.148		-
2sa3w_82	-1629.5767	0.1769	0.1063	-1629.3998	-1629.4704	148.575		-
2sa3w_83	-1629.5827	0.1780	0.1124	-1629.4047	-1629.4704	138.195		-
2sa3w_84	-1629.5768	0.1769	0.1064	-1629.3999	-1629.4704	148.338		-
2sa3w_85	-1629.5770	0.1760	0.1067	-1629.4010	-1629.4704	145.961		-
2sa3w_86	-1629.5763	0.1762	0.1060	-1629.4001	-1629.4702	147.706		-
2sa3w_87	-1629.5789	0.1771	0.1086	-1629.4018	-1629.4702	144.077		-
2sa3w_88	-1629.5761	0.1768	0.1061	-1629.3994	-1629.4700	148.741		-
2sa3w_89	-1629.5756	0.1765	0.1057	-1629.3991	-1629.4699	148.923		-
2sa3w_90	-1629.5749	0.1773	0.1050	-1629.3976	-1629.4698	152.135		-
2sa3w_91	-1629.5806	0.1764	0.1110	-1629.4041	-1629.4696	137.785		-
2sa3w_92	-1629.5759	0.1773	0.1064	-1629.3985	-1629.4695	149.341		-
2sa3w_93	-1629.5799	0.1772	0.1106	-1629.4027	-1629.4694	140.352		-
2sa3w_94	-1629.5757	0.1763	0.1063	-1629.3993	-1629.4694	147.404		-
2sa3w_95	-1629.5805	0.1769	0.1112	-1629.4036	-1629.4693	138.197		-
2sa3w_96	-1629.5799	0.1779	0.1106	-1629.4020	-1629.4693	141.620		-
2sa3w_97	-1629.5750	0.1762	0.1059	-1629.3988	-1629.4692	148.055		-
2sa3w_98	-1629.5787	0.1763	0.1095	-1629.4024	-1629.4692	140.490		-
2sa3w_99	-1629.5814	0.1778	0.1124	-1629.4036	-1629.4690	137.713		-
2sa3w_100	-1629.5766	0.1762	0.1076	-1629.4004	-1629.4690	144.295		-
2sa3w_101	-1629.5755	0.1751	0.1065	-1629.4003	-1629.4690	144.401		-
2sa3w_102	-1629.5770	0.1763	0.1081	-1629.4006	-1629.4688	143.535		-
2sa3w_103	-1629.5770	0.1772	0.1084	-1629.3998	-1629.4686	144.855		-
2sa3w_104	-1629.5762	0.1774	0.1080	-1629.3988	-1629.4683	146.244		-
2sa3w_105	-1629.5823	0.1777	0.1140	-1629.4046	-1629.4683	133.941		-
2sa3w_106	-1629.5785	0.1778	0.1105	-1629.4007	-1629.4679	141.562		-
2sa3w_107	-1629.5755	0.1763	0.1079	-1629.3992	-1629.4676	143.984		-
2sa3w_108	-1629.5741	0.1772	0.1074	-1629.3969	-1629.4666	146.883		-
2sa3w_109	-1629.5723	0.1771	0.1057	-1629.3951	-1629.4665	150.264		-
2sa3w_110	-1629.5753	0.1771	0.1093	-1629.3982	-1629.4661	142.804		-
2sa3w_111	-1629.5658	0.1767	0.1030	-1629.3891	-1629.4628	155.165		-
								
Cluster		E(wB97X-D)	H-corr:	G-corr:	H(wB97X-D)	G(wB97X-D)	S(wB97X-D)	E(DLPNO)	
2sa4w_01	-1706.0240	0.2053	0.1351	-1705.8188	-1705.8890	147.710		-1704.4044604928
2sa4w_02	-1706.0227	0.2060	0.1338	-1705.8168	-1705.8889	151.809		-1704.4038794889
2sa4w_03	-1706.0213	0.2043	0.1326	-1705.8169	-1705.8886	150.851		-1704.4026638588
2sa4w_04	-1706.0222	0.2058	0.1348	-1705.8164	-1705.8874	149.517		-
2sa4w_05	-1706.0211	0.2063	0.1341	-1705.8147	-1705.8870	152.078		-
2sa4w_06	-1706.0196	0.2042	0.1328	-1705.8155	-1705.8869	150.265		-
2sa4w_07	-1706.0188	0.2043	0.1319	-1705.8145	-1705.8869	152.312		-
2sa4w_08	-1706.0187	0.2054	0.1318	-1705.8133	-1705.8868	154.715		-
2sa4w_09	-1706.0197	0.2052	0.1332	-1705.8145	-1705.8865	151.548		-
2sa4w_10	-1706.0200	0.2061	0.1339	-1705.8140	-1705.8862	151.920		-
2sa4w_11	-1706.0181	0.2047	0.1322	-1705.8134	-1705.8859	152.474		-
2sa4w_12	-1706.0206	0.2059	0.1350	-1705.8147	-1705.8856	149.270		-
2sa4w_13	-1706.0201	0.2062	0.1345	-1705.8139	-1705.8856	150.959		-
2sa4w_14	-1706.0145	0.2047	0.1289	-1705.8098	-1705.8856	159.445		-
2sa4w_15	-1706.0145	0.2046	0.1289	-1705.8099	-1705.8856	159.408		-
2sa4w_16	-1706.0194	0.2058	0.1339	-1705.8136	-1705.8855	151.426		-
2sa4w_17	-1706.0195	0.2052	0.1342	-1705.8142	-1705.8853	149.595		-
2sa4w_18	-1706.0180	0.2060	0.1328	-1705.8120	-1705.8852	154.016		-
2sa4w_19	-1706.0190	0.2055	0.1338	-1705.8135	-1705.8852	150.906		-
2sa4w_20	-1706.0216	0.2058	0.1366	-1705.8158	-1705.8850	145.687		-
2sa4w_21	-1706.0143	0.2048	0.1294	-1705.8095	-1705.8849	158.715		-
2sa4w_22	-1706.0199	0.2061	0.1350	-1705.8137	-1705.8848	149.597		-
2sa4w_23	-1706.0195	0.2061	0.1347	-1705.8134	-1705.8847	150.170		-
2sa4w_24	-1706.0146	0.2049	0.1299	-1705.8097	-1705.8847	157.824		-
2sa4w_25	-1706.0169	0.2039	0.1322	-1705.8130	-1705.8847	150.773		-
2sa4w_26	-1706.0212	0.2056	0.1366	-1705.8157	-1705.8846	145.109		-
2sa4w_27	-1706.0191	0.2058	0.1346	-1705.8133	-1705.8845	149.886		-
2sa4w_28	-1706.0173	0.2058	0.1328	-1705.8115	-1705.8845	153.670		-
2sa4w_29	-1706.0193	0.2053	0.1350	-1705.8140	-1705.8843	147.947		-
2sa4w_30	-1706.0195	0.2057	0.1353	-1705.8139	-1705.8843	148.120		-
2sa4w_31	-1706.0134	0.2048	0.1292	-1705.8087	-1705.8842	158.983		-
2sa4w_32	-1706.0157	0.2056	0.1316	-1705.8101	-1705.8842	155.885		-
2sa4w_33	-1706.0149	0.2045	0.1308	-1705.8104	-1705.8841	155.129		-
2sa4w_34	-1706.0129	0.2052	0.1289	-1705.8077	-1705.8840	160.532		-
2sa4w_35	-1706.0133	0.2033	0.1293	-1705.8100	-1705.8839	155.616		-
2sa4w_36	-1706.0140	0.2038	0.1303	-1705.8103	-1705.8837	154.575		-
2sa4w_37	-1706.0180	0.2044	0.1344	-1705.8136	-1705.8836	147.284		-
2sa4w_38	-1706.0154	0.2044	0.1319	-1705.8110	-1705.8835	152.559		-
2sa4w_39	-1706.0218	0.2065	0.1383	-1705.8153	-1705.8835	143.476		-
2sa4w_40	-1706.0123	0.2049	0.1288	-1705.8074	-1705.8834	160.084		-
2sa4w_41	-1706.0138	0.2043	0.1305	-1705.8095	-1705.8833	155.174		-
2sa4w_42	-1706.0120	0.2040	0.1287	-1705.8080	-1705.8832	158.299		-
2sa4w_43	-1706.0105	0.2041	0.1273	-1705.8064	-1705.8832	161.672		-
2sa4w_44	-1706.0217	0.2070	0.1386	-1705.8147	-1705.8830	143.815		-
2sa4w_45	-1706.0170	0.2056	0.1340	-1705.8114	-1705.8830	150.760		-
2sa4w_46	-1706.0108	0.2035	0.1278	-1705.8073	-1705.8830	159.412		-
2sa4w_47	-1706.0133	0.2049	0.1303	-1705.8084	-1705.8830	156.989		-
2sa4w_48	-1706.0156	0.2049	0.1327	-1705.8107	-1705.8829	151.932		-
2sa4w_49	-1706.0203	0.2061	0.1374	-1705.8142	-1705.8829	144.542		-
2sa4w_50	-1706.0204	0.2066	0.1376	-1705.8138	-1705.8828	145.201		-
2sa4w_51	-1706.0182	0.2054	0.1355	-1705.8128	-1705.8827	147.115		-
2sa4w_52	-1706.0167	0.2059	0.1342	-1705.8108	-1705.8825	150.989		-
2sa4w_53	-1706.0126	0.2039	0.1301	-1705.8087	-1705.8825	155.386		-
2sa4w_54	-1706.0130	0.2045	0.1306	-1705.8085	-1705.8824	155.638		-
2sa4w_55	-1706.0143	0.2043	0.1320	-1705.8100	-1705.8823	152.204		-
2sa4w_56	-1706.0176	0.2059	0.1355	-1705.8118	-1705.8821	148.011		-
2sa4w_57	-1706.0172	0.2059	0.1353	-1705.8113	-1705.8819	148.595		-
2sa4w_58	-1706.0139	0.2046	0.1320	-1705.8093	-1705.8818	152.744		-
2sa4w_59	-1706.0119	0.2040	0.1301	-1705.8079	-1705.8818	155.577		-
2sa4w_60	-1706.0204	0.2063	0.1386	-1705.8141	-1705.8817	142.410		-
2sa4w_61	-1706.0139	0.2051	0.1324	-1705.8087	-1705.8815	153.036		-
2sa4w_62	-1706.0174	0.2056	0.1360	-1705.8118	-1705.8813	146.351		-
2sa4w_63	-1706.0138	0.2041	0.1326	-1705.8097	-1705.8813	150.634		-
2sa4w_64	-1706.0070	0.2045	0.1259	-1705.8025	-1705.8811	165.476		-
2sa4w_65	-1706.0124	0.2045	0.1314	-1705.8078	-1705.8810	153.937		-
2sa4w_66	-1706.0158	0.2063	0.1349	-1705.8095	-1705.8809	150.182		-
2sa4w_67	-1706.0113	0.2054	0.1305	-1705.8059	-1705.8808	157.586		-
2sa4w_68	-1706.0098	0.2045	0.1290	-1705.8053	-1705.8807	158.829		-
2sa4w_69	-1706.0156	0.2061	0.1349	-1705.8095	-1705.8807	149.950		-
2sa4w_70	-1706.0111	0.2051	0.1304	-1705.8060	-1705.8807	157.277		-
2sa4w_71	-1706.0129	0.2043	0.1322	-1705.8085	-1705.8807	151.867		-
2sa4w_72	-1706.0163	0.2046	0.1356	-1705.8117	-1705.8807	145.236		-
2sa4w_73	-1706.0154	0.2051	0.1348	-1705.8103	-1705.8806	148.021		-
2sa4w_74	-1706.0114	0.2051	0.1308	-1705.8063	-1705.8806	156.312		-
2sa4w_75	-1706.0139	0.2059	0.1334	-1705.8079	-1705.8805	152.649		-
2sa4w_76	-1706.0100	0.2054	0.1295	-1705.8045	-1705.8805	159.768		-
2sa4w_77	-1706.0145	0.2061	0.1341	-1705.8084	-1705.8804	151.674		-
2sa4w_78	-1706.0140	0.2059	0.1336	-1705.8081	-1705.8803	152.129		-
2sa4w_79	-1706.0093	0.2038	0.1290	-1705.8055	-1705.8803	157.519		-
2sa4w_80	-1706.0162	0.2065	0.1363	-1705.8097	-1705.8799	147.731		-
2sa4w_81	-1706.0091	0.2052	0.1294	-1705.8039	-1705.8798	159.619		-
2sa4w_82	-1706.0145	0.2063	0.1348	-1705.8082	-1705.8797	150.379		-
2sa4w_83	-1706.0176	0.2065	0.1382	-1705.8111	-1705.8795	143.771		-
2sa4w_84	-1706.0081	0.2037	0.1287	-1705.8044	-1705.8794	157.832		-
2sa4w_85	-1706.0086	0.2047	0.1296	-1705.8040	-1705.8791	158.111		-
2sa4w_86	-1706.0127	0.2055	0.1337	-1705.8073	-1705.8790	151.013		-
2sa4w_87	-1706.0101	0.2037	0.1312	-1705.8065	-1705.8789	152.558		-
2sa4w_88	-1706.0134	0.2061	0.1345	-1705.8072	-1705.8789	150.793		-
2sa4w_89	-1706.0139	0.2063	0.1351	-1705.8076	-1705.8788	149.792		-
2sa4w_90	-1706.0172	0.2052	0.1386	-1705.8120	-1705.8786	140.253		-
2sa4w_91	-1706.0133	0.2062	0.1351	-1705.8071	-1705.8782	149.636		-
2sa4w_92	-1706.0132	0.2063	0.1350	-1705.8069	-1705.8782	149.972		-
2sa4w_93	-1706.0109	0.2036	0.1327	-1705.8072	-1705.8781	149.211		-
2sa4w_94	-1706.0134	0.2064	0.1355	-1705.8071	-1705.8779	149.176		-
2sa4w_95	-1706.0145	0.2075	0.1366	-1705.8070	-1705.8778	149.096		-
2sa4w_96	-1706.0115	0.2061	0.1337	-1705.8054	-1705.8778	152.311		-
2sa4w_97	-1706.0095	0.2058	0.1318	-1705.8038	-1705.8778	155.789		-
2sa4w_98	-1706.0015	0.2043	0.1242	-1705.7971	-1705.8773	168.666		-
2sa4w_99	-1706.0054	0.2050	0.1281	-1705.8004	-1705.8772	161.768		-
2sa4w_100	-1706.0096	0.2052	0.1324	-1705.8044	-1705.8772	153.241		-
2sa4w_101	-1706.0057	0.2054	0.1295	-1705.8003	-1705.8762	159.841		-
2sa4w_102	-1706.0111	0.2047	0.1354	-1705.8064	-1705.8757	145.902		-
2sa4w_103	-1706.0089	0.2051	0.1341	-1705.8038	-1705.8748	149.365		-
2sa4w_104	-1706.0004	0.2045	0.1262	-1705.7959	-1705.8742	164.863		-
2sa4w_105	-1705.9998	0.2056	0.1261	-1705.7942	-1705.8737	167.371		-
2sa4w_106	-1706.0050	0.2051	0.1322	-1705.7999	-1705.8728	153.428		-
2sa4w_107	-1705.9995	0.2045	0.1269	-1705.7950	-1705.8725	163.155		-
								
Cluster		E(wB97X-D)	H-corr:	G-corr:	H(wB97X-D)	G(wB97X-D)	S(wB97X-D)	E(DLPNO)	
2sa5w_01	-1782.4570	0.2334	0.1558	-1782.2236	-1782.3011	163.271		-1780.7660740077
2sa5w_02	-1782.4572	0.2331	0.1566	-1782.2241	-1782.3007	161.167		-1780.7670394253
2sa5w_03	-1782.4569	0.2335	0.1564	-1782.2234	-1782.3005	162.272		-1780.7660573888
2sa5w_04	-1782.4555	0.2335	0.1553	-1782.2220	-1782.3002	164.735		-
2sa5w_05	-1782.4543	0.2333	0.1546	-1782.2209	-1782.2997	165.667		-
2sa5w_06	-1782.4541	0.2333	0.1556	-1782.2208	-1782.2985	163.490		-
2sa5w_07	-1782.4556	0.2335	0.1573	-1782.2221	-1782.2983	160.380		-
2sa5w_08	-1782.4577	0.2340	0.1596	-1782.2237	-1782.2981	156.568		-
2sa5w_09	-1782.4566	0.2338	0.1586	-1782.2228	-1782.2979	158.183		-
2sa5w_10	-1782.4577	0.2345	0.1599	-1782.2232	-1782.2978	157.003		-
2sa5w_11	-1782.4516	0.2322	0.1538	-1782.2193	-1782.2977	164.970		-
2sa5w_12	-1782.4513	0.2326	0.1537	-1782.2187	-1782.2976	165.951		-
2sa5w_13	-1782.4569	0.2335	0.1594	-1782.2235	-1782.2976	155.963		-
2sa5w_14	-1782.4532	0.2347	0.1564	-1782.2185	-1782.2968	164.754		-
2sa5w_15	-1782.4532	0.2337	0.1565	-1782.2195	-1782.2967	162.476		-
2sa5w_16	-1782.4536	0.2344	0.1569	-1782.2192	-1782.2967	163.034		-
2sa5w_17	-1782.4520	0.2342	0.1554	-1782.2178	-1782.2966	165.873		-
2sa5w_18	-1782.4518	0.2344	0.1553	-1782.2175	-1782.2966	166.492		-
2sa5w_19	-1782.4550	0.2338	0.1585	-1782.2212	-1782.2965	158.479		-
2sa5w_20	-1782.4557	0.2335	0.1593	-1782.2223	-1782.2965	156.202		-
2sa5w_21	-1782.4557	0.2345	0.1593	-1782.2212	-1782.2964	158.227		-
2sa5w_22	-1782.4475	0.2339	0.1512	-1782.2135	-1782.2963	174.170		-
2sa5w_23	-1782.4513	0.2326	0.1551	-1782.2186	-1782.2962	163.182		-
2sa5w_24	-1782.4550	0.2340	0.1589	-1782.2210	-1782.2960	157.975		-
2sa5w_25	-1782.4506	0.2329	0.1546	-1782.2177	-1782.2960	164.805		-
2sa5w_26	-1782.4522	0.2339	0.1562	-1782.2183	-1782.2959	163.350		-
2sa5w_27	-1782.4487	0.2321	0.1528	-1782.2166	-1782.2959	166.835		-
2sa5w_28	-1782.4523	0.2344	0.1567	-1782.2179	-1782.2956	163.502		-
2sa5w_29	-1782.4456	0.2338	0.1501	-1782.2119	-1782.2956	176.141		-
2sa5w_30	-1782.4514	0.2343	0.1559	-1782.2170	-1782.2955	165.088		-
2sa5w_31	-1782.4539	0.2349	0.1585	-1782.2190	-1782.2954	160.864		-
2sa5w_32	-1782.4481	0.2320	0.1527	-1782.2161	-1782.2954	166.803		-
2sa5w_33	-1782.4518	0.2337	0.1565	-1782.2181	-1782.2954	162.645		-
2sa5w_34	-1782.4489	0.2330	0.1536	-1782.2159	-1782.2953	167.150		-
2sa5w_35	-1782.4567	0.2344	0.1614	-1782.2223	-1782.2952	153.565		-
2sa5w_36	-1782.4547	0.2341	0.1595	-1782.2207	-1782.2952	156.943		-
2sa5w_37	-1782.4506	0.2333	0.1555	-1782.2173	-1782.2951	163.909		-
2sa5w_38	-1782.4520	0.2343	0.1570	-1782.2177	-1782.2950	162.760		-
2sa5w_39	-1782.4560	0.2340	0.1611	-1782.2220	-1782.2949	153.614		-
2sa5w_40	-1782.4482	0.2337	0.1534	-1782.2146	-1782.2948	168.947		-
2sa5w_41	-1782.4495	0.2326	0.1548	-1782.2169	-1782.2947	163.750		-
2sa5w_42	-1782.4502	0.2339	0.1555	-1782.2163	-1782.2947	165.016		-
2sa5w_43	-1782.4499	0.2338	0.1552	-1782.2161	-1782.2947	165.309		-
2sa5w_44	-1782.4537	0.2339	0.1590	-1782.2198	-1782.2947	157.615		-
2sa5w_45	-1782.4515	0.2333	0.1569	-1782.2182	-1782.2947	160.985		-
2sa5w_46	-1782.4522	0.2332	0.1576	-1782.2190	-1782.2946	159.175		-
2sa5w_47	-1782.4519	0.2330	0.1573	-1782.2189	-1782.2946	159.280		-
2sa5w_48	-1782.4491	0.2326	0.1546	-1782.2165	-1782.2945	164.344		-
2sa5w_49	-1782.4468	0.2335	0.1523	-1782.2133	-1782.2945	170.901		-
2sa5w_50	-1782.4519	0.2344	0.1574	-1782.2175	-1782.2945	162.103		-
2sa5w_51	-1782.4489	0.2335	0.1545	-1782.2154	-1782.2943	166.184		-
2sa5w_52	-1782.4508	0.2339	0.1565	-1782.2168	-1782.2942	162.926		-
2sa5w_53	-1782.4498	0.2334	0.1556	-1782.2164	-1782.2941	163.691		-
2sa5w_54	-1782.4520	0.2338	0.1579	-1782.2182	-1782.2941	159.765		-
2sa5w_55	-1782.4524	0.2350	0.1584	-1782.2174	-1782.2940	161.247		-
2sa5w_56	-1782.4520	0.2344	0.1581	-1782.2176	-1782.2938	160.500		-
2sa5w_57	-1782.4514	0.2343	0.1576	-1782.2172	-1782.2938	161.388		-
2sa5w_58	-1782.4512	0.2349	0.1575	-1782.2163	-1782.2937	162.925		-
2sa5w_59	-1782.4428	0.2325	0.1491	-1782.2103	-1782.2937	175.535		-
2sa5w_60	-1782.4502	0.2341	0.1565	-1782.2161	-1782.2937	163.291		-
2sa5w_61	-1782.4505	0.2340	0.1569	-1782.2165	-1782.2937	162.406		-
2sa5w_62	-1782.4520	0.2338	0.1584	-1782.2181	-1782.2936	158.893		-
2sa5w_63	-1782.4493	0.2339	0.1556	-1782.2154	-1782.2936	164.640		-
2sa5w_64	-1782.4498	0.2337	0.1564	-1782.2162	-1782.2935	162.768		-
2sa5w_65	-1782.4509	0.2348	0.1575	-1782.2161	-1782.2935	162.797		-
2sa5w_66	-1782.4542	0.2348	0.1609	-1782.2194	-1782.2934	155.567		-
2sa5w_67	-1782.4522	0.2331	0.1588	-1782.2190	-1782.2933	156.393		-
2sa5w_68	-1782.4456	0.2323	0.1526	-1782.2133	-1782.2930	167.791		-
2sa5w_69	-1782.4485	0.2328	0.1557	-1782.2157	-1782.2928	162.211		-
2sa5w_70	-1782.4484	0.2336	0.1556	-1782.2148	-1782.2928	164.052		-
2sa5w_71	-1782.4486	0.2338	0.1559	-1782.2148	-1782.2928	164.105		-
2sa5w_72	-1782.4519	0.2336	0.1594	-1782.2183	-1782.2925	156.251		-
2sa5w_73	-1782.4512	0.2349	0.1587	-1782.2163	-1782.2925	160.365		-
2sa5w_74	-1782.4521	0.2356	0.1595	-1782.2164	-1782.2925	160.166		-
2sa5w_75	-1782.4517	0.2344	0.1594	-1782.2174	-1782.2923	157.735		-
2sa5w_76	-1782.4518	0.2340	0.1595	-1782.2178	-1782.2923	156.766		-
2sa5w_77	-1782.4439	0.2325	0.1517	-1782.2113	-1782.2921	170.092		-
2sa5w_78	-1782.4470	0.2339	0.1551	-1782.2131	-1782.2920	165.976		-
2sa5w_79	-1782.4468	0.2335	0.1549	-1782.2133	-1782.2919	165.501		-
2sa5w_80	-1782.4438	0.2322	0.1519	-1782.2116	-1782.2919	168.974		-
2sa5w_81	-1782.4486	0.2330	0.1568	-1782.2156	-1782.2919	160.570		-
2sa5w_82	-1782.4480	0.2337	0.1562	-1782.2143	-1782.2918	163.107		-
2sa5w_83	-1782.4497	0.2330	0.1579	-1782.2167	-1782.2918	158.015		-
2sa5w_84	-1782.4486	0.2330	0.1568	-1782.2156	-1782.2918	160.417		-
2sa5w_85	-1782.4442	0.2324	0.1526	-1782.2118	-1782.2916	168.029		-
2sa5w_86	-1782.4487	0.2341	0.1571	-1782.2146	-1782.2916	162.037		-
2sa5w_87	-1782.4453	0.2324	0.1538	-1782.2128	-1782.2915	165.538		-
2sa5w_88	-1782.4456	0.2341	0.1542	-1782.2115	-1782.2914	168.182		-
2sa5w_89	-1782.4527	0.2352	0.1613	-1782.2175	-1782.2913	155.512		-
2sa5w_90	-1782.4409	0.2326	0.1496	-1782.2083	-1782.2913	174.705		-
2sa5w_91	-1782.4442	0.2326	0.1529	-1782.2115	-1782.2913	167.862		-
2sa5w_92	-1782.4515	0.2341	0.1603	-1782.2173	-1782.2912	155.346		-
2sa5w_93	-1782.4453	0.2338	0.1544	-1782.2115	-1782.2909	167.157		-
2sa5w_94	-1782.4534	0.2342	0.1625	-1782.2192	-1782.2909	150.959		-
2sa5w_95	-1782.4474	0.2349	0.1567	-1782.2125	-1782.2907	164.613		-
2sa5w_96	-1782.4437	0.2331	0.1531	-1782.2107	-1782.2906	168.247		-
2sa5w_97	-1782.4419	0.2336	0.1514	-1782.2083	-1782.2905	172.881		-
2sa5w_98	-1782.4431	0.2329	0.1526	-1782.2102	-1782.2904	168.893		-
2sa5w_99	-1782.4408	0.2326	0.1504	-1782.2082	-1782.2904	173.005		-
2sa5w_100	-1782.4420	0.2334	0.1518	-1782.2086	-1782.2903	171.818		-
2sa5w_101	-1782.4481	0.2333	0.1585	-1782.2148	-1782.2896	157.386		-
2sa5w_102	-1782.4486	0.2346	0.1592	-1782.2140	-1782.2894	158.828		-
2sa5w_103	-1782.4447	0.2337	0.1557	-1782.2111	-1782.2891	164.162		-
2sa5w_104	-1782.4378	0.2341	0.1491	-1782.2037	-1782.2888	178.954		-
2sa5w_105	-1782.4411	0.2328	0.1524	-1782.2084	-1782.2887	169.036		-
2sa5w_106	-1782.4474	0.2331	0.1588	-1782.2144	-1782.2886	156.283		-
2sa5w_107	-1782.4362	0.2330	0.1476	-1782.2032	-1782.2886	179.677		-
2sa5w_108	-1782.4380	0.2339	0.1496	-1782.2041	-1782.2885	177.577		-
2sa5w_109	-1782.4357	0.2335	0.1475	-1782.2022	-1782.2882	180.928		-
2sa5w_110	-1782.4399	0.2332	0.1520	-1782.2067	-1782.2879	170.932		-
2sa5w_111	-1782.4368	0.2330	0.1491	-1782.2038	-1782.2876	176.563		-
2sa5w_112	-1782.4325	0.2323	0.1451	-1782.2002	-1782.2873	183.355		-
2sa5w_113	-1782.4454	0.2348	0.1585	-1782.2107	-1782.2870	160.579		-
2sa5w_114	-1782.4376	0.2336	0.1509	-1782.2040	-1782.2867	174.109		-
2sa5w_115	-1782.4445	0.2344	0.1578	-1782.2100	-1782.2866	161.228		-
2sa5w_116	-1782.4389	0.2342	0.1526	-1782.2047	-1782.2863	171.765		-
2sa5w_117	-1782.4417	0.2334	0.1555	-1782.2083	-1782.2862	164.078		-
2sa5w_118	-1782.4390	0.2332	0.1529	-1782.2058	-1782.2861	168.921		-
2sa5w_119	-1782.4403	0.2340	0.1543	-1782.2062	-1782.2860	167.858		-
2sa5w_120	-1782.4375	0.2336	0.1516	-1782.2040	-1782.2859	172.550		-
2sa5w_121	-1782.4431	0.2348	0.1580	-1782.2082	-1782.2851	161.813		-
2sa5w_122	-1782.4357	0.2335	0.1541	-1782.2022	-1782.2817	167.296		-
								
Cluster		E(wB97X-D)	H-corr:	G-corr:	H(wB97X-D)	G(wB97X-D)	S(wB97X-D)	E(DLPNO)	
3sa1w_01	-2176.8734	0.1680	0.0947	-2176.7054	-2176.7787	154.305		-2174.8030364993
3sa1w_02	-2176.8746	0.1683	0.0963	-2176.7063	-2176.7784	151.704		-2174.8044562447
3sa1w_03	-2176.8730	0.1687	0.0952	-2176.7043	-2176.7778	154.571		-2174.8031754287
3sa1w_04	-2176.8726	0.1688	0.0949	-2176.7038	-2176.7777	155.506		-
3sa1w_05	-2176.8760	0.1678	0.0984	-2176.7081	-2176.7776	146.072		-
3sa1w_06	-2176.8716	0.1678	0.0945	-2176.7038	-2176.7771	154.273		-
3sa1w_07	-2176.8714	0.1682	0.0946	-2176.7032	-2176.7768	154.852		-
3sa1w_08	-2176.8770	0.1686	0.1004	-2176.7084	-2176.7767	143.596		-
3sa1w_09	-2176.8718	0.1682	0.0952	-2176.7036	-2176.7766	153.640		-
3sa1w_10	-2176.8726	0.1680	0.0961	-2176.7045	-2176.7765	151.447		-
3sa1w_11	-2176.8737	0.1684	0.0973	-2176.7053	-2176.7764	149.651		-
3sa1w_12	-2176.8742	0.1682	0.0979	-2176.7060	-2176.7763	147.858		-
3sa1w_13	-2176.8689	0.1684	0.0926	-2176.7005	-2176.7763	159.466		-
3sa1w_14	-2176.8701	0.1689	0.0938	-2176.7011	-2176.7763	158.098		-
3sa1w_15	-2176.8722	0.1685	0.0960	-2176.7037	-2176.7762	152.583		-
3sa1w_16	-2176.8710	0.1683	0.0949	-2176.7027	-2176.7761	154.508		-
3sa1w_17	-2176.8705	0.1683	0.0947	-2176.7022	-2176.7757	154.845		-
3sa1w_18	-2176.8686	0.1680	0.0929	-2176.7006	-2176.7757	158.040		-
3sa1w_19	-2176.8722	0.1678	0.0966	-2176.7045	-2176.7756	149.797		-
3sa1w_20	-2176.8733	0.1680	0.0977	-2176.7053	-2176.7755	147.830		-
3sa1w_21	-2176.8703	0.1685	0.0948	-2176.7018	-2176.7755	155.208		-
3sa1w_22	-2176.8709	0.1684	0.0955	-2176.7025	-2176.7755	153.614		-
3sa1w_23	-2176.8676	0.1683	0.0921	-2176.6992	-2176.7754	160.355		-
3sa1w_24	-2176.8709	0.1684	0.0955	-2176.7025	-2176.7754	153.324		-
3sa1w_25	-2176.8720	0.1676	0.0967	-2176.7044	-2176.7752	149.171		-
3sa1w_26	-2176.8703	0.1684	0.0951	-2176.7019	-2176.7752	154.343		-
3sa1w_27	-2176.8751	0.1685	0.0999	-2176.7067	-2176.7752	144.212		-
3sa1w_28	-2176.8684	0.1684	0.0933	-2176.7000	-2176.7752	158.076		-
3sa1w_29	-2176.8705	0.1683	0.0955	-2176.7023	-2176.7751	153.181		-
3sa1w_30	-2176.8718	0.1682	0.0968	-2176.7036	-2176.7750	150.434		-
3sa1w_31	-2176.8719	0.1674	0.0970	-2176.7045	-2176.7750	148.310		-
3sa1w_32	-2176.8724	0.1685	0.0974	-2176.7039	-2176.7750	149.526		-
3sa1w_33	-2176.8707	0.1677	0.0958	-2176.7030	-2176.7749	151.224		-
3sa1w_34	-2176.8723	0.1681	0.0975	-2176.7042	-2176.7748	148.668		-
3sa1w_35	-2176.8691	0.1686	0.0943	-2176.7004	-2176.7747	156.379		-
3sa1w_36	-2176.8726	0.1677	0.0980	-2176.7049	-2176.7746	146.692		-
3sa1w_37	-2176.8675	0.1685	0.0930	-2176.6989	-2176.7745	158.978		-
3sa1w_38	-2176.8670	0.1685	0.0926	-2176.6985	-2176.7744	159.810		-
3sa1w_39	-2176.8675	0.1684	0.0932	-2176.6992	-2176.7744	158.267		-
3sa1w_40	-2176.8713	0.1679	0.0970	-2176.7034	-2176.7743	149.223		-
3sa1w_41	-2176.8710	0.1680	0.0967	-2176.7031	-2176.7743	150.009		-
3sa1w_42	-2176.8710	0.1680	0.0969	-2176.7029	-2176.7741	149.743		-
3sa1w_43	-2176.8703	0.1679	0.0964	-2176.7025	-2176.7740	150.495		-
3sa1w_44	-2176.8697	0.1686	0.0957	-2176.7011	-2176.7739	153.303		-
3sa1w_45	-2176.8701	0.1675	0.0963	-2176.7026	-2176.7738	149.781		-
3sa1w_46	-2176.8686	0.1681	0.0950	-2176.7006	-2176.7736	153.702		-
3sa1w_47	-2176.8718	0.1686	0.0983	-2176.7032	-2176.7735	147.942		-
3sa1w_48	-2176.8690	0.1676	0.0955	-2176.7014	-2176.7735	151.588		-
3sa1w_49	-2176.8665	0.1681	0.0931	-2176.6984	-2176.7734	157.973		-
3sa1w_50	-2176.8697	0.1682	0.0966	-2176.7015	-2176.7730	150.575		-
3sa1w_51	-2176.8696	0.1681	0.0968	-2176.7015	-2176.7728	150.050		-
3sa1w_52	-2176.8692	0.1679	0.0966	-2176.7013	-2176.7725	150.000		-
3sa1w_53	-2176.8708	0.1677	0.0983	-2176.7031	-2176.7725	146.234		-
3sa1w_54	-2176.8654	0.1682	0.0929	-2176.6973	-2176.7725	158.397		-
3sa1w_55	-2176.8692	0.1681	0.0967	-2176.7011	-2176.7725	150.243		-
3sa1w_56	-2176.8678	0.1684	0.0955	-2176.6994	-2176.7723	153.454		-
3sa1w_57	-2176.8665	0.1683	0.0958	-2176.6982	-2176.7707	152.594		-
3sa1w_58	-2176.8645	0.1673	0.0963	-2176.6972	-2176.7682	149.421		-
3sa1w_59	-2176.8549	0.1686	0.0906	-2176.6864	-2176.7643	164.120		-
3sa1w_60	-2176.8548	0.1686	0.0908	-2176.6862	-2176.7640	163.714		-
3sa1w_61	-2176.8550	0.1682	0.0915	-2176.6868	-2176.7635	161.458		-
3sa1w_62	-2176.8533	0.1674	0.0898	-2176.6859	-2176.7635	163.244		-
3sa1w_63	-2176.8547	0.1686	0.0919	-2176.6861	-2176.7629	161.507		-
3sa1w_64	-2176.8551	0.1686	0.0926	-2176.6864	-2176.7624	159.965		-
3sa1w_65	-2176.8548	0.1682	0.0925	-2176.6866	-2176.7623	159.302		-
								
Cluster		E(wB97X-D)	H-corr:	G-corr:	H(wB97X-D)	G(wB97X-D)	S(wB97X-D)	E(DLPNO)	
3sa2w_01	-2253.3110	0.1959	0.1178	-2253.1151	-2253.1932	164.352		-2251.16800
3sa2w_02	-2253.3106	0.1960	0.1192	-2253.1146	-2253.1914	161.775		-2251.1675130784
3sa2w_03	-2253.3111	0.1957	0.1200	-2253.1154	-2253.1910	159.240		-2251.1689081992
3sa2w_04	-2253.3100	0.1964	0.1191	-2253.1136	-2253.1909	162.757		-
3sa2w_05	-2253.3098	0.1961	0.1190	-2253.1138	-2253.1908	162.154		-
3sa2w_06	-2253.3111	0.1961	0.1204	-2253.1150	-2253.1907	159.270		-
3sa2w_07	-2253.3109	0.1955	0.1206	-2253.1153	-2253.1903	157.691		-
3sa2w_08	-2253.3077	0.1958	0.1177	-2253.1119	-2253.1901	164.541		-
3sa2w_09	-2253.3121	0.1963	0.1221	-2253.1158	-2253.1901	156.311		-
3sa2w_10	-2253.3098	0.1956	0.1199	-2253.1142	-2253.1899	159.453		-
3sa2w_11	-2253.3127	0.1961	0.1229	-2253.1166	-2253.1898	154.028		-
3sa2w_12	-2253.3067	0.1958	0.1170	-2253.1109	-2253.1897	165.996		-
3sa2w_13	-2253.3051	0.1964	0.1155	-2253.1087	-2253.1896	170.251		-
3sa2w_14	-2253.3054	0.1965	0.1158	-2253.1089	-2253.1896	169.828		-
3sa2w_15	-2253.3098	0.1957	0.1202	-2253.1140	-2253.1895	158.888		-
3sa2w_16	-2253.3091	0.1952	0.1197	-2253.1140	-2253.1894	158.818		-
3sa2w_17	-2253.3073	0.1964	0.1181	-2253.1110	-2253.1892	164.654		-
3sa2w_18	-2253.3057	0.1964	0.1165	-2253.1093	-2253.1892	168.258		-
3sa2w_19	-2253.3063	0.1968	0.1171	-2253.1095	-2253.1892	167.694		-
3sa2w_20	-2253.3057	0.1950	0.1166	-2253.1107	-2253.1891	165.029		-
3sa2w_21	-2253.3100	0.1960	0.1210	-2253.1140	-2253.1890	157.829		-
3sa2w_22	-2253.3085	0.1947	0.1196	-2253.1138	-2253.1889	158.144		-
3sa2w_23	-2253.3079	0.1955	0.1190	-2253.1124	-2253.1889	160.947		-
3sa2w_24	-2253.3106	0.1971	0.1218	-2253.1135	-2253.1889	158.574		-
3sa2w_25	-2253.3046	0.1963	0.1158	-2253.1083	-2253.1887	169.240		-
3sa2w_26	-2253.3074	0.1957	0.1187	-2253.1117	-2253.1887	162.008		-
3sa2w_27	-2253.3062	0.1958	0.1175	-2253.1105	-2253.1887	164.675		-
3sa2w_28	-2253.3078	0.1963	0.1192	-2253.1115	-2253.1886	162.323		-
3sa2w_29	-2253.3081	0.1959	0.1196	-2253.1122	-2253.1885	160.667		-
3sa2w_30	-2253.3066	0.1963	0.1181	-2253.1103	-2253.1885	164.555		-
3sa2w_31	-2253.3091	0.1966	0.1208	-2253.1126	-2253.1884	159.539		-
3sa2w_32	-2253.3075	0.1959	0.1192	-2253.1116	-2253.1883	161.556		-
3sa2w_33	-2253.3067	0.1963	0.1184	-2253.1105	-2253.1883	163.901		-
3sa2w_34	-2253.3065	0.1964	0.1182	-2253.1101	-2253.1883	164.624		-
3sa2w_35	-2253.3074	0.1956	0.1192	-2253.1118	-2253.1882	160.932		-
3sa2w_36	-2253.3086	0.1957	0.1204	-2253.1129	-2253.1881	158.364		-
3sa2w_37	-2253.3066	0.1961	0.1185	-2253.1105	-2253.1881	163.272		-
3sa2w_38	-2253.3045	0.1960	0.1164	-2253.1086	-2253.1881	167.416		-
3sa2w_39	-2253.3057	0.1967	0.1176	-2253.1090	-2253.1881	166.384		-
3sa2w_40	-2253.3012	0.1965	0.1132	-2253.1047	-2253.1880	175.365		-
3sa2w_41	-2253.3062	0.1962	0.1183	-2253.1101	-2253.1880	163.919		-
3sa2w_42	-2253.3081	0.1966	0.1202	-2253.1115	-2253.1879	160.911		-
3sa2w_43	-2253.3103	0.1953	0.1226	-2253.1150	-2253.1877	152.958		-
3sa2w_44	-2253.3069	0.1965	0.1193	-2253.1104	-2253.1877	162.663		-
3sa2w_45	-2253.3059	0.1954	0.1183	-2253.1105	-2253.1876	162.422		-
3sa2w_46	-2253.3039	0.1967	0.1163	-2253.1072	-2253.1876	169.205		-
3sa2w_47	-2253.3044	0.1953	0.1170	-2253.1092	-2253.1874	164.763		-
3sa2w_48	-2253.3074	0.1968	0.1201	-2253.1106	-2253.1873	161.479		-
3sa2w_49	-2253.3079	0.1962	0.1207	-2253.1117	-2253.1872	158.941		-
3sa2w_50	-2253.3035	0.1961	0.1164	-2253.1075	-2253.1872	167.727		-
3sa2w_51	-2253.3080	0.1964	0.1208	-2253.1115	-2253.1872	159.209		-
3sa2w_52	-2253.3046	0.1962	0.1175	-2253.1084	-2253.1871	165.638		-
3sa2w_53	-2253.3060	0.1956	0.1189	-2253.1104	-2253.1871	161.435		-
3sa2w_54	-2253.3017	0.1963	0.1148	-2253.1054	-2253.1870	171.590		-
3sa2w_55	-2253.3046	0.1959	0.1177	-2253.1087	-2253.1869	164.684		-
3sa2w_56	-2253.3033	0.1961	0.1167	-2253.1072	-2253.1867	167.240		-
3sa2w_57	-2253.3047	0.1961	0.1182	-2253.1086	-2253.1865	163.930		-
3sa2w_58	-2253.3101	0.1967	0.1237	-2253.1134	-2253.1864	153.543		-
3sa2w_59	-2253.3042	0.1959	0.1179	-2253.1083	-2253.1863	164.145		-
3sa2w_60	-2253.3053	0.1973	0.1191	-2253.1080	-2253.1861	164.458		-
3sa2w_61	-2253.3076	0.1955	0.1214	-2253.1120	-2253.1861	155.969		-
3sa2w_62	-2253.3067	0.1948	0.1207	-2253.1120	-2253.1860	155.936		-
3sa2w_63	-2253.3057	0.1958	0.1198	-2253.1099	-2253.1859	160.007		-
3sa2w_64	-2253.3016	0.1966	0.1157	-2253.1050	-2253.1859	170.300		-
3sa2w_65	-2253.3020	0.1961	0.1161	-2253.1060	-2253.1859	168.233		-
3sa2w_66	-2253.3051	0.1965	0.1193	-2253.1086	-2253.1857	162.305		-
3sa2w_67	-2253.3057	0.1961	0.1200	-2253.1096	-2253.1857	160.211		-
3sa2w_68	-2253.3058	0.1957	0.1201	-2253.1101	-2253.1857	159.156		-
3sa2w_69	-2253.3027	0.1963	0.1173	-2253.1063	-2253.1854	166.329		-
3sa2w_70	-2253.3021	0.1967	0.1168	-2253.1054	-2253.1853	168.191		-
3sa2w_71	-2253.3023	0.1948	0.1171	-2253.1075	-2253.1852	163.459		-
3sa2w_72	-2253.3000	0.1960	0.1150	-2253.1041	-2253.1850	170.386		-
3sa2w_73	-2253.3037	0.1968	0.1186	-2253.1069	-2253.1850	164.413		-
3sa2w_74	-2253.2986	0.1957	0.1138	-2253.1029	-2253.1848	172.462		-
3sa2w_75	-2253.3007	0.1963	0.1160	-2253.1044	-2253.1847	168.864		-
3sa2w_76	-2253.3039	0.1960	0.1193	-2253.1079	-2253.1846	161.443		-
3sa2w_77	-2253.3018	0.1964	0.1176	-2253.1054	-2253.1843	165.978		-
3sa2w_78	-2253.3028	0.1954	0.1186	-2253.1074	-2253.1841	161.505		-
3sa2w_79	-2253.3038	0.1965	0.1199	-2253.1073	-2253.1839	161.255		-
3sa2w_80	-2253.3013	0.1959	0.1175	-2253.1054	-2253.1838	165.056		-
3sa2w_81	-2253.3019	0.1963	0.1183	-2253.1056	-2253.1836	164.145		-
3sa2w_82	-2253.2993	0.1962	0.1158	-2253.1032	-2253.1835	169.186		-
3sa2w_83	-2253.2998	0.1960	0.1164	-2253.1038	-2253.1833	167.466		-
3sa2w_84	-2253.3033	0.1951	0.1204	-2253.1081	-2253.1828	157.212		-
3sa2w_85	-2253.3002	0.1965	0.1175	-2253.1037	-2253.1827	166.300		-
3sa2w_86	-2253.3016	0.1959	0.1192	-2253.1057	-2253.1825	161.441		-
3sa2w_87	-2253.2996	0.1952	0.1174	-2253.1043	-2253.1822	163.859		-
3sa2w_88	-2253.2980	0.1963	0.1158	-2253.1017	-2253.1821	169.287		-
3sa2w_89	-2253.2981	0.1959	0.1161	-2253.1021	-2253.1820	168.063		-
3sa2w_90	-2253.3003	0.1954	0.1187	-2253.1048	-2253.1816	161.613		-
3sa2w_91	-2253.2998	0.1959	0.1189	-2253.1039	-2253.1809	162.118		-
3sa2w_92	-2253.2976	0.1951	0.1167	-2253.1024	-2253.1809	165.050		-
3sa2w_93	-2253.2991	0.1955	0.1185	-2253.1036	-2253.1806	162.185		-
3sa2w_94	-2253.2988	0.1959	0.1186	-2253.1029	-2253.1802	162.600		-
3sa2w_95	-2253.2964	0.1960	0.1178	-2253.1004	-2253.1786	164.625		-
3sa2w_96	-2253.2911	0.1963	0.1126	-2253.0948	-2253.1785	176.168		-
3sa2w_97	-2253.2986	0.1949	0.1204	-2253.1036	-2253.1782	156.903		-
3sa2w_98	-2253.2894	0.1961	0.1114	-2253.0933	-2253.1780	178.253		-
3sa2w_99	-2253.2888	0.1966	0.1112	-2253.0922	-2253.1776	179.788		-
3sa2w_100	-2253.2922	0.1961	0.1149	-2253.0961	-2253.1772	170.872		-
3sa2w_101	-2253.2913	0.1960	0.1148	-2253.0953	-2253.1765	170.920		-
3sa2w_102	-2253.2883	0.1957	0.1121	-2253.0926	-2253.1762	175.911		-
3sa2w_103	-2253.2851	0.1962	0.1114	-2253.0889	-2253.1737	178.559		-
3sa2w_104	-2253.2888	0.1970	0.1163	-2253.0918	-2253.1725	169.788		-
								
Cluster		E(wB97X-D)	H-corr:	G-corr:	H(wB97X-D)	G(wB97X-D)	S(wB97X-D)	E(DLPNO)	
3sa3w_01	-2329.7510	0.2237	0.1447	-2329.5273	-2329.6063	166.250		-2327.5363530907
3sa3w_02	-2329.7484	0.2244	0.1432	-2329.5239	-2329.6052	170.944		-2327.5346900083
3sa3w_03	-2329.7521	0.2252	0.1473	-2329.5268	-2329.6048	164.121		-2327.5357656605
3sa3w_04	-2329.7466	0.2238	0.1424	-2329.5228	-2329.6043	171.413		-
3sa3w_05	-2329.7503	0.2244	0.1465	-2329.5259	-2329.6038	163.929		-
3sa3w_06	-2329.7488	0.2243	0.1451	-2329.5245	-2329.6037	166.727		-
3sa3w_07	-2329.7437	0.2234	0.1402	-2329.5203	-2329.6035	175.168		-
3sa3w_08	-2329.7475	0.2246	0.1440	-2329.5229	-2329.6035	169.625		-
3sa3w_09	-2329.7469	0.2247	0.1434	-2329.5222	-2329.6034	170.927		-
3sa3w_10	-2329.7453	0.2235	0.1420	-2329.5218	-2329.6033	171.495		-
3sa3w_11	-2329.7442	0.2236	0.1411	-2329.5206	-2329.6032	173.694		-
3sa3w_12	-2329.7478	0.2239	0.1449	-2329.5240	-2329.6029	166.137		-
3sa3w_13	-2329.7435	0.2238	0.1407	-2329.5196	-2329.6028	175.001		-
3sa3w_14	-2329.7480	0.2235	0.1453	-2329.5245	-2329.6027	164.669		-
3sa3w_15	-2329.7412	0.2232	0.1386	-2329.5180	-2329.6025	178.011		-
3sa3w_16	-2329.7417	0.2232	0.1392	-2329.5185	-2329.6025	176.894		-
3sa3w_17	-2329.7438	0.2235	0.1414	-2329.5203	-2329.6024	172.924		-
3sa3w_18	-2329.7453	0.2231	0.1429	-2329.5223	-2329.6024	168.708		-
3sa3w_19	-2329.7450	0.2236	0.1426	-2329.5214	-2329.6024	170.375		-
3sa3w_20	-2329.7500	0.2256	0.1477	-2329.5244	-2329.6023	164.009		-
3sa3w_21	-2329.7471	0.2241	0.1448	-2329.5230	-2329.6023	166.773		-
3sa3w_22	-2329.7493	0.2257	0.1471	-2329.5237	-2329.6022	165.340		-
3sa3w_23	-2329.7479	0.2241	0.1458	-2329.5238	-2329.6021	164.901		-
3sa3w_24	-2329.7488	0.2242	0.1468	-2329.5246	-2329.6020	163.015		-
3sa3w_25	-2329.7423	0.2232	0.1404	-2329.5191	-2329.6019	174.276		-
3sa3w_26	-2329.7423	0.2231	0.1405	-2329.5193	-2329.6019	173.860		-
3sa3w_27	-2329.7445	0.2234	0.1426	-2329.5210	-2329.6018	170.062		-
3sa3w_28	-2329.7456	0.2250	0.1438	-2329.5206	-2329.6018	170.899		-
3sa3w_29	-2329.7437	0.2239	0.1420	-2329.5199	-2329.6017	172.347		-
3sa3w_30	-2329.7456	0.2252	0.1439	-2329.5204	-2329.6017	171.100		-
3sa3w_31	-2329.7422	0.2237	0.1406	-2329.5185	-2329.6016	174.774		-
3sa3w_32	-2329.7413	0.2235	0.1399	-2329.5178	-2329.6014	175.791		-
3sa3w_33	-2329.7424	0.2236	0.1412	-2329.5188	-2329.6013	173.615		-
3sa3w_34	-2329.7414	0.2235	0.1402	-2329.5179	-2329.6013	175.425		-
3sa3w_35	-2329.7420	0.2232	0.1410	-2329.5189	-2329.6011	172.929		-
3sa3w_36	-2329.7471	0.2235	0.1461	-2329.5236	-2329.6010	162.879		-
3sa3w_37	-2329.7424	0.2242	0.1414	-2329.5182	-2329.6010	174.212		-
3sa3w_38	-2329.7403	0.2234	0.1393	-2329.5169	-2329.6010	177.028		-
3sa3w_39	-2329.7389	0.2232	0.1381	-2329.5157	-2329.6008	179.217		-
3sa3w_40	-2329.7433	0.2232	0.1426	-2329.5201	-2329.6008	169.672		-
3sa3w_41	-2329.7422	0.2226	0.1415	-2329.5196	-2329.6007	170.618		-
3sa3w_42	-2329.7460	0.2231	0.1454	-2329.5229	-2329.6006	163.551		-
3sa3w_43	-2329.7432	0.2241	0.1426	-2329.5191	-2329.6006	171.590		-
3sa3w_44	-2329.7445	0.2244	0.1440	-2329.5200	-2329.6004	169.246		-
3sa3w_45	-2329.7443	0.2241	0.1440	-2329.5202	-2329.6004	168.721		-
3sa3w_46	-2329.7378	0.2246	0.1376	-2329.5132	-2329.6003	183.255		-
3sa3w_47	-2329.7391	0.2242	0.1388	-2329.5148	-2329.6002	179.714		-
3sa3w_48	-2329.7422	0.2232	0.1421	-2329.5190	-2329.6001	170.711		-
3sa3w_49	-2329.7389	0.2242	0.1388	-2329.5147	-2329.6001	179.653		-
3sa3w_50	-2329.7421	0.2244	0.1420	-2329.5177	-2329.6001	173.396		-
3sa3w_51	-2329.7395	0.2232	0.1395	-2329.5162	-2329.5999	176.139		-
3sa3w_52	-2329.7446	0.2242	0.1449	-2329.5204	-2329.5997	167.034		-
3sa3w_53	-2329.7426	0.2236	0.1428	-2329.5189	-2329.5997	170.098		-
3sa3w_54	-2329.7465	0.2252	0.1468	-2329.5213	-2329.5997	165.083		-
3sa3w_55	-2329.7470	0.2255	0.1474	-2329.5215	-2329.5996	164.338		-
3sa3w_56	-2329.7405	0.2240	0.1409	-2329.5165	-2329.5996	174.847		-
3sa3w_57	-2329.7405	0.2251	0.1410	-2329.5155	-2329.5995	176.908		-
3sa3w_58	-2329.7377	0.2240	0.1383	-2329.5137	-2329.5994	180.367		-
3sa3w_59	-2329.7369	0.2242	0.1378	-2329.5128	-2329.5992	181.846		-
3sa3w_60	-2329.7356	0.2241	0.1366	-2329.5115	-2329.5990	184.147		-
3sa3w_61	-2329.7401	0.2232	0.1412	-2329.5169	-2329.5989	172.461		-
3sa3w_62	-2329.7365	0.2244	0.1378	-2329.5122	-2329.5988	182.341		-
3sa3w_63	-2329.7402	0.2230	0.1414	-2329.5172	-2329.5988	171.601		-
3sa3w_64	-2329.7408	0.2248	0.1421	-2329.5160	-2329.5987	174.065		-
3sa3w_65	-2329.7389	0.2236	0.1404	-2329.5153	-2329.5986	175.218		-
3sa3w_66	-2329.7388	0.2238	0.1402	-2329.5150	-2329.5985	175.891		-
3sa3w_67	-2329.7371	0.2244	0.1388	-2329.5127	-2329.5983	180.248		-
3sa3w_68	-2329.7387	0.2236	0.1404	-2329.5151	-2329.5983	175.021		-
3sa3w_69	-2329.7399	0.2236	0.1417	-2329.5163	-2329.5983	172.478		-
3sa3w_70	-2329.7421	0.2235	0.1439	-2329.5185	-2329.5982	167.572		-
3sa3w_71	-2329.7365	0.2235	0.1384	-2329.5130	-2329.5980	179.023		-
3sa3w_72	-2329.7362	0.2245	0.1383	-2329.5117	-2329.5979	181.482		-
3sa3w_73	-2329.7426	0.2232	0.1447	-2329.5194	-2329.5979	165.304		-
3sa3w_74	-2329.7433	0.2251	0.1455	-2329.5182	-2329.5977	167.459		-
3sa3w_75	-2329.7398	0.2237	0.1422	-2329.5161	-2329.5976	171.532		-
3sa3w_76	-2329.7368	0.2235	0.1392	-2329.5133	-2329.5976	177.593		-
3sa3w_77	-2329.7405	0.2236	0.1429	-2329.5169	-2329.5976	169.846		-
3sa3w_78	-2329.7400	0.2235	0.1424	-2329.5164	-2329.5975	170.658		-
3sa3w_79	-2329.7391	0.2229	0.1416	-2329.5162	-2329.5975	171.146		-
3sa3w_80	-2329.7406	0.2237	0.1431	-2329.5169	-2329.5975	169.634		-
3sa3w_81	-2329.7387	0.2230	0.1413	-2329.5157	-2329.5974	172.014		-
3sa3w_82	-2329.7373	0.2238	0.1399	-2329.5135	-2329.5974	176.562		-
3sa3w_83	-2329.7386	0.2245	0.1413	-2329.5141	-2329.5973	175.104		-
3sa3w_84	-2329.7426	0.2243	0.1452	-2329.5183	-2329.5973	166.385		-
3sa3w_85	-2329.7388	0.2243	0.1415	-2329.5145	-2329.5973	174.216		-
3sa3w_86	-2329.7392	0.2233	0.1419	-2329.5158	-2329.5973	171.461		-
3sa3w_87	-2329.7401	0.2236	0.1430	-2329.5164	-2329.5971	169.769		-
3sa3w_88	-2329.7382	0.2237	0.1411	-2329.5145	-2329.5970	173.679		-
3sa3w_89	-2329.7410	0.2238	0.1440	-2329.5172	-2329.5970	167.982		-
3sa3w_90	-2329.7365	0.2233	0.1396	-2329.5132	-2329.5969	176.275		-
3sa3w_91	-2329.7413	0.2252	0.1445	-2329.5160	-2329.5968	170.005		-
3sa3w_92	-2329.7434	0.2250	0.1467	-2329.5184	-2329.5967	164.782		-
3sa3w_93	-2329.7362	0.2236	0.1396	-2329.5126	-2329.5966	176.794		-
3sa3w_94	-2329.7388	0.2237	0.1423	-2329.5151	-2329.5965	171.267		-
3sa3w_95	-2329.7370	0.2232	0.1406	-2329.5137	-2329.5964	173.985		-
3sa3w_96	-2329.7383	0.2237	0.1419	-2329.5146	-2329.5964	172.141		-
3sa3w_97	-2329.7361	0.2236	0.1398	-2329.5124	-2329.5963	176.515		-
3sa3w_98	-2329.7361	0.2242	0.1401	-2329.5119	-2329.5960	177.026		-
3sa3w_99	-2329.7358	0.2235	0.1398	-2329.5123	-2329.5959	176.033		-
3sa3w_100	-2329.7383	0.2236	0.1425	-2329.5147	-2329.5958	170.649		-
3sa3w_101	-2329.7348	0.2236	0.1392	-2329.5112	-2329.5957	177.768		-
3sa3w_102	-2329.7377	0.2236	0.1423	-2329.5141	-2329.5954	171.048		-
3sa3w_103	-2329.7360	0.2242	0.1408	-2329.5118	-2329.5953	175.606		-
3sa3w_104	-2329.7321	0.2242	0.1368	-2329.5079	-2329.5953	183.862		-
3sa3w_105	-2329.7345	0.2242	0.1395	-2329.5104	-2329.5950	178.099		-
3sa3w_106	-2329.7352	0.2244	0.1403	-2329.5108	-2329.5949	177.091		-
3sa3w_107	-2329.7355	0.2254	0.1406	-2329.5101	-2329.5949	178.487		-
3sa3w_108	-2329.7327	0.2242	0.1388	-2329.5085	-2329.5939	179.633		-
3sa3w_109	-2329.7313	0.2239	0.1383	-2329.5073	-2329.5930	180.201		-
3sa3w_110	-2329.7324	0.2247	0.1396	-2329.5078	-2329.5928	179.020		-
3sa3w_111	-2329.7325	0.2250	0.1399	-2329.5076	-2329.5926	178.938		-
3sa3w_112	-2329.7332	0.2252	0.1413	-2329.5080	-2329.5919	176.606		-
3sa3w_113	-2329.7376	0.2249	0.1459	-2329.5127	-2329.5917	166.395		-
3sa3w_114	-2329.7310	0.2247	0.1396	-2329.5064	-2329.5914	178.962		-
3sa3w_115	-2329.7269	0.2233	0.1357	-2329.5036	-2329.5911	184.261		-
3sa3w_116	-2329.7262	0.2228	0.1351	-2329.5034	-2329.5911	184.579		-
3sa3w_117	-2329.7327	0.2254	0.1418	-2329.5073	-2329.5908	175.769		-
3sa3w_118	-2329.7270	0.2247	0.1364	-2329.5023	-2329.5906	185.729		-
3sa3w_119	-2329.7313	0.2253	0.1408	-2329.5060	-2329.5905	177.824		-
3sa3w_120	-2329.7298	0.2243	0.1395	-2329.5055	-2329.5903	178.537		-
3sa3w_121	-2329.7218	0.2241	0.1317	-2329.4977	-2329.5901	194.508		-
3sa3w_122	-2329.7321	0.2251	0.1429	-2329.5070	-2329.5892	173.044		-
3sa3w_123	-2329.7233	0.2234	0.1347	-2329.4999	-2329.5886	186.552		-
								
Cluster		E(wB97X-D)	H-corr:	G-corr:	H(wB97X-D)	G(wB97X-D)	S(wB97X-D)	E(DLPNO)	
3sa4w_01	-2406.1863	0.2515	0.1672	-2405.9347	-2406.0191	177.594		-2403.9005222127
3sa4w_02	-2406.1844	0.2518	0.1670	-2405.9325	-2406.0174	178.528		-2403.8964931154
3sa4w_03	-2406.1830	0.2512	0.1657	-2405.9319	-2406.0173	179.877		-2403.8976090048
3sa4w_04	-2406.1827	0.2527	0.1656	-2405.9300	-2406.0171	183.359		-
3sa4w_05	-2406.1874	0.2534	0.1703	-2405.9339	-2406.0171	174.985		-
3sa4w_06	-2406.1851	0.2523	0.1681	-2405.9327	-2406.0170	177.358		-
3sa4w_07	-2406.1850	0.2522	0.1680	-2405.9328	-2406.0170	177.211		-
3sa4w_08	-2406.1851	0.2520	0.1683	-2405.9331	-2406.0168	176.129		-
3sa4w_09	-2406.1846	0.2522	0.1680	-2405.9324	-2406.0167	177.331		-
3sa4w_10	-2406.1844	0.2524	0.1679	-2405.9320	-2406.0165	177.841		-
3sa4w_11	-2406.1824	0.2524	0.1659	-2405.9300	-2406.0165	181.998		-
3sa4w_12	-2406.1804	0.2516	0.1642	-2405.9288	-2406.0163	184.089		-
3sa4w_13	-2406.1804	0.2514	0.1641	-2405.9290	-2406.0163	183.677		-
3sa4w_14	-2406.1872	0.2536	0.1709	-2405.9336	-2406.0163	174.030		-
3sa4w_15	-2406.1832	0.2531	0.1673	-2405.9301	-2406.0159	180.596		-
3sa4w_16	-2406.1840	0.2532	0.1682	-2405.9308	-2406.0159	179.053		-
3sa4w_17	-2406.1841	0.2531	0.1683	-2405.9310	-2406.0159	178.586		-
3sa4w_18	-2406.1845	0.2519	0.1688	-2405.9326	-2406.0157	174.829		-
3sa4w_19	-2406.1856	0.2525	0.1699	-2405.9331	-2406.0157	173.851		-
3sa4w_20	-2406.1829	0.2526	0.1675	-2405.9303	-2406.0154	179.145		-
3sa4w_21	-2406.1830	0.2524	0.1676	-2405.9307	-2406.0154	178.370		-
3sa4w_22	-2406.1842	0.2518	0.1690	-2405.9324	-2406.0152	174.322		-
3sa4w_23	-2406.1850	0.2525	0.1698	-2405.9325	-2406.0152	174.133		-
3sa4w_24	-2406.1820	0.2516	0.1668	-2405.9304	-2406.0152	178.396		-
3sa4w_25	-2406.1797	0.2506	0.1645	-2405.9291	-2406.0152	181.191		-
3sa4w_26	-2406.1852	0.2528	0.1702	-2405.9324	-2406.0150	173.833		-
3sa4w_27	-2406.1751	0.2503	0.1601	-2405.9249	-2406.0150	189.748		-
3sa4w_28	-2406.1823	0.2518	0.1674	-2405.9305	-2406.0149	177.696		-
3sa4w_29	-2406.1808	0.2515	0.1659	-2405.9293	-2406.0148	180.049		-
3sa4w_30	-2406.1811	0.2510	0.1663	-2405.9301	-2406.0148	178.198		-
3sa4w_31	-2406.1840	0.2525	0.1694	-2405.9315	-2406.0147	175.021		-
3sa4w_32	-2406.1842	0.2532	0.1696	-2405.9310	-2406.0146	175.943		-
3sa4w_33	-2406.1786	0.2531	0.1641	-2405.9255	-2406.0144	187.237		-
3sa4w_34	-2406.1817	0.2516	0.1673	-2405.9301	-2406.0144	177.456		-
3sa4w_35	-2406.1846	0.2533	0.1702	-2405.9313	-2406.0144	174.897		-
3sa4w_36	-2406.1788	0.2518	0.1645	-2405.9270	-2406.0143	183.701		-
3sa4w_37	-2406.1873	0.2541	0.1730	-2405.9332	-2406.0143	170.792		-
3sa4w_38	-2406.1770	0.2506	0.1628	-2405.9264	-2406.0142	184.709		-
3sa4w_39	-2406.1791	0.2515	0.1650	-2405.9277	-2406.0142	182.027		-
3sa4w_40	-2406.1824	0.2527	0.1684	-2405.9297	-2406.0140	177.413		-
3sa4w_41	-2406.1813	0.2516	0.1674	-2405.9297	-2406.0139	177.166		-
3sa4w_42	-2406.1846	0.2516	0.1710	-2405.9330	-2406.0136	169.452		-
3sa4w_43	-2406.1803	0.2528	0.1670	-2405.9276	-2406.0134	180.543		-
3sa4w_44	-2406.1834	0.2541	0.1701	-2405.9292	-2406.0133	176.852		-
3sa4w_45	-2406.1817	0.2515	0.1685	-2405.9302	-2406.0132	174.636		-
3sa4w_46	-2406.1811	0.2525	0.1681	-2405.9287	-2406.0130	177.598		-
3sa4w_47	-2406.1772	0.2525	0.1644	-2405.9247	-2406.0128	185.565		-
3sa4w_48	-2406.1785	0.2529	0.1658	-2405.9256	-2406.0127	183.219		-
3sa4w_49	-2406.1785	0.2521	0.1658	-2405.9264	-2406.0126	181.579		-
3sa4w_50	-2406.1817	0.2518	0.1692	-2405.9299	-2406.0125	173.818		-
3sa4w_51	-2406.1778	0.2528	0.1654	-2405.9249	-2406.0124	184.027		-
3sa4w_52	-2406.1809	0.2518	0.1687	-2405.9291	-2406.0123	175.014		-
3sa4w_53	-2406.1756	0.2531	0.1634	-2405.9225	-2406.0122	188.797		-
3sa4w_54	-2406.1796	0.2518	0.1674	-2405.9278	-2406.0122	177.666		-
3sa4w_55	-2406.1785	0.2533	0.1663	-2405.9252	-2406.0122	182.996		-
3sa4w_56	-2406.1746	0.2512	0.1624	-2405.9234	-2406.0121	186.713		-
3sa4w_57	-2406.1811	0.2529	0.1690	-2405.9281	-2406.0121	176.703		-
3sa4w_58	-2406.1846	0.2543	0.1725	-2405.9303	-2406.0121	172.106		-
3sa4w_59	-2406.1778	0.2534	0.1659	-2405.9244	-2406.0119	184.071		-
3sa4w_60	-2406.1778	0.2513	0.1661	-2405.9266	-2406.0118	179.341		-
3sa4w_61	-2406.1771	0.2527	0.1656	-2405.9244	-2406.0115	183.279		-
3sa4w_62	-2406.1807	0.2533	0.1693	-2405.9274	-2406.0114	176.774		-
3sa4w_63	-2406.1793	0.2530	0.1679	-2405.9263	-2406.0114	179.022		-
3sa4w_64	-2406.1816	0.2537	0.1703	-2405.9280	-2406.0113	175.499		-
3sa4w_65	-2406.1793	0.2532	0.1680	-2405.9261	-2406.0113	179.429		-
3sa4w_66	-2406.1793	0.2537	0.1680	-2405.9256	-2406.0113	180.346		-
3sa4w_67	-2406.1764	0.2521	0.1652	-2405.9244	-2406.0113	182.904		-
3sa4w_68	-2406.1803	0.2517	0.1691	-2405.9286	-2406.0112	173.839		-
3sa4w_69	-2406.1776	0.2511	0.1667	-2405.9265	-2406.0109	177.668		-
3sa4w_70	-2406.1791	0.2513	0.1687	-2405.9278	-2406.0105	173.954		-
3sa4w_71	-2406.1752	0.2523	0.1647	-2405.9229	-2406.0104	184.319		-
3sa4w_72	-2406.1764	0.2520	0.1660	-2405.9245	-2406.0104	180.900		-
3sa4w_73	-2406.1756	0.2527	0.1652	-2405.9229	-2406.0103	184.039		-
3sa4w_74	-2406.1803	0.2526	0.1700	-2405.9278	-2406.0103	173.742		-
3sa4w_75	-2406.1784	0.2518	0.1683	-2405.9266	-2406.0101	175.867		-
3sa4w_76	-2406.1703	0.2523	0.1602	-2405.9179	-2406.0101	193.928		-
3sa4w_77	-2406.1758	0.2528	0.1658	-2405.9230	-2406.0099	183.016		-
3sa4w_78	-2406.1741	0.2528	0.1643	-2405.9213	-2406.0098	186.203		-
3sa4w_79	-2406.1749	0.2524	0.1651	-2405.9224	-2406.0098	183.835		-
3sa4w_80	-2406.1771	0.2510	0.1678	-2405.9262	-2406.0093	175.079		-
3sa4w_81	-2406.1765	0.2525	0.1672	-2405.9240	-2406.0093	179.581		-
3sa4w_82	-2406.1698	0.2519	0.1606	-2405.9179	-2406.0092	192.176		-
3sa4w_83	-2406.1741	0.2518	0.1649	-2405.9222	-2406.0092	183.010		-
3sa4w_84	-2406.1784	0.2539	0.1693	-2405.9245	-2406.0091	178.173		-
3sa4w_85	-2406.1753	0.2510	0.1665	-2405.9243	-2406.0089	178.029		-
3sa4w_86	-2406.1754	0.2531	0.1666	-2405.9222	-2406.0088	182.121		-
3sa4w_87	-2406.1728	0.2524	0.1643	-2405.9204	-2406.0085	185.305		-
3sa4w_88	-2406.1741	0.2515	0.1659	-2405.9226	-2406.0082	180.155		-
3sa4w_89	-2406.1734	0.2522	0.1653	-2405.9212	-2406.0081	182.733		-
3sa4w_90	-2406.1722	0.2516	0.1641	-2405.9206	-2406.0081	184.052		-
3sa4w_91	-2406.1732	0.2528	0.1652	-2405.9205	-2406.0080	184.249		-
3sa4w_92	-2406.1740	0.2528	0.1663	-2405.9212	-2406.0077	182.035		-
3sa4w_93	-2406.1721	0.2513	0.1645	-2405.9208	-2406.0076	182.660		-
3sa4w_94	-2406.1709	0.2520	0.1634	-2405.9189	-2406.0075	186.460		-
3sa4w_95	-2406.1697	0.2524	0.1627	-2405.9174	-2406.0070	188.696		-
3sa4w_96	-2406.1783	0.2526	0.1715	-2405.9257	-2406.0068	170.791		-
3sa4w_97	-2406.1715	0.2527	0.1652	-2405.9188	-2406.0063	184.067		-
3sa4w_98	-2406.1691	0.2520	0.1631	-2405.9171	-2406.0060	187.137		-
3sa4w_99	-2406.1685	0.2522	0.1633	-2405.9163	-2406.0052	187.159		-
3sa4w_100	-2406.1690	0.2524	0.1638	-2405.9166	-2406.0052	186.447		-
3sa4w_101	-2406.1695	0.2518	0.1645	-2405.9178	-2406.0051	183.767		-
3sa4w_102	-2406.1703	0.2519	0.1654	-2405.9184	-2406.0049	181.927		-
3sa4w_103	-2406.1710	0.2533	0.1665	-2405.9178	-2406.0045	182.620		-
3sa4w_104	-2406.1691	0.2530	0.1647	-2405.9160	-2406.0044	185.892		-
3sa4w_105	-2406.1678	0.2525	0.1637	-2405.9154	-2406.0041	186.860		-
3sa4w_106	-2406.1641	0.2516	0.1602	-2405.9125	-2406.0039	192.439		-
3sa4w_107	-2406.1681	0.2529	0.1644	-2405.9151	-2406.0037	186.405		-
3sa4w_108	-2406.1637	0.2520	0.1605	-2405.9117	-2406.0032	192.682		-
3sa4w_109	-2406.1671	0.2521	0.1639	-2405.9150	-2406.0032	185.738		-
3sa4w_110	-2406.1666	0.2524	0.1642	-2405.9142	-2406.0024	185.639		-
3sa4w_111	-2406.1685	0.2528	0.1672	-2405.9157	-2406.0014	180.267		-
3sa4w_112	-2406.1629	0.2529	0.1619	-2405.9100	-2406.0010	191.632		-
3sa4w_113	-2406.1681	0.2530	0.1686	-2405.9152	-2405.9995	177.585		-
3sa4w_114	-2406.1612	0.2528	0.1618	-2405.9084	-2405.9994	191.579		-
								
Cluster		E(wB97X-D)	H-corr:	G-corr:	H(wB97X-D)	G(wB97X-D)	S(wB97X-D)	E(DLPNO)	
3sa5w_01	-2482.6216	0.2801	0.1877	-2482.3415	-2482.4339	194.637		-2480.2640682816
3sa5w_02	-2482.6184	0.2788	0.1854	-2482.3396	-2482.4329	196.465		-2480.2611571044
3sa5w_03	-2482.6230	0.2804	0.1903	-2482.3426	-2482.4326	189.594		-2480.2651833187
3sa5w_04	-2482.6193	0.2792	0.1871	-2482.3400	-2482.4322	193.957		-
3sa5w_05	-2482.6182	0.2795	0.1865	-2482.3387	-2482.4317	195.811		-
3sa5w_06	-2482.6218	0.2795	0.1901	-2482.3423	-2482.4317	188.122		-
3sa5w_07	-2482.6188	0.2788	0.1872	-2482.3400	-2482.4315	192.629		-
3sa5w_08	-2482.6236	0.2801	0.1927	-2482.3436	-2482.4309	183.786		-
3sa5w_09	-2482.6211	0.2801	0.1903	-2482.3410	-2482.4307	188.934		-
3sa5w_10	-2482.6174	0.2796	0.1867	-2482.3378	-2482.4307	195.595		-
3sa5w_11	-2482.6215	0.2808	0.1910	-2482.3407	-2482.4305	189.148		-
3sa5w_12	-2482.6223	0.2800	0.1920	-2482.3424	-2482.4303	185.173		-
3sa5w_13	-2482.6228	0.2805	0.1929	-2482.3423	-2482.4299	184.382		-
3sa5w_14	-2482.6212	0.2804	0.1920	-2482.3408	-2482.4292	185.991		-
3sa5w_15	-2482.6176	0.2805	0.1888	-2482.3371	-2482.4289	193.122		-
3sa5w_16	-2482.6171	0.2794	0.1883	-2482.3377	-2482.4287	191.617		-
3sa5w_17	-2482.6177	0.2800	0.1891	-2482.3377	-2482.4286	191.401		-
3sa5w_18	-2482.6201	0.2811	0.1915	-2482.3390	-2482.4286	188.674		-
3sa5w_19	-2482.6157	0.2792	0.1872	-2482.3365	-2482.4285	193.614		-
3sa5w_20	-2482.6165	0.2789	0.1883	-2482.3376	-2482.4283	190.790		-
3sa5w_21	-2482.6155	0.2801	0.1873	-2482.3354	-2482.4282	195.341		-
3sa5w_22	-2482.6218	0.2800	0.1936	-2482.3418	-2482.4282	181.758		-
3sa5w_23	-2482.6169	0.2796	0.1888	-2482.3372	-2482.4280	191.086		-
3sa5w_24	-2482.6169	0.2786	0.1888	-2482.3383	-2482.4280	188.913		-
3sa5w_25	-2482.6217	0.2813	0.1938	-2482.3404	-2482.4279	184.295		-
3sa5w_26	-2482.6163	0.2790	0.1884	-2482.3373	-2482.4279	190.594		-
3sa5w_27	-2482.6171	0.2782	0.1895	-2482.3389	-2482.4277	186.767		-
3sa5w_28	-2482.6150	0.2794	0.1874	-2482.3356	-2482.4276	193.685		-
3sa5w_29	-2482.6145	0.2805	0.1870	-2482.3341	-2482.4276	196.751		-
3sa5w_30	-2482.6190	0.2818	0.1915	-2482.3373	-2482.4275	189.920		-
3sa5w_31	-2482.6187	0.2815	0.1913	-2482.3372	-2482.4275	189.979		-
3sa5w_32	-2482.6212	0.2818	0.1940	-2482.3393	-2482.4272	184.919		-
3sa5w_33	-2482.6184	0.2819	0.1913	-2482.3365	-2482.4272	190.774		-
3sa5w_34	-2482.6164	0.2803	0.1893	-2482.3362	-2482.4272	191.515		-
3sa5w_35	-2482.6194	0.2802	0.1926	-2482.3392	-2482.4268	184.321		-
3sa5w_36	-2482.6165	0.2805	0.1898	-2482.3360	-2482.4268	191.033		-
3sa5w_37	-2482.6163	0.2806	0.1896	-2482.3356	-2482.4267	191.680		-
3sa5w_38	-2482.6167	0.2806	0.1902	-2482.3362	-2482.4265	190.102		-
3sa5w_39	-2482.6187	0.2816	0.1922	-2482.3371	-2482.4265	188.186		-
3sa5w_40	-2482.6179	0.2815	0.1915	-2482.3364	-2482.4264	189.457		-
3sa5w_41	-2482.6145	0.2801	0.1881	-2482.3344	-2482.4264	193.623		-
3sa5w_42	-2482.6152	0.2809	0.1892	-2482.3343	-2482.4260	192.814		-
3sa5w_43	-2482.6170	0.2812	0.1911	-2482.3359	-2482.4260	189.624		-
3sa5w_44	-2482.6178	0.2810	0.1920	-2482.3368	-2482.4258	187.333		-
3sa5w_45	-2482.6141	0.2798	0.1885	-2482.3343	-2482.4256	192.154		-
3sa5w_46	-2482.6161	0.2806	0.1905	-2482.3354	-2482.4256	189.715		-
3sa5w_47	-2482.6171	0.2814	0.1917	-2482.3357	-2482.4254	188.788		-
3sa5w_48	-2482.6189	0.2818	0.1935	-2482.3371	-2482.4253	185.749		-
3sa5w_49	-2482.6152	0.2813	0.1901	-2482.3339	-2482.4251	191.924		-
3sa5w_50	-2482.6179	0.2812	0.1931	-2482.3367	-2482.4247	185.276		-
3sa5w_51	-2482.6181	0.2818	0.1935	-2482.3363	-2482.4246	185.884		-
3sa5w_52	-2482.6136	0.2795	0.1891	-2482.3341	-2482.4244	190.148		-
3sa5w_53	-2482.6087	0.2792	0.1843	-2482.3294	-2482.4244	199.840		-
3sa5w_54	-2482.6143	0.2805	0.1899	-2482.3338	-2482.4244	190.745		-
3sa5w_55	-2482.6154	0.2810	0.1910	-2482.3343	-2482.4243	189.416		-
3sa5w_56	-2482.6098	0.2782	0.1856	-2482.3316	-2482.4242	194.945		-
3sa5w_57	-2482.6131	0.2810	0.1891	-2482.3321	-2482.4240	193.416		-
3sa5w_58	-2482.6141	0.2793	0.1904	-2482.3348	-2482.4236	187.056		-
3sa5w_59	-2482.6133	0.2813	0.1898	-2482.3320	-2482.4235	192.599		-
3sa5w_60	-2482.6113	0.2787	0.1883	-2482.3326	-2482.4230	190.225		-
3sa5w_61	-2482.6121	0.2812	0.1892	-2482.3309	-2482.4228	193.449		-
3sa5w_62	-2482.6105	0.2791	0.1877	-2482.3314	-2482.4228	192.287		-
3sa5w_63	-2482.6109	0.2786	0.1881	-2482.3323	-2482.4228	190.423		-
3sa5w_64	-2482.6123	0.2811	0.1898	-2482.3313	-2482.4225	192.032		-
3sa5w_65	-2482.6153	0.2820	0.1930	-2482.3333	-2482.4223	187.290		-
3sa5w_66	-2482.6122	0.2815	0.1901	-2482.3308	-2482.4221	192.267		-
3sa5w_67	-2482.6132	0.2815	0.1911	-2482.3317	-2482.4221	190.233		-
3sa5w_68	-2482.6061	0.2791	0.1849	-2482.3270	-2482.4213	198.355		-
3sa5w_69	-2482.6139	0.2819	0.1928	-2482.3320	-2482.4211	187.523		-
3sa5w_70	-2482.6091	0.2807	0.1880	-2482.3284	-2482.4211	194.999		-
3sa5w_71	-2482.6105	0.2763	0.1905	-2482.3342	-2482.4200	180.741		-
3sa5w_72	-2482.6124	0.2796	0.1928	-2482.3328	-2482.4196	182.649		-
3sa5w_73	-2482.6027	0.2795	0.1833	-2482.3232	-2482.4194	202.379		-
3sa5w_74	-2482.6133	0.2801	0.1940	-2482.3332	-2482.4194	181.242		-
3sa5w_75	-2482.6039	0.2787	0.1851	-2482.3253	-2482.4188	196.828		-
3sa5w_76	-2482.6060	0.2807	0.1881	-2482.3253	-2482.4178	194.806		-
3sa5w_77	-2482.6003	0.2792	0.1834	-2482.3210	-2482.4168	201.596		-
								
Cluster		E(wB97X-D)	H-corr:	G-corr:	H(wB97X-D)	G(wB97X-D)	S(wB97X-D)	E(DLPNO)	
4sa1w_01	-2877.0357	0.2156	0.1315	-2876.8201	-2876.9042	176.955		-2874.2974035329
4sa1w_02	-2877.0337	0.2153	0.1297	-2876.8184	-2876.9040	180.270		-2874.2965889063
4sa1w_03	-2877.0352	0.2150	0.1313	-2876.8202	-2876.9039	176.015		-2874.2967276189
4sa1w_04	-2877.0350	0.2151	0.1315	-2876.8199	-2876.9035	176.005		-
4sa1w_05	-2877.0314	0.2148	0.1286	-2876.8166	-2876.9028	181.409		-
4sa1w_06	-2877.0333	0.2151	0.1306	-2876.8182	-2876.9027	177.732		-
4sa1w_07	-2877.0355	0.2157	0.1335	-2876.8198	-2876.9020	173.014		-
4sa1w_08	-2877.0364	0.2166	0.1349	-2876.8198	-2876.9015	171.959		-
4sa1w_09	-2877.0354	0.2162	0.1342	-2876.8192	-2876.9012	172.442		-
4sa1w_10	-2877.0315	0.2150	0.1304	-2876.8165	-2876.9011	178.149		-
4sa1w_11	-2877.0266	0.2137	0.1256	-2876.8129	-2876.9010	185.423		-
4sa1w_12	-2877.0325	0.2150	0.1320	-2876.8175	-2876.9005	174.728		-
4sa1w_13	-2877.0320	0.2155	0.1317	-2876.8166	-2876.9003	176.198		-
4sa1w_14	-2877.0281	0.2147	0.1285	-2876.8135	-2876.8997	181.442		-
4sa1w_15	-2877.0297	0.2145	0.1302	-2876.8152	-2876.8995	177.478		-
4sa1w_16	-2877.0316	0.2152	0.1321	-2876.8164	-2876.8995	174.850		-
4sa1w_17	-2877.0279	0.2155	0.1285	-2876.8124	-2876.8995	183.174		-
4sa1w_18	-2877.0322	0.2153	0.1328	-2876.8170	-2876.8994	173.459		-
4sa1w_19	-2877.0270	0.2150	0.1277	-2876.8120	-2876.8993	183.749		-
4sa1w_20	-2877.0312	0.2154	0.1320	-2876.8159	-2876.8992	175.410		-
4sa1w_21	-2877.0294	0.2151	0.1306	-2876.8143	-2876.8988	177.903		-
4sa1w_22	-2877.0318	0.2155	0.1334	-2876.8163	-2876.8985	172.888		-
4sa1w_23	-2877.0265	0.2133	0.1285	-2876.8132	-2876.8981	178.632		-
4sa1w_24	-2877.0246	0.2150	0.1266	-2876.8096	-2876.8979	185.928		-
4sa1w_25	-2877.0243	0.2144	0.1267	-2876.8098	-2876.8976	184.704		-
4sa1w_26	-2877.0320	0.2161	0.1347	-2876.8159	-2876.8973	171.371		-
4sa1w_27	-2877.0267	0.2149	0.1294	-2876.8118	-2876.8972	179.817		-
4sa1w_28	-2877.0257	0.2150	0.1286	-2876.8107	-2876.8971	181.874		-
4sa1w_29	-2877.0266	0.2147	0.1297	-2876.8118	-2876.8969	178.950		-
4sa1w_30	-2877.0251	0.2144	0.1283	-2876.8107	-2876.8968	181.295		-
4sa1w_31	-2877.0248	0.2148	0.1282	-2876.8100	-2876.8966	182.204		-
4sa1w_32	-2877.0279	0.2158	0.1319	-2876.8121	-2876.8960	176.559		-
4sa1w_33	-2877.0220	0.2153	0.1282	-2876.8068	-2876.8938	183.156		-
4sa1w_34	-2877.0152	0.2143	0.1270	-2876.8009	-2876.8882	183.573		-
4sa1w_35	-2877.0112	0.2154	0.1240	-2876.7958	-2876.8872	192.307		-
4sa1w_36	-2877.0104	0.2150	0.1268	-2876.7954	-2876.8835	185.477		-
4sa1w_37	-2877.0125	0.2154	0.1301	-2876.7971	-2876.8823	179.374		-
								
Cluster		E(wB97X-D)	H-corr:	G-corr:	H(wB97X-D)	G(wB97X-D)	S(wB97X-D)	E(DLPNO)	
4sa2w_01	-2953.4735	0.2426	0.1524	-2953.2309	-2953.3211	189.912		-2950.665436833
4sa2w_02	-2953.4698	0.2435	0.1496	-2953.2263	-2953.3202	197.615		-2950.6626802256
4sa2w_03	-2953.4737	0.2435	0.1548	-2953.2301	-2953.3189	186.778		-2950.6631059802
4sa2w_04	-2953.4730	0.2428	0.1543	-2953.2302	-2953.3186	186.088		-
4sa2w_05	-2953.4727	0.2437	0.1546	-2953.2290	-2953.3181	187.589		-
4sa2w_06	-2953.4690	0.2428	0.1517	-2953.2262	-2953.3172	191.674		-
4sa2w_07	-2953.4711	0.2424	0.1539	-2953.2287	-2953.3172	186.202		-
4sa2w_08	-2953.4726	0.2431	0.1555	-2953.2295	-2953.3172	184.464		-
4sa2w_09	-2953.4719	0.2433	0.1552	-2953.2286	-2953.3168	185.541		-
4sa2w_10	-2953.4689	0.2432	0.1522	-2953.2257	-2953.3167	191.545		-
4sa2w_11	-2953.4691	0.2422	0.1526	-2953.2269	-2953.3166	188.749		-
4sa2w_12	-2953.4681	0.2425	0.1515	-2953.2256	-2953.3165	191.439		-
4sa2w_13	-2953.4717	0.2435	0.1552	-2953.2282	-2953.3165	185.797		-
4sa2w_14	-2953.4675	0.2424	0.1513	-2953.2250	-2953.3162	191.862		-
4sa2w_15	-2953.4673	0.2428	0.1513	-2953.2245	-2953.3160	192.559		-
4sa2w_16	-2953.4684	0.2418	0.1526	-2953.2266	-2953.3158	187.711		-
4sa2w_17	-2953.4747	0.2433	0.1590	-2953.2313	-2953.3157	177.488		-
4sa2w_18	-2953.4683	0.2433	0.1528	-2953.2251	-2953.3155	190.358		-
4sa2w_19	-2953.4675	0.2429	0.1521	-2953.2246	-2953.3154	191.149		-
4sa2w_20	-2953.4740	0.2436	0.1587	-2953.2305	-2953.3153	178.657		-
4sa2w_21	-2953.4674	0.2429	0.1521	-2953.2246	-2953.3153	191.047		-
4sa2w_22	-2953.4713	0.2443	0.1561	-2953.2271	-2953.3152	185.594		-
4sa2w_23	-2953.4682	0.2428	0.1535	-2953.2254	-2953.3147	187.981		-
4sa2w_24	-2953.4649	0.2422	0.1506	-2953.2228	-2953.3144	192.780		-
4sa2w_25	-2953.4671	0.2437	0.1528	-2953.2235	-2953.3143	191.298		-
4sa2w_26	-2953.4666	0.2415	0.1522	-2953.2251	-2953.3143	187.820		-
4sa2w_27	-2953.4667	0.2427	0.1525	-2953.2240	-2953.3142	189.845		-
4sa2w_28	-2953.4646	0.2427	0.1507	-2953.2218	-2953.3139	193.678		-
4sa2w_29	-2953.4693	0.2440	0.1554	-2953.2253	-2953.3138	186.293		-
4sa2w_30	-2953.4647	0.2420	0.1511	-2953.2227	-2953.3136	191.418		-
4sa2w_31	-2953.4640	0.2432	0.1506	-2953.2208	-2953.3134	194.858		-
4sa2w_32	-2953.4692	0.2433	0.1558	-2953.2259	-2953.3134	184.081		-
4sa2w_33	-2953.4644	0.2427	0.1512	-2953.2217	-2953.3132	192.584		-
4sa2w_34	-2953.4643	0.2437	0.1512	-2953.2206	-2953.3131	194.672		-
4sa2w_35	-2953.4670	0.2438	0.1540	-2953.2233	-2953.3130	188.904		-
4sa2w_36	-2953.4692	0.2436	0.1563	-2953.2256	-2953.3129	183.734		-
4sa2w_37	-2953.4659	0.2431	0.1534	-2953.2227	-2953.3125	188.928		-
4sa2w_38	-2953.4707	0.2449	0.1584	-2953.2257	-2953.3122	182.024		-
4sa2w_39	-2953.4677	0.2442	0.1556	-2953.2236	-2953.3121	186.456		-
4sa2w_40	-2953.4681	0.2440	0.1566	-2953.2241	-2953.3115	183.838		-
4sa2w_41	-2953.4677	0.2448	0.1563	-2953.2228	-2953.3114	186.325		-
4sa2w_42	-2953.4593	0.2426	0.1483	-2953.2167	-2953.3110	198.314		-
4sa2w_43	-2953.4603	0.2427	0.1504	-2953.2176	-2953.3099	194.251		-
4sa2w_44	-2953.4604	0.2419	0.1509	-2953.2185	-2953.3095	191.532		-
4sa2w_45	-2953.4580	0.2424	0.1486	-2953.2156	-2953.3093	197.288		-
4sa2w_46	-2953.4598	0.2430	0.1507	-2953.2168	-2953.3091	194.302		-
4sa2w_47	-2953.4585	0.2424	0.1499	-2953.2161	-2953.3086	194.653		-
4sa2w_48	-2953.4493	0.2434	0.1444	-2953.2059	-2953.3049	208.434		-
4sa2w_49	-2953.4580	0.2418	0.1539	-2953.2162	-2953.3041	185.039		-
4sa2w_50	-2953.4494	0.2425	0.1453	-2953.2069	-2953.3041	204.553		-
4sa2w_51	-2953.4498	0.2428	0.1496	-2953.2070	-2953.3002	196.158		-
								
Cluster		E(wB97X-D)	H-corr:	G-corr:	H(wB97X-D)	G(wB97X-D)	S(wB97X-D)	E(DLPNO)	
4sa3w_01	-3029.9137	0.2699	0.1778	-3029.6438	-3029.7359	193.950		-3027.0316241426
4sa3w_02	-3029.9121	0.2712	0.1777	-3029.6409	-3029.7344	196.772		-3027.0320836079
4sa3w_03	-3029.9120	0.2712	0.1781	-3029.6408	-3029.7339	195.939		-3027.0307666204
4sa3w_04	-3029.9119	0.2703	0.1781	-3029.6416	-3029.7338	194.030		-
4sa3w_05	-3029.9063	0.2717	0.1731	-3029.6345	-3029.7332	207.684		-
4sa3w_06	-3029.9047	0.2700	0.1726	-3029.6348	-3029.7321	204.934		-
4sa3w_07	-3029.9093	0.2714	0.1772	-3029.6379	-3029.7321	198.318		-
4sa3w_08	-3029.9047	0.2700	0.1726	-3029.6347	-3029.7321	204.913		-
4sa3w_09	-3029.9037	0.2701	0.1718	-3029.6336	-3029.7319	206.972		-
4sa3w_10	-3029.9085	0.2700	0.1774	-3029.6385	-3029.7311	195.024		-
4sa3w_11	-3029.9052	0.2697	0.1742	-3029.6355	-3029.7310	201.095		-
4sa3w_12	-3029.9090	0.2708	0.1781	-3029.6382	-3029.7309	195.104		-
4sa3w_13	-3029.9074	0.2696	0.1765	-3029.6378	-3029.7309	195.884		-
4sa3w_14	-3029.9090	0.2709	0.1783	-3029.6381	-3029.7307	194.868		-
4sa3w_15	-3029.9082	0.2716	0.1776	-3029.6366	-3029.7306	197.929		-
4sa3w_16	-3029.9058	0.2706	0.1757	-3029.6353	-3029.7301	199.548		-
4sa3w_17	-3029.9094	0.2713	0.1794	-3029.6381	-3029.7299	193.301		-
4sa3w_18	-3029.9051	0.2708	0.1754	-3029.6343	-3029.7297	200.939		-
4sa3w_19	-3029.9088	0.2727	0.1790	-3029.6360	-3029.7297	197.151		-
4sa3w_20	-3029.9049	0.2712	0.1753	-3029.6337	-3029.7296	201.812		-
4sa3w_21	-3029.9085	0.2731	0.1792	-3029.6354	-3029.7293	197.686		-
4sa3w_22	-3029.9065	0.2714	0.1772	-3029.6351	-3029.7293	198.123		-
4sa3w_23	-3029.9106	0.2713	0.1820	-3029.6393	-3029.7287	188.129		-
4sa3w_24	-3029.9034	0.2714	0.1749	-3029.6320	-3029.7285	203.118		-
4sa3w_25	-3029.9038	0.2706	0.1756	-3029.6332	-3029.7282	199.929		-
4sa3w_26	-3029.9044	0.2709	0.1763	-3029.6335	-3029.7282	199.261		-
4sa3w_27	-3029.9047	0.2707	0.1767	-3029.6340	-3029.7280	197.887		-
4sa3w_28	-3029.9014	0.2712	0.1735	-3029.6302	-3029.7279	205.666		-
4sa3w_29	-3029.9021	0.2705	0.1744	-3029.6316	-3029.7277	202.275		-
4sa3w_30	-3029.9032	0.2716	0.1758	-3029.6316	-3029.7275	201.713		-
4sa3w_31	-3029.9021	0.2715	0.1751	-3029.6306	-3029.7270	202.964		-
4sa3w_32	-3029.9023	0.2705	0.1753	-3029.6318	-3029.7270	200.367		-
4sa3w_33	-3029.9041	0.2717	0.1775	-3029.6324	-3029.7266	198.268		-
4sa3w_34	-3029.9060	0.2727	0.1794	-3029.6333	-3029.7265	196.186		-
4sa3w_35	-3029.8997	0.2710	0.1734	-3029.6286	-3029.7262	205.425		-
4sa3w_36	-3029.9019	0.2715	0.1762	-3029.6304	-3029.7257	200.562		-
4sa3w_37	-3029.9074	0.2720	0.1822	-3029.6354	-3029.7252	189.090		-
4sa3w_38	-3029.9031	0.2712	0.1787	-3029.6318	-3029.7244	194.804		-
4sa3w_39	-3029.9006	0.2710	0.1783	-3029.6297	-3029.7224	195.123		-
4sa3w_40	-3029.8956	0.2710	0.1737	-3029.6247	-3029.7220	204.740		-
4sa3w_41	-3029.8999	0.2703	0.1784	-3029.6296	-3029.7215	193.427		-
4sa3w_42	-3029.8971	0.2695	0.1759	-3029.6276	-3029.7212	196.954		-
4sa3w_43	-3029.8863	0.2710	0.1711	-3029.6152	-3029.7152	210.398		-
4sa3w_44	-3029.8881	0.2710	0.1737	-3029.6170	-3029.7144	204.895		-
								
Cluster		E(wB97X-D)	H-corr:	G-corr:	H(wB97X-D)	G(wB97X-D)	S(wB97X-D)	E(DLPNO)	
4sa4w_01	-3106.3479	0.2984	0.1990	-3106.0495	-3106.1489	209.308		-3103.3952027084
4sa4w_02	-3106.3489	0.2986	0.2004	-3106.0503	-3106.1485	206.732		-3103.3955296429
4sa4w_03	-3106.3466	0.2965	0.1981	-3106.0500	-3106.1484	207.097		-3103.3937691251
4sa4w_04	-3106.3507	0.2983	0.2024	-3106.0524	-3106.1483	201.681		-
4sa4w_05	-3106.3489	0.2981	0.2010	-3106.0509	-3106.1480	204.360		-
4sa4w_06	-3106.3419	0.2971	0.1944	-3106.0448	-3106.1476	216.283		-
4sa4w_07	-3106.3455	0.2978	0.1981	-3106.0477	-3106.1474	209.843		-
4sa4w_08	-3106.3527	0.2985	0.2057	-3106.0542	-3106.1470	195.413		-
4sa4w_09	-3106.3502	0.2976	0.2033	-3106.0526	-3106.1469	198.486		-
4sa4w_10	-3106.3435	0.2978	0.1975	-3106.0457	-3106.1460	210.997		-
4sa4w_11	-3106.3424	0.2990	0.1964	-3106.0434	-3106.1459	215.784		-
4sa4w_12	-3106.3476	0.2989	0.2021	-3106.0487	-3106.1455	203.607		-
4sa4w_13	-3106.3417	0.2974	0.1971	-3106.0443	-3106.1446	211.110		-
4sa4w_14	-3106.3424	0.2974	0.1978	-3106.0449	-3106.1445	209.621		-
4sa4w_15	-3106.3505	0.2994	0.2061	-3106.0511	-3106.1444	196.445		-
4sa4w_16	-3106.3474	0.2997	0.2031	-3106.0477	-3106.1443	203.310		-
4sa4w_17	-3106.3402	0.2971	0.1961	-3106.0431	-3106.1442	212.757		-
4sa4w_18	-3106.3399	0.2995	0.1960	-3106.0404	-3106.1439	217.708		-
4sa4w_19	-3106.3415	0.2988	0.1977	-3106.0428	-3106.1438	212.696		-
4sa4w_20	-3106.3432	0.2978	0.1994	-3106.0454	-3106.1437	207.038		-
4sa4w_21	-3106.3401	0.2973	0.1968	-3106.0428	-3106.1434	211.583		-
4sa4w_22	-3106.3419	0.2993	0.1989	-3106.0426	-3106.1430	211.363		-
4sa4w_23	-3106.3395	0.2977	0.1966	-3106.0418	-3106.1430	212.893		-
4sa4w_24	-3106.3400	0.2998	0.1977	-3106.0403	-3106.1424	214.875		-
4sa4w_25	-3106.3410	0.2994	0.1991	-3106.0417	-3106.1419	210.921		-
4sa4w_26	-3106.3423	0.2998	0.2006	-3106.0425	-3106.1418	208.821		-
4sa4w_27	-3106.3416	0.2991	0.2001	-3106.0425	-3106.1415	208.326		-
4sa4w_28	-3106.3399	0.3002	0.1987	-3106.0397	-3106.1412	213.613		-
4sa4w_29	-3106.3403	0.3001	0.1993	-3106.0402	-3106.1409	211.994		-
4sa4w_30	-3106.3440	0.2992	0.2034	-3106.0448	-3106.1406	201.721		-
4sa4w_31	-3106.3410	0.3001	0.2006	-3106.0409	-3106.1404	209.544		-
4sa4w_32	-3106.3347	0.2978	0.1950	-3106.0369	-3106.1397	216.355		-
4sa4w_33	-3106.3373	0.2971	0.1977	-3106.0402	-3106.1396	209.187		-
4sa4w_34	-3106.3406	0.3002	0.2016	-3106.0404	-3106.1390	207.625		-
4sa4w_35	-3106.3306	0.2974	0.1943	-3106.0331	-3106.1363	217.143		-
4sa4w_36	-3106.3278	0.2983	0.1938	-3106.0295	-3106.1341	220.056		-
4sa4w_37	-3106.3274	0.2974	0.1942	-3106.0300	-3106.1332	217.092		-
4sa4w_38	-3106.3234	0.2982	0.1927	-3106.0252	-3106.1307	222.022		-
								
Cluster		E(wB97X-D)	H-corr:	G-corr:	H(wB97X-D)	G(wB97X-D)	S(wB97X-D)	E(DLPNO)	
4sa5w_01	-3182.7856	0.3272	0.2226	-3182.4585	-3182.5630	220.110		-3179.7596455168
4sa5w_02	-3182.7825	0.3245	0.2217	-3182.4580	-3182.5608	216.313		-3179.7568776322
4sa5w_03	-3182.7850	0.3266	0.2244	-3182.4584	-3182.5606	215.156		-3179.7601796301
4sa5w_04	-3182.7863	0.3275	0.2258	-3182.4588	-3182.5604	213.927		-
4sa5w_05	-3182.7871	0.3263	0.2268	-3182.4608	-3182.5604	209.585		-
4sa5w_06	-3182.7795	0.3257	0.2192	-3182.4538	-3182.5603	224.091		-
4sa5w_07	-3182.7870	0.3276	0.2268	-3182.4594	-3182.5602	212.275		-
4sa5w_08	-3182.7826	0.3257	0.2225	-3182.4568	-3182.5601	217.330		-
4sa5w_09	-3182.7850	0.3277	0.2253	-3182.4572	-3182.5597	215.701		-
4sa5w_10	-3182.7838	0.3270	0.2241	-3182.4568	-3182.5597	216.539		-
4sa5w_11	-3182.7826	0.3272	0.2232	-3182.4554	-3182.5594	218.827		-
4sa5w_12	-3182.7777	0.3274	0.2183	-3182.4503	-3182.5594	229.682		-
4sa5w_13	-3182.7792	0.3257	0.2199	-3182.4534	-3182.5593	222.752		-
4sa5w_14	-3182.7831	0.3256	0.2241	-3182.4575	-3182.5591	213.774		-
4sa5w_15	-3182.7776	0.3253	0.2185	-3182.4523	-3182.5591	224.765		-
4sa5w_16	-3182.7876	0.3276	0.2286	-3182.4600	-3182.5591	208.478		-
4sa5w_17	-3182.7845	0.3278	0.2258	-3182.4567	-3182.5587	214.675		-
4sa5w_18	-3182.7882	0.3266	0.2296	-3182.4616	-3182.5585	204.096		-
4sa5w_19	-3182.7825	0.3267	0.2240	-3182.4558	-3182.5585	216.112		-
4sa5w_20	-3182.7867	0.3277	0.2283	-3182.4590	-3182.5584	209.254		-
4sa5w_21	-3182.7818	0.3270	0.2234	-3182.4548	-3182.5584	218.021		-
4sa5w_22	-3182.7867	0.3282	0.2285	-3182.4586	-3182.5583	209.892		-
4sa5w_23	-3182.7842	0.3265	0.2259	-3182.4576	-3182.5583	211.787		-
4sa5w_24	-3182.7853	0.3276	0.2271	-3182.4577	-3182.5582	211.520		-
4sa5w_25	-3182.7849	0.3266	0.2274	-3182.4583	-3182.5576	208.906		-
4sa5w_26	-3182.7791	0.3258	0.2217	-3182.4533	-3182.5574	219.114		-
4sa5w_27	-3182.7797	0.3271	0.2224	-3182.4526	-3182.5573	220.390		-
4sa5w_28	-3182.7779	0.3263	0.2212	-3182.4517	-3182.5568	221.208		-
4sa5w_29	-3182.7837	0.3278	0.2270	-3182.4559	-3182.5567	212.288		-
4sa5w_30	-3182.7764	0.3266	0.2199	-3182.4498	-3182.5565	224.516		-
4sa5w_31	-3182.7785	0.3255	0.2220	-3182.4530	-3182.5565	217.749		-
4sa5w_32	-3182.7827	0.3274	0.2266	-3182.4553	-3182.5562	212.306		-
4sa5w_33	-3182.7780	0.3259	0.2225	-3182.4522	-3182.5555	217.521		-
4sa5w_34	-3182.7838	0.3271	0.2283	-3182.4566	-3182.5555	208.087		-
4sa5w_35	-3182.7783	0.3265	0.2229	-3182.4518	-3182.5554	218.001		-
4sa5w_36	-3182.7789	0.3268	0.2236	-3182.4521	-3182.5553	217.301		-
4sa5w_37	-3182.7761	0.3274	0.2208	-3182.4487	-3182.5553	224.309		-
4sa5w_38	-3182.7751	0.3267	0.2199	-3182.4484	-3182.5552	224.751		-
4sa5w_39	-3182.7777	0.3260	0.2228	-3182.4517	-3182.5550	217.285		-
4sa5w_40	-3182.7782	0.3263	0.2234	-3182.4519	-3182.5548	216.598		-
4sa5w_41	-3182.7692	0.3252	0.2161	-3182.4440	-3182.5531	229.710		-
4sa5w_42	-3182.7770	0.3277	0.2242	-3182.4494	-3182.5529	217.899		-
4sa5w_43	-3182.7773	0.3278	0.2244	-3182.4495	-3182.5529	217.464		-
4sa5w_44	-3182.7790	0.3266	0.2272	-3182.4523	-3182.5518	209.317		-
4sa5w_45	-3182.7749	0.3282	0.2239	-3182.4467	-3182.5510	219.619		-
4sa5w_46	-3182.7767	0.3286	0.2266	-3182.4481	-3182.5501	214.611		-
4sa5w_47	-3182.7687	0.3254	0.2201	-3182.4433	-3182.5487	221.728		-
4sa5w_48	-3182.7706	0.3273	0.2224	-3182.4433	-3182.5483	220.843		-
4sa5w_49	-3182.7666	0.3264	0.2194	-3182.4402	-3182.5473	225.220		-
4sa5w_50	-3182.7607	0.3248	0.2141	-3182.4359	-3182.5466	232.877		-
4sa5w_51	-3182.7616	0.3261	0.2151	-3182.4354	-3182.5465	233.652		-
4sa5w_52	-3182.7608	0.3253	0.2159	-3182.4355	-3182.5449	230.205		-
