Cluster	E(wB97X-D)	H-corr:		G-corr:		H(wB97X-D)	G(wB97X-D)	S(wB97X-D)	E(DLPNO)
1sa	-700.126098	0.045614	0.011148	-700.080484	-700.114950	72.540		-699.460421	
1b	-699.619329	0.032986	-0.001528	-699.586343	-699.620857	72.639		-698.951587	
1sa_1b	-1399.822204	0.080261	0.033804	-1399.741942	-1399.788400	97.778		-1398.487119	
2sa_1b	-2099.995891	0.128584	0.064820	-2099.867307	-2099.931071	134.203		-2097.994437	
3sa_1b	-2800.162567	0.176129	0.096714	-2799.986439	-2800.065853	167.143		-2797.494063	
4sa_1b	-3500.320032	0.223446	0.130072	-3500.096586	-3500.189960	196.523		-3496.985571	
5sa_1b	-4200.489961	0.270388	0.162819	-4200.219573	-4200.327142	226.397		-4196.488066	
6sa_1b	-4900.648954	0.317921	0.198116	-4900.331033	-4900.450838	252.152		-4895.980181	

