#CLUSTER  dG_298.15K_[Eh] dH_298.15K_[Eh] dS_298.15K_[Eh/K]
2am          -112.92057108061034 -112.88594738392523 0.0001161284477113507 
2am1p        -113.27836367932746 -113.24682040140503 0.00010579667255555442
1am1aq       -132.79853227496642 -132.76576861968385 0.00010988983827813604
3am          -169.37691643270554 -169.33686617668442 0.000134329216907986  
3am1p        -169.75567388151822 -169.7163281137646  0.0001319663516806453 
1ma1w        -171.998770242179   -171.96209376029347 0.00012301352301029756
2ma          -191.31724659242477 -191.27699926991264 0.00013499018115750743
1am1dma      -191.32474983675957 -191.28364427656606 0.00013786872444573441
1am1dma1p    -191.70416057640367 -191.6648405236633  0.00013188010310380378
1am2aq       -209.13208384909544 -209.09375138759341 0.00012856770585950697
1am2aq1p     -209.49374430015874 -209.45255443897898 0.00013815147133931774
1dma1w       -211.20368589124945 -211.1649007251287  0.00013008608459073195
1aq1dma1p    -211.57250252796922 -211.53242705271037 0.00013441380264581638
4am          -225.83192483471194 -225.78501926116152 0.00015732206456629653
2am1dma1p    -248.17898519593479 -248.13179208408076 0.00015828647276215296
1ma2w        -248.33178636263918 -248.28989075991248 0.00014051854008621887
2dma         -269.7290275859577  -269.68281247069666 0.00015500625611600195
2dma1p       -270.11237903748867 -270.0681363867989  0.000148390577527249  
1am3aq       -285.4677495486423  -285.4238562405263  0.00014721887679353346
1am3aq1p     -285.83963045826033 -285.7897232982691  0.0001673894348185898 
3ma          -286.97481944946554 -286.92420320727916 0.00016976770815441247
1dma2w       -287.53826277515395 -287.49294506302226 0.00015199635127207637
2aq1dma1p    -287.91904952646354 -287.87040387468136 0.00016315831555324664
1am2dma1p    -326.58644783260394 -326.5331583724739  0.0001787337250713774 
1am1glyt     -339.9057092636567  -339.8625442108756  0.00014477629643183654
1am1gly      -340.44983856889183 -340.40734224096246 0.00014253338228870666
1am1gly1p    -340.80791976774725 -340.7668483774052  0.00013775411820229474
1glyt1w      -359.789038370873   -359.74688947463557 0.00014136809068411875
1gly1w       -360.32130705162973 -360.28016659156475 0.0001379857791885807 
1gly1p1w     -360.6728278857123  -360.63145573851    0.0001387628616548541 
1am4aq       -361.8021297794532  -361.75148035367755 0.00016987900645846221
1dma3w       -363.8739164949743  -363.82352023587987 0.0001690298812490147 
3aq1dma1p    -364.25839337270554 -364.20598314765016 0.00017578475618127952
4ma          -382.630821541991   -382.5702780258741  0.00020306394806910748
3dma1p       -404.9926538344982  -404.9347639388979  0.00019416366124566702
1am5aq1p     -438.52176522540134 -438.4582501216491  0.00021303070183558253
1dma4w       -440.20594507400205 -440.15134738114074 0.00018312155915266583
1dma5w       -516.5423116202827  -516.480241466652   0.0002081843153808544 
1sua1w       -532.6000522686047  -532.5527460990438  0.00015866567016945853
4dma         -539.4558138766141  -539.3837637114206  0.00024165743818142335
1dma6w       -592.8758416989253  -592.8110082373541  0.00021745249562718201
1sua2w       -608.9366751259302  -608.8845465587699  0.00017484007097177503
1dma1sua1w   -667.4693667893914  -667.4112731440212  0.00019484704132273045
1sua3w       -685.2725602918911  -685.2161101225788  0.0001893347956140888 
1am1pha      -699.8464899963792  -699.8034733882844  0.00014427841051409146
1pha1w       -719.7176732102663  -719.6757557063605  0.00014059199700104154
1dma1sua2w   -743.8109955385901  -743.7472284067474  0.00021387600819368542
1am1b        -755.4140627786253  -755.3738283610774  0.00013494689769606876
1am1sa       -755.9213259449917  -755.8802740945786  0.00013768858095915216
1am1p1sa     -756.2558215662864  -756.2113725119534  0.0001490828587389952 
1sua4w       -761.6112854460653  -761.546970182063   0.0002157144524647745 
1b1w         -775.2968020392749  -775.2556636437915  0.00013797885454839236
1sa1w        -775.7895430637867  -775.7489267407051  0.00013622781513167914
1ma1sa       -795.1241540458428  -795.079670918865   0.00014919713894969542
1dma1msa     -798.4087831735754  -798.3616528089925  0.0001580760173834358 
2am1b        -811.8757476652322  -811.8261359079065  0.00016639864942328222
2am1sa       -812.3910228370185  -812.342652193531   0.0001622359332132446 
2am1p1sa     -812.751036423913   -812.7024377386034  0.00016300078923205797
1am1homF     -815.1581222557895  -815.0957613546095  0.00020915948743880657
1dma1sua3w   -820.1489033003006  -820.0803055055974  0.0002300781308181306 
1am1b1w      -831.7565469311177  -831.7114639520101  0.00015120905285088537
1am1aq1sa    -832.2586352741176  -832.2119740261081  0.00015650259268756397
1am1aq1p1sa  -832.6055104433108  -832.5567089179167  0.0001636811182092157 
1b1dma       -833.8211672377189  -833.7750556009918  0.00015465918741290716
1dma1sa      -834.3364159144355  -834.2882423150111  0.00016157504418752336
1dma1p1sa    -834.6839988095892  -834.6349357626716  0.00016455826569756652
1homF1w      -835.0308175696343  -834.9721734157813  0.00019669345582023706
1sua5w       -837.9445558263873  -837.877880437337   0.00022363035066346923
1b2w         -851.6382818571678  -851.5924710903182  0.0001536500648990636 
1sa2w        -852.1280813236345  -852.0819127370395  0.00015485019820607294
3am1sa       -868.8515807549459  -868.7984939940072  0.00017805386865281814
3am1p1sa     -869.2270666416972  -869.1727825572863  0.00018206971125568928
1ma1sa1w     -871.4671438884461  -871.4177305779594  0.00016573305546429304
1sa1tma      -873.5472979683494  -873.4977607591858  0.00016614861366302902
2am1aq1p1sa  -889.0969832016285  -889.0431684409589  0.00018049559171474304
2ma1sa       -890.7927452123367  -890.7397988221126  0.00017758306296842711
1am1dma1sa   -890.8022009100298  -890.7493691035302  0.00017719874727415162
1am1dma1p1sa -891.1750394720455  -891.1209408258635  0.00018144774838795195
1dma1homF    -893.5650724222796  -893.497857716015   0.00022543922946387812
1dma1sua4w   -896.4780006819597  -896.4070080995757  0.00023811028805605834
1am1b2w      -908.0989635833873  -908.0469261795631  0.00017453430764521487
1am2aq1sa    -908.6023601269937  -908.5507916430456  0.00017296154267374423
1am2aq1p1sa  -908.9498059398306  -908.8889488971113  0.0002041155214477501 
1b1dma1w     -910.1643149549872  -910.1115978342765  0.0001768140892530478 
1dma1sa1w    -910.6784847709184  -910.6254366395679  0.00017792430437846515
1aq1dma1p1sa -911.0330333110825  -910.9764260331059  0.0001898617406566153 
1sua6w       -914.2838437836597  -914.2131421584002  0.00023713441307953283
4am1sa       -925.3155124399576  -925.256926572173   0.0001964979633885977 
1b3w         -927.9794872864767  -927.92839053661    0.0001713793388122243 
1sa3w        -928.4671899286518  -928.4153452137273  0.0001738880259087038 
2am1dma1sa   -947.2585542186503  -947.2003623766379  0.00019517639447340845
2am1dma1p1sa -947.6504765500968  -947.5898261345571  0.000203422490490435  
1ma1sa2w     -947.8100635420067  -947.7539557647717  0.00018818640695881435
1sa1tma1w    -949.8851227652264  -949.8297536163626  0.00018570903526306527
2am2aq1p1sa  -965.4432792014709  -965.3825845911042  0.0002035707206664397 
2ma1sa1w     -967.1329465291674  -967.0747603005016  0.00019515756721666527
1b2dma       -968.6876842885017  -968.6279482831146  0.00020035554381040035
2dma1sa      -969.2077730077947  -969.1489140578074  0.00019741388558512746
2dma1p1sa    -969.5971281962137  -969.5365739913171  0.00020309979841224467
1dma1sua5w   -972.8200683913625  -972.7452255102918  0.0002510242531295469 
1glyt1sa     -982.9564247485189  -982.9079273035954  0.00016266122731336033
1gly1sa      -983.4323589077962  -983.3854966979156  0.00015717662210472226
1gly1p1sa    -983.7850260880372  -983.7317730389476  0.00017861160184308924
1am1b3w      -984.4391748851987  -984.3837901790179  0.0001857612147602801 
1am3aq1sa    -984.9402063670301  -984.8826094779482  0.00019318091256696608
1am3aq1p1sa  -985.2924189733823  -985.2261402649202  0.0002222998774512352 
1mea1sa1w    -985.8174050234671  -985.7647400541101  0.00017663917275545203
3ma1sa       -986.4598901883097  -986.3973641758174  0.00020971327349437837
1b1dma2w     -986.506091816494   -986.4491600171181  0.0001909501907622862 
1dma1sa2w    -987.0179979699228  -986.9604419641773  0.00019304378918417358
2aq1dma1p1sa -987.3758783228902  -987.3136970006847  0.00020855717660794935
1b4w         -1004.3181719237134 -1004.2638834053862 0.0001820845826837322 
1sa4w        -1004.8053907106762 -1004.7486344388819 0.00019036146836959287
1ma1sa3w     -1024.14734789208   -1024.085659501109  0.00020690387714510024
1am2dma1sa   -1025.6740681971191 -1025.6101285442824 0.00021445464644256302
1am2dma1p1sa -1026.0703663995023 -1026.0039316018579 0.0002228234031346774 
1sa1tma2w    -1026.2221019520953 -1026.16227585024   0.00020065772884542745
1am1glyt1sa  -1039.4169217832148 -1039.3625217580573 0.0001824585784264953 
1am1gly1sa   -1039.9156121124704 -1039.8591927795512 0.00018923136984461798
1am1gly1p1sa -1040.2765821103492 -1040.2183858270398 0.0001951912906575004 
2ma1sa2w     -1043.4751741175896 -1043.4108145219798 0.00021586314140435272
1aq2dma1p1sa -1045.9420502598093 -1045.8743709021007 0.00022699767804295625
1sa2tma      -1047.628150429503  -1047.5659789085084 0.00020852430318526013
1dma1sua6w   -1049.1565738804495 -1049.0761605494242 0.0002697076338255609 
1glyt1sa1w   -1059.2976312227418 -1059.2419493113614 0.0001867580458843983 
1gly1sa1w    -1059.7834745582293 -1059.7277110227908 0.00018703181431726137
1gly1p1sa1w  -1060.1344232848778 -1060.0745879358128 0.00020068874413968886
1am1b4w      -1060.7768127056402 -1060.7146423110817 0.00020852052510032739
1am4aq1sa    -1061.2771370787523 -1061.2136085451175 0.0002130757458814681 
1am4aq1p1sa  -1061.637046241108  -1061.5659658047227 0.00023840495182141393
1b1dma3w     -1062.846294479034  -1062.7851438009448 0.0002051003793025682 
1dma1sa3w    -1063.3548620706476 -1063.291922271754  0.0002111011198850672 
1oa1sa       -1077.2707205627958 -1077.2194706287119 0.00017189312119268333
1b5w         -1080.656692087271  -1080.5976482353585 0.00019803404968150962
1sa5w        -1081.1379055016785 -1081.0769854230723 0.0002043269448471467 
4ma1sa       -1082.123043533776  -1082.0520272989486 0.00023818961873916587
2am2dma1p1sa -1082.5421914110982 -1082.47024401674   0.00024131274310990421
1sa1tma3w    -1102.5591562102857 -1102.4965657623823 0.00020992939092226944
3dma1sa      -1104.08227008071   -1104.0116233663805 0.00023695024091712396
3dma1p1sa    -1104.4873089563896 -1104.4169255472991 0.00023606711081922274
2aq2dma1p1sa -1122.286197148973  -1122.2130706317469 0.00024526754058926906
1sa2tma1w    -1123.9684088364916 -1123.8993725541577 0.00023154882553733357
1am1b5w      -1137.111244760889  -1137.0437616154281 0.00022633957894120218
1am5aq1sa    -1137.6163679152849 -1137.5489715210272 0.00022604861397879658
1b1dma4w     -1139.1881887428453 -1139.1215918665735 0.00022336701751439467
1dma1sa4w    -1139.6906926408756 -1139.6238184968547 0.0002242969781001396 
1oa1sa1w     -1153.6101793113737 -1153.5536356048235 0.00018964852104740094
1sa6w        -1157.474685284064  -1157.4093526433494 0.00021912675067660458
1sa2tma2w    -1200.304486778257  -1200.229993995075  0.00024985001905670486
1b1dma5w     -1215.5222086076694 -1215.448730517235  0.00024644672290513863
1dma1sa5w    -1216.0284630171716 -1215.9555888503698 0.0002444211531169693 
1oa1sa2w     -1229.9488358602557 -1229.8873906095164 0.0002060883808137285 
4dma1sa      -1238.9501255616487 -1238.8696688139366 0.0002698532541064489 
2mea1sa2w    -1272.176350978181  -1272.1040731566525 0.00024242100126959192
2pha         -1286.7745321426396 -1286.7219131498528 0.00017648496658421653
1dma1sa6w    -1292.360862504449  -1292.2830059498847 0.00026113216355664535
2ca          -1302.2827442942994 -1302.200258746654  0.00027665788242653937
2pa          -1302.2862745139334 -1302.207440452337  0.00026441073820836664
1oa1sa3w     -1306.2845247182427 -1306.2195051022954 0.00021807686046359753
2msa         -1327.0682153284718 -1327.0178434135003 0.00016894823066016795
1pha1sa      -1342.8420901486245 -1342.7912682384206 0.0001704575220668983 
1ca1sa       -1350.5985731297894 -1350.533134448706  0.00021948241181682815
1pa1sa       -1350.5990147520924 -1350.5315683326749 0.0002262163991878913 
1msa1sa      -1362.9910209666791 -1362.9421988373924 0.0001637502240028441 
1oa1sa4w     -1382.6224420952628 -1382.5559945796156 0.00022286605952578396
1b1sa        -1398.4530082474575 -1398.4071081913762 0.00015394954245024552
2sa          -1398.9063952273584 -1398.8571904932403 0.0001650334868952234 
1am1b1sa     -1454.9132851400095 -1454.8619779473088 0.00017208516753545612
1am2sa       -1455.391738986699  -1455.3382457411756 0.00017941722462968667
1am1p2sa     -1455.7219084760998 -1455.6653155284723 0.0001898136764286601 
1homF1sa     -1458.1529758368006 -1458.0882702051504 0.0002170237519718227 
1oa1sa5w     -1458.957865565745  -1458.886377440643  0.00023977234647678825
1mbtca1sa    -1461.6976857253906 -1461.629921531054  0.0002272822214882368 
1dma2msa     -1461.9618902754949 -1461.8999720715021 0.00020767467379647454
1b1sa1w      -1474.791559740672  -1474.7383078698033 0.0001786076500699166 
1ma2sa       -1494.600030018986  -1494.5429399967368 0.00019148087287972125
1dma1msa1sa  -1497.887361320242  -1497.827788317741  0.00019980882945104812
2am1b1sa     -1511.3737076516325 -1511.316391024545  0.00019224090923069097
2am2sa       -1511.8644989145419 -1511.8055181487516 0.0001978224577911534 
2am1p2sa     -1512.2189601006469 -1512.1577111072995 0.0002054301302954426 
1am1homF1sa  -1514.6319403661812 -1514.5622520912978 0.0002337356192650792 
2homF        -1517.3958082482209 -1517.3133221131438 0.00027665985268248593
1am1b1sa1w   -1531.2520184603738 -1531.194054443212  0.0001944122661800861 
1am1aq2sa    -1531.7331468037594 -1531.6735282283164 0.00019996168184758246
1b1dma1sa    -1533.3333049075873 -1533.2751263245987 0.00019513192348963795
1dma2sa      -1533.8136112654495 -1533.753208395807  0.00020259221748302107
1dma1p2sa    -1534.1471997895558 -1534.0848085878927 0.00020926111575788936
1homF1sa1w   -1534.4958310555032 -1534.4268402028677 0.00023139645358103236
1oa1sa6w     -1535.2990942046238 -1535.2215697713862 0.00026001822316766316
1b1sa2w      -1551.128241552567  -1551.0720676355136 0.00018840824099794276
2sa2w        -1551.5882530335662 -1551.5285742318724 0.00020016368168302413
3am2sa       -1568.334578144421  -1568.2704133557113 0.00021520975585990714
3am1p2sa     -1568.712641442816  -1568.646198772666  0.00022284980764770352
2sa1tma      -1569.733652990043  -1569.6710898038586 0.00020983795466810102
1ma2sa1w     -1570.9415209366455 -1570.8779231201627 0.00021330812169294847
2am1b1sa1w   -1587.7080603722252 -1587.6423284013376 0.00022046611064111357
2am1aq2sa    -1588.2082352150062 -1588.1446201396022 0.00021336600839920504
2ma2sa       -1590.2786440398525 -1590.214870347612  0.0002138980118733646 
1am1dma2sa   -1590.2857240603312 -1590.2199446507375 0.0002206252208416673 
1am1dma1p2sa -1590.644469333328  -1590.5763983047916 0.00022831134843654278
1dma1homF1sa -1593.0527446190222 -1592.9779627612756 0.00025081957989768955
2dma2msa     -1596.8536616386284 -1596.7799194999568 0.00024733234503329556
1am1b1sa2w   -1607.5914807415666 -1607.5298059891952 0.00020685813305766079
1am2aq2sa    -1608.0666181679044 -1608.0031661459843 0.000212819124334371  
1b1dma1sa1w  -1609.6676257106362 -1609.6044053855178 0.00021204200945293888
1dma2sa1w    -1610.152064428589  -1610.0870161615974 0.00021817295653924924
4am2sa       -1624.8001259782334 -1624.7302697176813 0.0002342990459580185 
4am1p2sa     -1625.186981986692  -1625.114314224304  0.00024372886932244736
1b1sa3w      -1627.4648342949997 -1627.4053460988714 0.00019952438748332073
2sa3w        -1627.9268507036245 -1627.8636512569847 0.00021197198269164052
2dma1msa1sa  -1632.77745125733   -1632.706601505704  0.00023763123134730956
2am1dma2sa   -1646.7472647517002 -1646.6806956786932 0.00022327376490684271
2am1dma1p2sa -1647.1369629895257 -1647.0655432657509 0.00023954292730210964
1ma2sa2w     -1647.2786898533723 -1647.2102065009271 0.00022969428960236757
2sa1tma1w    -1649.3549559562334 -1649.2879711988894 0.00022466797700485536
2am1b1sa2w   -1664.0457518235414 -1663.9739262495443 0.00024090415561701145
2am2aq2sa    -1664.5505053800996 -1664.4826633683958 0.00022754322221731058
2ma2sa1w     -1666.6239080007526 -1666.5530926538731 0.0002375158372615552 
1b2dma1sa    -1668.1981298045675 -1668.1283101843264 0.00023417615375190167
2dma2sa      -1668.7041551230002 -1668.6335036325825 0.0002369662599967446 
2dma1p2sa    -1669.068071602291  -1668.9943036755847 0.0002474188385242155 
1glyt2sa     -1682.4425759067424 -1682.3819439789238 0.00020336048237004007
1gly2sa      -1682.9180621537032 -1682.8549466855122 0.00021169031759461575
1gly1p2sa    -1683.2493573653242 -1683.1836702890932 0.0002203155332241312 
1am1b1sa3w   -1683.929303800355  -1683.8605699445914 0.00023053448185114377
1am3aq2sa    -1684.4090704281768 -1684.3419549904409 0.00022510628118876347
1mea2sa1w    -1685.2879981882734 -1685.2188142418981 0.00023204409315786563
3ma2sa       -1685.9477175424086 -1685.872064963969  0.0002537399914110172 
1b1dma1sa2w  -1686.0052705671062 -1685.9356289409868 0.00023357915854241523
1dma2sa2w    -1686.4870807069933 -1686.4165342345455 0.00023661402799870216
3am1dma2sa   -1703.2072446099035 -1703.1326336572308 0.00025024636147118515
3am1dma1p2sa -1703.6032566939725 -1703.5267538405983 0.00025659182751793983
1b1sa4w      -1703.8025634989085 -1703.7357364038708 0.00022413917503908922
2sa4w        -1704.2640778938955 -1704.1983894540601 0.00022032010677721457
1ma2sa3w     -1723.6161162443832 -1723.5449344324838 0.00023874496696046218
1am2dma2sa   -1725.1736187458123 -1725.0965271599175 0.0002585664460684804 
1am2dma1p2sa -1725.5619369939193 -1725.4831202701014 0.00026435258701331895
2sa1tma2w    -1725.6925689672464 -1725.622404136296  0.0002353339961450567 
1am1glyt2sa  -1738.9040487993288 -1738.8354308750645 0.0002301456456973198 
1am1gly2sa   -1739.3873126126855 -1739.3173062771684 0.00023480239985627756
1am1gly1p2sa -1739.7469329438436 -1739.6760480879789 0.00023774897154121526
2am1b1sa3w   -1740.3906972673155 -1740.3190490686413 0.00024030923586771508
2am3aq2sa    -1740.8874608732344 -1740.814039310199  0.0002462571290805753 
2ma2sa2w     -1742.9662083596713 -1742.8901681386706 0.0002550401509350867 
1b2dma1sa1w  -1744.5322067119905 -1744.457236447372  0.0002514514996426146 
2dma2sa1w    -1745.0410360010883 -1744.9649970690048 0.0002550358278841444 
2sa2tma      -1747.118690730072  -1747.0447247901093 0.00024808297824195733
1glyt2sa1w   -1758.7789980401844 -1758.7092775333736 0.00023384372567686126
1gly2sa1w    -1759.2560757892727 -1759.1873536065507 0.00023049533027604295
1gly1p2sa1w  -1759.5966691521558 -1759.5258907524708 0.0002373919157640402 
1am1b1sa4w   -1760.2725866185654 -1760.201811048861  0.00023738242396301849
1am4aq2sa    -1760.744853110017  -1760.673944096454  0.00023782999685604303
1b1dma1sa3w  -1762.346868532774  -1762.2748495542528 0.00024155283756921762
1dma2sa3w    -1762.8288101644846 -1762.7544155567718 0.00024952073692064065
1b1sa5w      -1780.1416517204714 -1780.0713303924938 0.00023585888974487124
2sa5w        -1780.6039262159713 -1780.5322851732406 0.0002402852347168139 
4ma2sa       -1781.6179472842828 -1781.533833946608  0.0002821175169373518 
2am2dma2sa   -1781.627938482378  -1781.5454351886485 0.0002767174030843767 
2am2dma1p2sa -1782.0233565721396 -1781.9417723033403 0.00027363497836510966
2sa1tma3w    -1802.0285190602215 -1801.953267462806  0.00025239509446777766
3dma2sa      -1803.5850273526603 -1803.5037461266684 0.0002726185678093917 
3dma1p2sa    -1803.9780973806753 -1803.8923955046228 0.0002874455007628367 
2am1b1sa4w   -1816.7222680112234 -1816.6432856263507 0.0002649082169128923 
2am4aq2sa    -1817.223548614353  -1817.1444526201306 0.0002652892645374162 
2mea2sa      -1818.9818991132747 -1818.908999714738  0.00024450578077013095
2ma2sa3w     -1819.3025585266353 -1819.221885886038  0.000270577362391709  
1b2dma1sa2w  -1820.8644850771486 -1820.7827986317118 0.0002739776804848843 
2dma2sa2w    -1821.3798845492915 -1821.298213196224  0.00027392706043060424
2sa2tma1w    -1823.450645961541  -1823.3715597296175 0.000265256521628763  
1am1b1sa5w   -1836.6082669458146 -1836.5320962481064 0.00025547777195493367
1am5aq2sa    -1837.0826035045466 -1837.0048448216626 0.0002608039003324034 
1b1dma1sa4w  -1838.6847787965567 -1838.6077407414818 0.0002583869028156518 
1dma2sa4w    -1839.1654068557393 -1839.0870158562932 0.0002629247004745724 
1am3dma2sa   -1860.0505142957043 -1859.9637428628064 0.00029103281200202366
1am3dma1p2sa -1860.4564748161574 -1860.3650419979244 0.00030666717502160934
2am1b1sa5w   -1893.069338742396  -1892.9878784965906 0.0002732190032052242 
2am5aq2sa    -1893.563039952211  -1893.478966034832  0.00028198530061692583
2mea2sa1w    -1895.3214279233664 -1895.2432814078004 0.00026210469752245156
2ma2sa4w     -1895.6401801517436 -1895.5537067174441 0.00029003331980351254
1b2dma1sa3w  -1897.215240820566  -1897.1315408472567 0.0002807310860614941 
2dma2sa3w    -1897.7137092896642 -1897.627591397314  0.0002888408262613292 
2sa2tma2w    -1899.7887248080688 -1899.700698965415  0.0002952401229361486 
1b1dma1sa5w  -1915.0219051350637 -1914.9393546443898 0.0002768757024101125 
1dma2sa5w    -1915.5007158395194 -1915.4166052217008 0.00028210839449553074
4dma2sa      -1938.458146896534  -1938.3649289425766 0.00031265454958043313
1b2dma1sa4w  -1973.5577458283865 -1973.469414713437  0.00029626401123484023
2dma2sa4w    -1974.0548951790147 -1973.9660042886926 0.00029814150703356013
2sa2tma3w    -1976.1215523423723 -1976.0330353338597 0.00029688750129885905
3msa         -1990.5969918148194 -1990.5311898406212 0.00022070090289485385
2ca1sa       -2001.7363248137601 -2001.6412391520023 0.0003189188722390589 
2pa1sa       -2001.7493053064213 -2001.6576444241787 0.0003074321054599495 
2msa1sa      -2026.5250085116284 -2026.4610710298    0.00021444736484312358
1pha2sa      -2042.303904328642  -2042.2413298904746 0.00020987569400398315
1b2dma1sa5w  -2049.9022487883235 -2049.810790007829  0.00030675425287625884
1ca2sa       -2050.055254692521  -2049.9784365272653 0.0002576493887477404 
1pa2sa       -2050.0562865037    -2049.9767297970784 0.0002668345014969409 
2dma2sa5w    -2050.3905615401736 -2050.2937559918373 0.0003246874000884567 
1msa2sa      -2062.442464944024  -2062.3799653801084 0.00020962456453335477
1b2sa        -2097.926601588859  -2097.866256196553  0.000202399437552127  
3sa          -2098.360805836168  -2098.2987581103225 0.00020810909221941615
1dma3msa     -2125.5030852353407 -2125.4272044250542 0.00025450548477760454
1am1b2sa     -2154.397774883544  -2154.334012801016  0.0002138590727076074 
1am3sa       -2154.851696052377  -2154.784022043706  0.00022697973728379728
1homF2sa     -2157.609520035891  -2157.5324035061335 0.00025865010819423203
2sa1w        -2157.7273068955046 -2157.6734557711297 0.0001806175561770077 
1mbtca2sa    -2161.1535156941286 -2161.0740739212174 0.0002664490119428414 
1dma2msa1sa  -2161.432292787561  -2161.357629908952  0.00025042052191545406
1b2sa1w      -2174.265546199382  -2174.2014557276307 0.0002149604955566855 
3sa1w        -2174.7028751048238 -2174.637137521854  0.00022048493365587745
1ma3sa       -2194.064391054863  -2193.994624489436  0.00023399820703175005
1dma1msa2sa  -2197.358067811944  -2197.2856301440893 0.00024295712847512255
2am1b2sa     -2210.8682389545625 -2210.7972879709646 0.00023797076504497887
2am3sa       -2211.3351362594854 -2211.2630531056398 0.00024176808265978107
2am1p3sa     -2211.6808365710535 -2211.6073654949946 0.0002464231965763898 
1am1homF2sa  -2214.0957017179076 -2214.0144089922446 0.0002726571378920306 
2homF1sa     -2216.8566216924305 -2216.7634535086077 0.00031248761973116766
2mbtca1sa    -2223.943762590835  -2223.8461602620728 0.00032735981473276047
1am1b2sa1w   -2230.7408746067204 -2230.6718651212223 0.00023145894851018379
1am1aq3sa    -2231.19044527746   -2231.1195747309    0.00023770097789756713
1b1dma2sa    -2232.8157622158988 -2232.7447806776554 0.00023807324582916016
1dma3sa      -2233.277985825652  -2233.2054551116703 0.0002432692067125016 
1homF2sa1w   -2233.9488309990275 -2233.867074209018  0.00027421361733863804
1b2sa2w      -2250.607763692862  -2250.539029167143  0.00023053672889225958
3sa2w        -2251.0417732751403 -2250.9723068173744 0.00023299164100612897
2dma3msa     -2260.3946386269313 -2260.306758400415  0.00029475172401811954
3am3sa       -2267.8170953149533 -2267.740315648764  0.00025752026224697426
3am1p3sa     -2268.174195180838  -2268.0945037024003 0.0002672865283820753 
3sa1tma      -2272.4780665804706 -2272.404111340986  0.0002480470886578008 
1am2homF1sa  -2273.333694450452  -2273.2361635053344 0.00032712039281441904
2am1b2sa1w   -2287.2015685069673 -2287.1296176258284 0.00024132443783144236
2am1aq3sa    -2287.6777738774645 -2287.6023704685877 0.00025290427260496977
2ma3sa       -2289.753898796917  -2289.675815278683  0.00026189340343097626
1am1dma3sa   -2289.7556664644626 -2289.6783852660274 0.00025920240964229165
1dma1homF2sa -2292.522773768078  -2292.4356808222637 0.00029211117160630307
2homF1sa1w   -2293.1958841424153 -2293.098043897669  0.00032815778885212943
2dma2msa1sa  -2296.3266876203365 -2296.240029113584  0.00029065405585278805
1am1b2sa2w   -2307.079577203773  -2307.005165468829  0.00024957818193686155
1am2aq3sa    -2307.5331257842226 -2307.456617600328  0.0002566097061701904 
1b1dma2sa1w  -2309.1496693437894 -2309.0717147209107 0.00026146108629267716
1dma3sa1w    -2309.612643585016  -2309.534922485875  0.00026067784384050985
4am3sa       -2324.2863042972936 -2324.207876280569  0.00026304885703130426
4am1p3sa     -2324.6631422460378 -2324.5794376208905 0.0002807466884026074 
1b2sa3w      -2326.9408965071293 -2326.866798801719  0.0002485249217178584 
3sa3w        -2327.386025496512  -2327.3115236115973 0.00024988054641915755
2dma1msa2sa  -2332.2474597401224 -2332.163815547904  0.00028054399536728703
3am1aq3sa    -2344.1540332076434 -2344.0720626132975 0.00027493072059613934
2am1dma3sa   -2346.2365979446736 -2346.1551446640683 0.000273195641808472  
2am1dma1p3sa -2346.5998544534914 -2346.515202151312  0.0002839252127402766 
1dma2homF1sa -2351.757561418274  -2351.654318264113  0.00034627923582392306
2am1b2sa2w   -2363.5454509215147 -2363.4646014803598 0.0002711703543700609 
2am2aq3sa    -2364.0143486111388 -2363.932654661146  0.00027400285089027303
1b2dma2sa    -2367.7006800104064 -2367.619878500138  0.00027100959338624846
2dma3sa      -2368.1779084982027 -2368.0942652439862 0.0002805408492946813 
5am1p3sa     -2381.137357266763  -2381.048158547533  0.0002991739702505347 
1glyt3sa     -2381.9273848056273 -2381.855875684024  0.0002398427690884502 
1gly3sa      -2382.3764420447123 -2382.30171166773   0.00025064691256581364
1gly1p3sa    -2382.710303800369  -2382.631825442031  0.00026321770362989393
1am1b2sa3w   -2383.414787802347  -2383.335623437739  0.00026551857993949054
3ma3sa       -2385.439702533199  -2385.354325977197  0.0002863543719661654 
1b1dma2sa2w  -2385.4908549892    -2385.4106067358803 0.0002691539604879316 
1dma3sa2w    -2385.9519727769316 -2385.871615973088  0.00026951804072893835
3sa4w        -2398.909762348443  -2398.8297115718615 0.0002684916202657882 
3am1dma3sa   -2402.7032339933216 -2402.618911327562  0.00028281960677489917
3am1dma1p3sa -2403.0846459651666 -2402.9952260329283 0.0002999159223168853 
1b2sa4w      -2403.27099769783   -2403.192697939596  0.00026261867595104806
3am2aq3sa    -2420.495123641753  -2420.407113783702  0.0002951865103191171 
1am2dma3sa   -2424.6490066639385 -2424.5618865176707 0.0002922024023718733 
1am2dma1p3sa -2425.0209482290084 -2424.930745067135  0.00030254288738231725
2am1b2sa3w   -2439.884423058444  -2439.7995466849356 0.00028467675166212044
2am3aq3sa    -2440.35498378792   -2440.2681832674325 0.00029113037225408515
1b2dma2sa1w  -2444.034993680347  -2443.9487388787065 0.00028930002226988536
2dma3sa1w    -2444.5107852401393 -2444.422463276275  0.00029623331834420226
1am1b2sa4w   -2459.7455714975786 -2459.6618645192502 0.00028075458101127265
1am4aq3sa    -2460.207542929759  -2460.1222447501764 0.00028609149616758167
1b1dma2sa3w  -2461.8177279767237 -2461.734551164233  0.00027897639607826866
1dma3sa3w    -2462.2895977413677 -2462.2037891969053 0.00028780326836176927
3dma1msa2sa  -2467.1438916949514 -2467.0486123458736 0.00031956850269167735
1b2sa5w      -2479.6129293862523 -2479.532388884697  0.00027013416587583667
3sa5w        -2480.0630540146103 -2479.977796032217  0.00028595667413607864
4ma3sa       -2481.116668327117  -2481.0247526275    0.0003082867671207287 
2am2dma3sa   -2481.1242512269177 -2481.03373668183   0.0003035872718015514 
2am2dma1p3sa -2481.508242026285  -2481.41152171892   0.0003244015004687865 
3am3aq3sa    -2496.8273297708843 -2496.7368960349327 0.00030331623663279304
1b3dma2sa    -2502.577583095769  -2502.484002183841  0.00031387191657962184
3dma3sa      -2503.072215503587  -2502.9787115505046 0.00031361379534730524
3dma1p3sa    -2503.4422345214293 -2503.3454869339225 0.0003244929985157405 
2am1b2sa4w   -2516.219999756554  -2516.132944719863  0.00029198402378477907
2am4aq3sa    -2516.690422572614  -2516.6004989234334 0.00030160539722041036
1b2dma2sa2w  -2520.3775797868493 -2520.2862016401978 0.00030648380564012116
2dma3sa2w    -2520.8475377520012 -2520.7562198145047 0.0003062818631445339 
1am1b2sa5w   -2536.086961619051  -2536.0001044113187 0.0002913205022070528 
1am5aq3sa    -2536.5449457826016 -2536.456259186536  0.0002974563007403363 
1b1dma2sa4w  -2538.157373230339  -2538.068588758372  0.0002977845781234738 
1dma3sa4w    -2538.629432766391  -2538.538263494869  0.0003057832350197436 
1am3dma3sa   -2559.5395761774553 -2559.4434400829687 0.0003224420408750349 
1am3dma1p3sa -2559.9306023264885 -2559.8283038827244 0.0003431106616291886 
3am4aq3sa    -2573.1712901005794 -2573.075332080047  0.0003218447779029056 
3dma3sa1w    -2579.4072978771555 -2579.3084184482086 0.00033164322973803666
2am1b2sa5w   -2592.5647437641205 -2592.4713669621165 0.0003131873285399197 
2am5aq3sa    -2593.0278691266412 -2592.933264135958  0.0003173066935584971 
1b2dma2sa3w  -2596.7065169234793 -2596.611607692411  0.0003183271208076998 
2dma3sa3w    -2597.183748630921  -2597.088767502038  0.000318568267254927  
1b1dma2sa5w  -2614.4925231576963 -2614.399030211239  0.0003135768789467807 
1dma3sa5w    -2614.965838603626  -2614.8711098976232 0.0003177216367667404 
4dma3sa      -2637.9554457523172 -2637.8526845745355 0.00034466267912764244
4dma1p3sa    -2638.3510346108974 -2638.2451246964515 0.000355223593646223  
3dma3sa2w    -2655.748781215925  -2655.6467766176784 0.0003421250989305489 
1b2dma2sa4w  -2673.0440822345286 -2672.9452885561773 0.00033135562083327317
2dma3sa4w    -2673.52673346427   -2673.4270329635397 0.0003343971179949731 
2ca2sa       -2701.2007412732814 -2701.094045690284  0.00035785873887945877
2pa2sa       -2701.2124679775375 -2701.106574033976  0.00035517002703890316
3mea3sa      -2728.4889113868417 -2728.3958905093536 0.00031199355186162426
3dma3sa3w    -2732.080465784413  -2731.973744211552  0.00035794590931206594
1b2dma2sa5w  -2749.3858996734334 -2749.2811618843143 0.0003512922660399703 
1pa3sa       -2749.512734285131  -2749.4242637920315 0.0002967314878380129 
2dma3sa5w    -2749.865293718336  -2749.759376256884  0.00035524890642850654
1b3sa        -2797.391948176769  -2797.318487597021  0.0002463879917735803 
4sa          -2797.8175642301603 -2797.740197107555  0.00025949060072092794
3dma3sa4w    -2808.423817149246  -2808.3116374549945 0.0003762525381580474 
1am1b3sa     -2853.8706465168093 -2853.7916858963576 0.00026483521868913597
1am4sa       -2854.3088182251045 -2854.230339684045  0.00026321831648415216
1mbtca3sa    -2860.612503955661  -2860.5212309901217 0.0003061310264627072 
1b3sa1w      -2873.730713801708  -2873.656978200776  0.0002473104173476179 
4sa1w        -2874.1583454761635 -2874.0751931975715 0.0002788941089788287 
1ma4sa       -2893.5197706639333 -2893.4375076970914 0.00027591134275261323
2am1b3sa     -2910.349809154185  -2910.2687204010863 0.0002719730105613297 
2am4sa       -2910.7977743119804 -2910.715354860489  0.00027643619484063974
2homF2sa     -2916.3137664967016 -2916.208830568132  0.00035195682900967536
1am1b3sa1w   -2930.2149409396534 -2930.132210089606  0.0002774806307153014 
1b1dma3sa    -2932.2825263237937 -2932.1996832677823 0.0002778569713618586 
1dma4sa      -2932.733571238599  -2932.648413068601  0.00028562190172131796
1b3sa2w      -2950.0734516230546 -2949.994555393117  0.00026461925184535654
4sa2w        -2950.499108631559  -2950.4186043250306 0.0002700127671582859 
3am1b3sa     -2966.825241872178  -2966.7383891074746 0.0002913056002111521 
3am4sa       -2967.281527844518  -2967.1947556100254 0.0002910355005622271 
3am1p4sa     -2967.6367027501306 -2967.543941471176  0.000311122854116117  
1am2homF2sa  -2972.7930785444823 -2972.683215469774  0.0003684825581345961 
2am1b3sa1w   -2986.6846853039683 -2986.5984461028006 0.00028924769803196943
2ma4sa       -2989.2168072295453 -2989.1272197990393 0.0003004777142576699 
1am1dma4sa   -2989.2178607685405 -2989.128043385814  0.00030124897778211835
2homF2sa1w   -2992.6495234601734 -2992.5407199830624 0.00036492865038001594
1am1b3sa2w   -3006.552258199808  -3006.466246595031  0.0002884843359940825 
1b1dma3sa1w  -3008.631844870501  -3008.5441952557635 0.00029397824832490325
4am4sa       -3023.7656655998467 -3023.6736463285465 0.00030863414825005667
4am1p4sa     -3024.126147354194  -3024.02918525385   0.0003252124780945185 
1b3sa3w      -3026.4085911262023 -3026.323430309671  0.0002856307782359324 
4sa3w        -3026.845106512749  -3026.75964563057   0.0002866372033484675 
2am1dma4sa   -3045.7029045425124 -3045.6111473209103 0.0003077552292535311 
1dma2homF2sa -3051.2163588884096 -3051.100954548502  0.00038706805268323556
2am1b3sa2w   -3063.0201869973375 -3062.9290796572154 0.000305575516088316  
1b2dma3sa    -3067.182501422134  -3067.090015048794  0.0003102008161663538 
2dma4sa      -3067.6393300344325 -3067.5456713106432 0.0003141328988410318 
5am4sa       -3080.231477057961  -3080.1364450005517 0.00031873908237065913
5am1p4sa     -3080.610873253645  -3080.5099414091674 0.0003385270651587954 
1am1b3sa3w   -3082.8836540074653 -3082.7927486057906 0.00030489821121631425
3ma4sa       -3084.9074722527516 -3084.811537784611  0.0003217657827962835 
1b1dma3sa2w  -3084.955694051575  -3084.8637220034934 0.0003084757607947794 
3am1dma4sa   -3102.18268896612   -3102.0814002609736 0.00033972398170860487
3am1dma1p4sa -3102.548508350215  -3102.4469792420155 0.0003405302975000397 
1b3sa4w      -3102.7403859520286 -3102.6517653054184 0.0002972351051841965 
4sa4w        -3103.1763300411417 -3103.085429799556  0.0003048809041922957 
1am2dma4sa   -3124.1253379230875 -3124.026901121748  0.00033015864946731423
1b2dma3sa1w  -3143.5164407364773 -3143.4181871237324 0.00032954423191563126
1b1dma3sa3w  -3161.2862157641785 -3161.1873572851773 0.0003315729632768878 
1b3sa5w      -3179.074382586663  -3178.982153694835  0.00030933721894727873
4sa5w        -3179.5193159070986 -3179.42187773578   0.00032680922796800364
4ma4sa       -3180.5990012128836 -3180.4939331400224 0.0003524000431376978 
2am2dma4sa   -3180.602877413517  -3180.5009383293113 0.00034190536376067066
2am2dma1p4sa -3180.9760957043122 -3180.866818326627  0.0003665181206968654 
1b3dma3sa    -3202.0658027478576 -3201.9627188185086 0.00034574519318419483
3dma4sa      -3202.538007065103  -3202.4330673776453 0.0003519694363836707 
3dma1p4sa    -3202.906620998254  -3202.801096981326  0.0003539292870297316 
2mea4sa      -3217.917573877624  -3217.8226050350086 0.0003185270589161757 
1b2dma3sa2w  -3219.8506499111645 -3219.7494343170138 0.00033947876622692326
1b1dma3sa4w  -3237.63460525863   -3237.5345632765016 0.00033554245221667777
1am3dma4sa   -3259.0162038614444 -3258.905737945577  0.0003705044972905939 
1am3dma1p4sa -3259.390780878024  -3259.278012803502  0.00037822597525332844
1b1dma3sa5w  -3313.9709366620245 -3313.8686388943597 0.000343108393976718  
1b4dma3sa    -3336.945638515136  -3336.831223543827  0.0003837496941440638 
4dma4sa      -3337.4343734162344 -3337.316934948853  0.00039389054966258523
4dma1p4sa    -3337.810034320494  -3337.6916639470373 0.0003970161779520436 
1pa4sa       -3448.9774906184193 -3448.875671254502  0.0003415038199481283 
5dma4sa      -3472.3220525753386 -3472.1968086873376 0.00042007005870097944
5dma1p4sa    -3472.717045505831  -3472.5869616168934 0.0004363035013849239 
1b4sa        -3496.848649378264  -3496.762826215142  0.00028785229958664364
5sa          -3497.274496300361  -3497.1820324069236 0.0003101254182008276 
1am1b4sa     -3553.337232715074  -3553.2483182370847 0.0002982206204554507 
1am5sa       -3553.7636339255782 -3553.67199255024   0.0003073666789824588 
1mbtca4sa    -3560.069541261896  -3559.96713856119   0.00034346034112732547
2am1b4sa     -3609.818972497395  -3609.7251981178874 0.00031452081002393   
2am5sa       -3610.250941718575  -3610.154625727309  0.000323045417630031  
1b1dma4sa    -3631.751862165218  -3631.655534307395  0.00032308521825697307
1dma5sa      -3632.1884830405306 -3632.091145794827  0.00032647072179487895
3am1b4sa     -3666.306296393823  -3666.2082668733647 0.0003287926226985771 
3am5sa       -3666.751484013544  -3666.6512702125997 0.0003361187353460382 
1b1dma4sa1w  -3708.0940632405786 -3707.995181288535  0.0003316516922483276 
4am1b4sa     -3722.7655413789867 -3722.6629055508124 0.0003442422544839352 
4am5sa       -3723.2279951128003 -3723.122005748548  0.0003554900696040202 
5am5sa       -3779.7184557712058 -3779.607488946775  0.00037218455284517953
5am1p5sa     -3780.0748819868695 -3779.962255160024  0.00037775222822402434
1b1dma4sa2w  -3784.4243459525906 -3784.320607688768  0.00034793984176524444
1b1dma4sa3w  -3860.7598096946463 -3860.6513298010545 0.00036384334593548775
1b1dma4sa4w  -3937.10800875475   -3936.9958240925653 0.00037626920068412826
1b1dma4sa5w  -4013.4478501753797 -4013.331420546377  0.0003905068891596916 
1b5sa        -4196.31630069845   -4196.218526696813  0.00032793560837403985
1am1b5sa     -4252.80308417339   -4252.702627508316  0.00033693330562976795
1b1dma5sa    -4331.221294728     -4331.113186595545  0.0003625964529771889 
1b6sa        -4895.772412611994  -4895.6632569992435 0.0003661097191061204 
1am1b6sa     -4952.253888978142  -4952.1403643381045 0.00038076350842522445
