#CLUSTER  dG_298.15K_[Eh] dH_298.15K_[Eh] dS_298.15K_[Eh/K]
2am          -113.05443954815236 -113.01981585146721 0.0001161284477113507 
2am1p        -113.42235054725046 -113.39080726932802 0.00010579667255555442
1am1aq       -132.93539113990545 -132.90262748462283 0.00010988983827813604
3am          -169.58126544111155 -169.54121518509044 0.000134329216907986  
3am1p        -169.9693100927942  -169.9299643250406  0.0001319663516806453 
1ma1w        -172.20136961289296 -172.16469313100745 0.00012301352301029756
2ma          -191.58342023788575 -191.54317291537365 0.00013499018115750743
1am1dma      -191.59028336523858 -191.54917780504508 0.00013786872444573441
1am1dma1p    -191.9761550896277  -191.9368350368873  0.00013188010310380378
1am2aq       -209.34000893405243 -209.3016764725504  0.00012856770585950697
1am2aq1p     -209.70780045087577 -209.66661058969595 0.00013815147133931774
1dma1w       -211.47109003866944 -211.4323048725487  0.00013008608459073195
1aq1dma1p    -211.84453394266927 -211.80445846741043 0.00013441380264581638
4am          -226.10613172150894 -226.0592261479585  0.00015732206456629653
2am1dma1p    -248.52065338113678 -248.47346026928275 0.00015828647276215296
1ma2w        -248.60530736203918 -248.5634117593125  0.00014051854008621887
2dma         -270.1253236951206  -270.0791085798596  0.00015500625611600195
2dma1p       -270.51494917661864 -270.4707065259289  0.000148390577527249  
1am3aq       -285.7477251422262  -285.70383183411025 0.00014721887679353346
1am3aq1p     -286.12379903447726 -286.0738918744861  0.0001673894348185898 
3ma          -287.37646540098746 -287.3258491588012  0.00016976770815441247
1dma2w       -287.87653960723003 -287.8312218950983  0.00015199635127207637
2aq1dma1p    -288.2613950757026  -288.2127494239204  0.00016315831555324664
1am2dma1p    -327.05836767977496 -327.00507821964493 0.0001787337250713774 
1am1glyt     -340.3010725746458  -340.25790752186464 0.00014477629643183654
1am1gly      -340.8465378839608  -340.80404155603145 0.00014253338228870666
1am1gly1p    -341.21090392503623 -341.1698325346942  0.00013775411820229474
1glyt1w      -360.185919297117   -360.14377040087953 0.00014136809068411875
1gly1w       -360.71822040521783 -360.67707994515274 0.0001379857791885807 
1gly1p1w     -361.07492707454037 -361.033554927338   0.0001387628616548541 
1am4aq       -362.1530928502251  -362.1024434244495  0.00016987900645846221
1dma3w       -364.2840980958553  -364.23370183676093 0.0001690298812490147 
3aq1dma1p    -364.6719492448586  -364.61953901980314 0.00017578475618127952
4ma          -383.168006442932   -383.1074629268152  0.00020306394806910748
3dma1p       -405.5949122875863  -405.5370223919859  0.00019416366124566702
1am5aq1p     -438.9460338062154  -438.88251870246313 0.00021303070183558253
1dma4w       -440.68728967725013 -440.63269198438877 0.00018312155915266583
1dma5w       -517.0943051300499  -517.0322349764191  0.0002081843153808544 
1sua1w       -533.1907104983817  -533.1434043288207  0.00015866567016945853
4dma         -540.2519820880173  -540.1799319228235  0.00024165743818142335
1dma1sua     -591.8580713284792  -591.805410357456   0.00017662576227824497
1dma6w       -593.4994713587414  -593.4346378971702  0.00021745249562718201
1sua2w       -609.5981980399441  -609.5460694727839  0.00017484007097177503
1dma1sua1w   -668.2603833482525  -668.2022897028821  0.00019484704132273045
1sua3w       -686.0053450089781  -685.9488948396657  0.0001893347956140888 
1am1pha      -700.5805647425722  -700.5375481344773  0.00014427841051409146
1pha1w       -720.4517199576253  -720.4098024537194  0.00014059199700104154
1dma1sua2w   -744.6736355194881  -744.6098683876452  0.00021387600819368542
1am1b        -756.1494065904035  -756.1091721728554  0.00013494689769606876
1am1sa       -756.6576010039547  -756.6165491535418  0.00013768858095915216
1am1p1sa     -756.9936445379224  -756.9491954835893  0.0001490828587389952 
1sua4w       -762.4152000263873  -762.3508847623849  0.0002157144524647745 
1b1w         -776.033817098428   -775.9926787029444  0.00013797885454839236
1sa1w        -776.5253424447736  -776.4847254024636  0.00013623022743593477
1ma1sa       -795.926620654882   -795.8821375279041  0.00014919713894969542
1dma1msa     -799.2787462043415  -799.2316158397585  0.0001580760173834358 
2am1b        -812.6783417187481  -812.6287299614226  0.00016639864942328222
2am1sa       -813.1969810611963  -813.1486104177088  0.0001622359332132446 
2am1p1sa     -813.55989298972    -813.5112943044104  0.00016300078923205797
1am1homF     -816.0699745584145  -816.0076136572346  0.00020915948743880657
1dma1sua3w   -821.0826880198478  -821.0140902251443  0.0002300781308181306 
1am1b1w      -832.5631154718936  -832.5180324927861  0.00015120905285088537
1am1aq1sa    -833.0674901509058  -833.020828902896   0.00015650259268756397
1am1aq1p1sa  -833.4143175148747  -833.3655159894806  0.0001636811182092157 
1b1dma       -834.6873311166559  -834.6412194799287  0.00015465918741290716
1dma1sa      -835.2033206689237  -835.1551470694991  0.00016157504418752336
1dma1p1sa    -835.5503044456763  -835.5012413987586  0.00016455826569756652
1homF1w      -835.9422041796322  -835.8835600257794  0.00019669345582023706
1sua5w       -838.8200312797912  -838.753355890741   0.00022363035066346923
1b2w         -852.4446458502838  -852.3988350834342  0.0001536500648990636 
1sa2w        -852.9354363847245  -852.8892677981294  0.00015485019820607294
3am1sa       -869.7301574338929  -869.6770706729541  0.00017805386865281814
3am1p1sa     -870.1068625981601  -870.0525785137492  0.00018206971125568928
1ma1sa1w     -872.3408069032713  -872.2913935927846  0.00016573305546429304
1sa1tma      -874.4770844328294  -874.4275472236658  0.00016614861366302902
2am1aq1p1sa  -889.9778402031585  -889.9240254424888  0.00018049559171474304
2ma1sa       -891.7299898836987  -891.6770434934747  0.00017758306296842711
1am1dma1sa   -891.7389586771468  -891.6861268706471  0.00017719874727415162
1am1dma1p1sa -892.1132615954785  -892.0591629492967  0.00018144774838795195
1dma1homF    -894.6070845509568  -894.5398698446921  0.00022543922946387812
1dma1sua4w   -897.4854848751096  -897.4144922927256  0.00023811028805605834
1am1b2w      -908.9755186358335  -908.9234812320091  0.00017453430764521487
1am2aq1sa    -909.4821128261877  -909.4305443422396  0.00017296154267374423
1am2aq1p1sa  -909.8290120735097  -909.7681550307901  0.0002041155214477501 
1b1dma1w     -911.1003024177313  -911.0475852970205  0.0001768140892530478 
1dma1sa1w    -911.6160788160785  -911.563030684728   0.00017792430437846515
1aq1dma1p1sa -911.9707004618786  -911.9140931839017  0.0001898617406566153 
1sua6w       -915.2318452088008  -915.1611435835412  0.00023713441307953283
4am1sa       -926.2633642124605  -926.2047783446761  0.0001964979633885977 
1b3w         -928.8565314183978  -928.805434668531   0.0001713793388122243 
1sa3w        -929.3444079231119  -929.2925632081873  0.0001738880259087038 
2am1dma1sa   -948.2674870009863  -948.2092951589741  0.00019517639447340845
2am1dma1p1sa -948.6594373363698  -948.5987869208301  0.000203422490490435  
1ma1sa2w     -948.7546966028655  -948.6985888256307  0.00018818640695881435
1sa1tma1w    -950.8845612370853  -950.8291920882217  0.00018570903526306527
2am2aq1p1sa  -966.395814094667   -966.3351194843003  0.0002035707206664397 
2ma1sa1w     -968.1416355575262  -968.0834493288605  0.00019515756721666527
1b2dma       -969.7508946143238  -969.6911586089367  0.00020035554381040035
2dma1sa      -970.2742974864785  -970.2154385364913  0.00019741388558512746
2dma1p1sa    -970.6660306905726  -970.605476485676   0.00020309979841224467
1dma1sua5w   -973.8988358098394  -973.8239929287688  0.0002510242531295469 
1glyt1sa     -983.9534421125259  -983.9049446676024  0.00016266122731336033
1gly1sa      -984.4284147363732  -984.3815525264927  0.00015717662210472226
1gly1p1sa    -984.7817662818433  -984.7285132327537  0.00017861160184308924
1am1b3w      -985.3882778311686  -985.3328931249878  0.0001857612147602801 
1am3aq1sa    -985.8907655137191  -985.8331686246372  0.00019318091256696608
1am3aq1p1sa  -986.2415746358492  -986.1752959273872  0.0002222998774512352 
1mea1sa1w    -986.8230314119671  -986.7703664426101  0.00017663917275545203
1b1dma2w     -987.5138946331259  -987.4569628337501  0.0001909501907622862 
3ma1sa       -987.5342499694357  -987.4717239569434  0.00020971327349437837
1dma1sa2w    -988.0268736415187  -987.9693176357735  0.00019304378918417358
2aq1dma1p1sa -988.3851522478983  -988.3229709256926  0.00020855717660794935
1b4w         -1005.2684161000453 -1005.2141275817182 0.0001820845826837322 
1sa4w        -1005.7545576094025 -1005.6994305301778 0.0001848971297156604 
1ma1sa3w     -1025.162878748912  -1025.101190357941  0.00020690387714510024
1am2dma1sa   -1026.8106294703414 -1026.7466898175046 0.00021445464644256302
1am2dma1p1sa -1027.2090398596183 -1027.1426050619737 0.0002228234031346774 
1sa1tma2w    -1027.2929275279034 -1027.2331014260483 0.00020065772884542745
1am1glyt1sa  -1040.4813906744148 -1040.426990649257  0.0001824585784264953 
1am1gly1sa   -1040.9810066383554 -1040.9245873054363 0.00018923136984461798
1am1gly1p1sa -1041.3459344284531 -1041.2877381451435 0.0001951912906575004 
2ma1sa2w     -1044.5554539689206 -1044.491094373311  0.00021586314140435272
1aq2dma1p1sa -1047.0819846435704 -1047.0143052858618 0.00022699767804295625
1sa2tma      -1048.8212382529803 -1048.7590667319855 0.00020852430318526013
1dma1sua6w   -1050.3060072852613 -1050.2255939542363 0.0002697076338255609 
1glyt1sa1w   -1060.3639244241488 -1060.3082425127684 0.0001867580458843983 
1gly1sa1w    -1060.8483774253855 -1060.7926138899468 0.00018703181431726137
1gly1p1sa1w  -1061.201719950423  -1061.1418846013578 0.00020068874413968886
1am1b4w      -1061.7935159073215 -1061.7313455127628 0.00020852052510032739
1am4aq1sa    -1062.2985406475182 -1062.2350121138836 0.0002130757458814681 
1am4aq1p1sa  -1062.657216728329  -1062.5861362919436 0.00023840495182141393
1b1dma3w     -1063.925875335656  -1063.864724657567  0.0002051003793025682 
1dma1sa3w    -1064.4347215793096 -1064.3717817804159 0.0002111011198850672 
1oa1sa       -1078.3280213563467 -1078.276847693215  0.0001716373071664104 
1b5w         -1081.676642813942  -1081.6175989620294 0.00019803404968150962
1sa5w        -1082.1605471100625 -1082.0996270314563 0.0002043269448471467 
4ma1sa       -1083.331968438953  -1083.260952204126  0.00023818961873916587
2am2dma1p1sa -1083.7511564887313 -1083.6792090943732 0.00024131274310990421
1sa1tma3w    -1103.7021696036586 -1103.6395791557552 0.00020992939092226944
3dma1sa      -1105.3487595663412 -1105.2781128520116 0.00023695024091712396
3dma1p1sa    -1105.7559740950537 -1105.685590685963  0.00023606711081922274
2aq2dma1p1sa -1123.4968479568543 -1123.4237214396276 0.00024526754058926906
1sa2tma1w    -1125.2319041022376 -1125.1628678199038 0.00023154882553733357
1am1b5w      -1138.1995882855672 -1138.132105140106  0.00022633957894120218
1am5aq1sa    -1138.7091792172318 -1138.6417828229742 0.00022604861397879658
1b1dma4w     -1140.3377965853244 -1140.2711997090526 0.00022336701751439467
1dma1sa4w    -1140.8409788273775 -1140.7741046833569 0.0002242969781001396 
1oa1sa1w     -1154.7375829050236 -1154.6810391984734 0.00018964852104740094
1sa6w        -1158.5685324163858 -1158.5031997756716 0.00021912675067660458
1sa2tma2w    -1201.6379208546407 -1201.563428071459  0.00024985001905670486
1b1dma5w     -1216.7406937154922 -1216.667215625058  0.00024644672290513863
1dma1sa5w    -1217.2491968886654 -1217.1763227218637 0.0002444211531169693 
1oa1sa2w     -1231.1478224496389 -1231.0863771988993 0.0002060883808137285 
4dma1sa      -1240.4183740878655 -1240.3379173401536 0.0002698532541064489 
2mea1sa2w    -1273.519935945739  -1273.4476581242104 0.00024242100126959192
2pha         -1288.1033022763115 -1288.0506832835244 0.00017648496658421653
1dma1sa6w    -1293.654011767526  -1293.5761552129616 0.00026113216355664535
2ca          -1303.9587381551194 -1303.8762526074738 0.00027665788242653937
2pa          -1303.9632146449628 -1303.884380583366  0.00026441073820836664
1oa1sa3w     -1307.5580820266057 -1307.4930624106585 0.00021807686046359753
2msa         -1328.4096126261845 -1328.3592407112133 0.00016894823066016795
1pha1sa      -1344.1729372062198 -1344.1221152960156 0.0001704575220668983 
1pa1sa       -1352.1013527796904 -1352.0339063602726 0.0002262163991878913 
1ca1sa       -1352.1031787058782 -1352.037740024795  0.00021948241181682815
1msa1sa      -1364.3282945053281 -1364.2794723760417 0.0001637502240028441 
1oa1sa4w     -1383.966663978438  -1383.9002164627902 0.00022286605952578396
1b1sa        -1399.7880931715295 -1399.742193115448  0.00015394954245024552
2sa          -1400.2385374959645 -1400.1893244656264 0.00016506131255434846
1am1b1sa     -1456.3199909236337 -1456.268683730933  0.00017208516753545612
1am2sa       -1456.795848726261  -1456.7423554807376 0.00017941722462968667
1am1p2sa     -1457.1255629626596 -1457.0689700150324 0.0001898136764286601 
1homF1sa     -1459.6610100129487 -1459.5963043812983 0.0002170237519718227 
1oa1sa5w     -1460.3749080767718 -1460.3034199516699 0.00023977234647678825
1mbtca1sa    -1463.2667971301357 -1463.199032935799  0.0002272822214882368 
1dma2msa     -1463.5034328955026 -1463.44151469151   0.00020767467379647454
1b1sa1w      -1476.1955376058627 -1476.1422857349944 0.0001786076500699166 
2sa1w        -1476.6508446896264 -1476.5969935652522 0.0001806175561770077 
1ma2sa       -1496.0694975508268 -1496.0124075285778 0.00019148087287972125
1dma1msa1sa  -1499.4256907686467 -1499.3661177661459 0.00019980882945104812
2am1b1sa     -1512.8500457712105 -1512.7927291441233 0.00019224090923069097
2am2sa       -1513.3415665618131 -1513.2825857960227 0.0001978224577911534 
2am1p2sa     -1513.6958609337441 -1513.6346119403966 0.0002054301302954426 
1am1homF1sa  -1516.2138134305976 -1516.1441251557137 0.0002337356192650792 
2homF        -1519.083151745764  -1519.0006656106868 0.00027665985268248593
1am1b1sa1w   -1532.728180087622  -1532.6702160704604 0.0001944122661800861 
1am1aq2sa    -1533.2087058696832 -1533.1490872942404 0.00019996168184758246
1b1dma1sa    -1534.868106288496  -1534.8099277055076 0.00019513192348963795
1dma2sa      -1535.3471945559957 -1535.2867916863531 0.00020259221748302107
1dma1p2sa    -1535.6803884074807 -1535.6179972058176 0.00020926111575788936
1homF1sa1w   -1536.074474074941  -1536.0054832223059 0.00023139645358103236
1oa1sa6w     -1536.7850120414817 -1536.7074876082443 0.00026001822316766316
1b1sa2w      -1552.6053515019728 -1552.5491775849193 0.00018840824099794276
2sa2w        -1553.062108204449  -1553.0024294027553 0.00020016368168302413
3am2sa       -1569.8820486102272 -1569.8178838215176 0.00021520975585990714
3am1p2sa     -1570.260346082951  -1570.1939034128009 0.00022284980764770352
1ma2sa1w     -1572.4820964600437 -1572.418498643561  0.00021330812169294847
2sa1tma      -1574.617028590574  -1574.5544654043897 0.00020983795466810102
2am1b1sa1w   -1589.2539179455011 -1589.1881859746136 0.00022046611064111357
2am1aq2sa    -1589.7562048991676 -1589.6925898237635 0.00021336600839920504
2ma2sa       -1591.8886095647142 -1591.824835872474  0.0002138980118733646 
1am1dma2sa   -1591.8916418691963 -1591.8258624596024 0.0002206252208416673 
1am1dma1p2sa -1592.2505135222102 -1592.1824424936738 0.00022831134843654278
1dma1homF1sa -1594.763601788367  -1594.6888199306204 0.00025081957989768955
2dma2msa     -1598.5937238576614 -1598.5199817189898 0.00024733234503329556
1am1b1sa2w   -1609.1401392882644 -1609.0784645358933 0.00020685813305766079
1am2aq2sa    -1609.6148520449794 -1609.5514000230592 0.000212819124334371  
1b1dma1sa1w  -1611.2743765668433 -1611.211156241725  0.00021204200945293888
1dma2sa1w    -1611.7571858583622 -1611.69213759137   0.00021817295653924924
4am2sa       -1626.4178336965535 -1626.3479774360012 0.0002342990459580185 
4am1p2sa     -1626.8057484245471 -1626.7330806621587 0.00024372886932244736
1b1sa3w      -1629.0152613536186 -1628.9557731574905 0.00019952438748332073
2sa3w        -1629.4743547828095 -1629.41115533617   0.00021197198269164052
2dma1msa1sa  -1634.513661849951  -1634.4428120983248 0.00023763123134730956
2am1dma2sa   -1648.4271751725812 -1648.3606060995742 0.00022327376490684271
2am1dma1p2sa -1648.8131492469938 -1648.7417295232187 0.00023954292730210964
1ma2sa2w     -1648.889254254054  -1648.8207709016092 0.00022969428960236757
2sa1tma1w    -1651.0229424811025 -1650.9559577237585 0.00022466797700485536
2am1b1sa2w   -1665.6609920360354 -1665.5891664620383 0.00024090415561701145
2am2aq2sa    -1666.1705883838276 -1666.1027463721236 0.00022754322221731058
2ma2sa1w     -1668.302463651533  -1668.2316483046534 0.0002375158372615552 
1b2dma1sa    -1669.9341646038706 -1669.8643449836295 0.00023417615375190167
2dma2sa      -1670.4424684940902 -1670.3718170036723 0.0002369662599967446 
2dma1p2sa    -1670.803319755095  -1670.7295518283888 0.0002474188385242155 
1glyt2sa     -1684.1056666351253 -1684.0450347073067 0.00020336048237004007
1gly2sa      -1684.5819535916203 -1684.5188381234295 0.00021169031759461575
1gly1p2sa    -1684.912424419351  -1684.8467373431204 0.0002203155332241312 
1am1b1sa3w   -1685.548156478694  -1685.47942262293   0.00023053448185114377
1am3aq2sa    -1686.0294769082432 -1685.9623614705067 0.00022510628118876347
1mea2sa1w    -1686.9590580820532 -1686.8898741356782 0.00023204409315786563
1b1dma1sa2w  -1687.68244041008   -1687.6127987839607 0.00023357915854241523
3ma2sa       -1687.6919102229542 -1687.616257644515  0.0002537399914110172 
1dma2sa2w    -1688.1645654899683 -1688.0940190175204 0.00023661402799870216
3am1dma2sa   -1704.9549271918686 -1704.880316239196  0.00025024636147118515
3am1dma1p2sa -1705.3524563458907 -1705.2759534925162 0.00025659182751793983
1b1sa4w      -1705.422262211914  -1705.355435116876  0.00022413917503908922
2sa4w        -1705.8847187853096 -1705.819030345474  0.00022032010677721457
1ma2sa3w     -1725.301293360244  -1725.2301115483447 0.00023874496696046218
1am2dma2sa   -1726.9778305109805 -1726.9007389250853 0.0002585664460684804 
1am2dma1p2sa -1727.3670407958075 -1727.2882240719896 0.00026435258701331895
2sa1tma2w    -1727.4337502329374 -1727.3635854019867 0.0002353339961450567 
1am1glyt2sa  -1740.639861851773  -1740.5712439275085 0.0002301456456973198 
1am1gly2sa   -1741.1221318233643 -1741.0521254878472 0.00023480239985627756
1am1gly1p2sa -1741.4822842289568 -1741.4113993730919 0.00023774897154121526
2am1b1sa3w   -1742.0828146056033 -1742.0111664069293 0.00024030923586771508
2am3aq2sa    -1742.5782780396858 -1742.5048564766503 0.0002462571290805753 
2ma2sa2w     -1744.7160149708916 -1744.6399747498904 0.0002550401509350867 
1b2dma1sa1w  -1746.3404001742235 -1746.265429909605  0.0002514514996426146 
2dma2sa1w    -1746.8484740262566 -1746.7724350941728 0.0002550358278841444 
2sa2tma      -1748.9824696994701 -1748.9085037595073 0.00024808297824195733
1glyt2sa1w   -1760.5102743201612 -1760.4405538133506 0.00023384372567686126
1gly2sa1w    -1760.9901719542265 -1760.9214497715047 0.00023049533027604295
1gly1p2sa1w  -1761.3312316825736 -1761.2604532828886 0.0002373919157640402 
1am1b1sa4w   -1761.9645087230804 -1761.8937331533757 0.00023738242396301849
1am4aq2sa    -1762.4377253484831 -1762.3668163349205 0.00023782999685604303
1b1dma1sa3w  -1764.095143657751  -1764.0231246792296 0.00024155283756921762
1dma2sa3w    -1764.5776183852836 -1764.5032237775706 0.00024952073692064065
1b1sa5w      -1781.8310052541353 -1781.760683926158  0.00023585888974487124
2sa5w        -1782.2957082886123 -1782.2240672458815 0.0002402852347168139 
4ma2sa       -1783.4958926034878 -1783.411779265813  0.0002821175169373518 
2am2dma2sa   -1783.5032291976443 -1783.4207259039147 0.0002767174030843767 
2am2dma1p2sa -1783.9017752556247 -1783.820190986825  0.00027363497836510966
2sa1tma3w    -1803.8397608990804 -1803.7645093016647 0.00025239509446777766
3dma2sa      -1805.5204012870474 -1805.439120061055  0.0002726185678093917 
3dma1p2sa    -1805.913973607516  -1805.8282717314635 0.0002874455007628367 
2am1b1sa4w   -1818.4799697190044 -1818.4009873341317 0.0002649082169128923 
2am4aq2sa    -1818.9838312849697 -1818.9047352907478 0.0002652892645374162 
2mea2sa      -1820.8513652753547 -1820.778465876818  0.00024450578077013095
2ma2sa3w     -1821.1236225208822 -1821.042949880285  0.000270577362391709  
1b2dma1sa2w  -1822.7412843193924 -1822.6595978739558 0.0002739776804848843 
2dma2sa2w    -1823.2570417120166 -1823.1753703589493 0.00027392706043060424
2sa2tma1w    -1825.3796457128851 -1825.3005594809615 0.000265256521628763  
1am1b1sa5w   -1838.3699071114318 -1838.2937364137233 0.00025547777195493367
1am5aq2sa    -1838.8454076626494 -1838.7676489797655 0.0002608039003324034 
1b1dma1sa4w  -1840.5039731357706 -1840.426935080696  0.0002583869028156518 
1dma2sa4w    -1840.9860309914595 -1840.907639992013  0.0002629247004745724 
1am3dma2sa   -1862.0570189217315 -1861.9702474888331 0.00029103281200202366
1am3dma1p2sa -1862.4620941627313 -1862.3706613444986 0.00030666717502160934
2am1b1sa5w   -1894.903322139632  -1894.8218618938265 0.0002732190032052242 
2am5aq2sa    -1895.3939153672331 -1895.3098414498543 0.00028198530061692583
2mea2sa1w    -1897.2635169937514 -1897.1853704781852 0.00026210469752245156
2ma2sa4w     -1897.5304903953097 -1897.4440169610102 0.00029003331980351254
1b2dma1sa3w  -1899.1643300145415 -1899.0806300412323 0.0002807310860614941 
2dma2sa3w    -1899.6633812132138 -1899.577263320864  0.0002888408262613292 
2sa2tma2w    -1901.789254979279  -1901.7012291366254 0.0002952401229361486 
1b1dma1sa5w  -1916.9113062212593 -1916.8287557305857 0.0002768757024101125 
1dma2sa5w    -1917.3909248015514 -1917.3068141837325 0.00028210839449553074
4dma2sa      -1940.593717052665  -1940.5004990987075 0.00031265454958043313
4dma1p2sa    -1941.0036540361266 -1940.909466408306  0.00031590685165418345
1b2dma1sa4w  -1975.5787848990794 -1975.4904537841298 0.00029626401123484023
2dma2sa4w    -1976.0744940763866 -1975.9856031860645 0.00029814150703356013
2sa2tma3w    -1978.1943845659903 -1978.105867557478  0.00029688750129885905
3msa         -1992.6090447454844 -1992.5432427712863 0.00022070090289485385
2ca1sa       -2004.0796126606022 -2003.984526998844  0.0003189188722390589 
2pa1sa       -2004.0923131382924 -2004.0006522560495 0.0003074321054599495 
2msa1sa      -2028.53236674877   -2028.4684292669422 0.00021444736484312358
1pha2sa      -2044.302588986883  -2044.2400145487156 0.00020987569400398315
1b2dma1sa5w  -2051.9959128017663 -2051.9044540212712 0.00030675425287625884
1pa2sa       -2052.226700388455  -2052.1471436818338 0.0002668345014969409 
1ca2sa       -2052.2288543979553 -2052.1520362327    0.0002576493887477404 
2dma2sa5w    -2052.4809130044846 -2052.3841074561483 0.0003246874000884567 
1msa2sa      -2064.44525703307   -2064.3827574691545 0.00020962456453335477
1b2sa        -2099.928055432044  -2099.8677100397376 0.000202399437552127  
3sa          -2100.36072698458   -2100.2985894998683 0.00020841014493299103
1dma3msa     -2127.7155104154726 -2127.639629605186  0.00025450548477760454
1am1b2sa     -2156.47133614509   -2156.407574062562  0.0002138590727076074 
1am3sa       -2156.9229911131442 -2156.855317104473  0.00022697973728379728
1homF2sa     -2159.7868880523442 -2159.709752461412  0.0002587140396865343 
1mbtca2sa    -2163.3911097664895 -2163.311667993579  0.0002664490119428414 
1dma2msa1sa  -2163.6410831640037 -2163.5664202853945 0.00025042052191545406
1b2sa1w      -2176.339858491486  -2176.275768019736  0.0002149604955566855 
3sa1w        -2176.774139813945  -2176.7084022309755 0.00022048493365587745
1ma3sa       -2196.2010348710874 -2196.131268305661  0.00023399820703175005
1dma1msa2sa  -2199.562969672902  -2199.490532005047  0.00024295712847512255
2am1b2sa     -2213.014693507345  -2212.9437425237466 0.00023797076504497887
2am3sa       -2213.478387941125  -2213.40630478728   0.00024176808265978107
2am1p3sa     -2213.824042823114  -2213.7505717470544 0.0002464231965763898 
1am1homF2sa  -2216.3446786429145 -2216.263385917252  0.0002726571378920306 
2homF1sa     -2219.2110084857354 -2219.1178403019126 0.00031248761973116766
2mbtca1sa    -2226.4183472963787 -2226.320744967616  0.00032735981473276047
1am1b2sa1w   -2232.88669951732   -2232.8176900318217 0.00023145894851018379
1am1aq3sa    -2233.3355214556336 -2233.2646509090737 0.00023770097789756713
1b1dma2sa    -2235.0181193219296 -2234.947137783686  0.00023807324582916016
1dma3sa      -2235.4786033426417 -2235.4060726286602 0.0002432692067125016 
1homF2sa1w   -2236.1964501133725 -2236.114693323363  0.00027421361733863804
1b2sa2w      -2252.752021365983  -2252.683286840264  0.00023053672889225958
3sa2w        -2253.187321261785  -2253.1178548040193 0.00023299164100612897
2dma3msa     -2262.8063843108844 -2262.7185040843683 0.00029475172401811954
3am3sa       -2270.0309356405387 -2269.9541559743498 0.00025752026224697426
3am1p3sa     -2270.389073973512  -2270.3093824950747 0.0002672865283820753 
3sa1tma      -2274.742227485781  -2274.6682722462974 0.0002480470886578008 
1am2homF1sa  -2275.758623477257  -2275.6610925321393 0.00032712039281441904
2am1b2sa1w   -2289.4206490584306 -2289.348698177291  0.00024132443783144236
2am1aq3sa    -2289.8948476969567 -2289.8194442880795 0.00025290427260496977
2ma3sa       -2292.0273743157304 -2291.9492907974973 0.00026189340343097626
1am1dma3sa   -2292.028292360172  -2291.9510111617374 0.00025920240964229165
1dma1homF2sa -2294.9008824659386 -2294.8137895201244 0.00029211117160630307
2homF1sa1w   -2295.6212966810685 -2295.5234564363222 0.00032815778885212943
2dma2msa1sa  -2298.735440602162  -2298.6487820954094 0.00029065405585278805
1am1b2sa2w   -2309.296033295978  -2309.2216215610333 0.00024957818193686155
1am2aq3sa    -2309.7477899364467 -2309.671281752552  0.0002566097061701904 
1b1dma2sa1w  -2311.4212845122365 -2311.3433298893583 0.00026146108629267716
1dma3sa1w    -2311.885585490448  -2311.8078643913072 0.00026067784384050985
4am3sa       -2326.5776979428542 -2326.49926992613   0.00026304885703130426
4am1p3sa     -2326.9512768745735 -2326.8675722494263 0.0002807466884026074 
1b2sa3w      -2329.15667000413   -2329.0825722987197 0.0002485249217178584 
3sa3w        -2329.601436980798  -2329.5269350958833 0.00024988054641915755
2dma1msa2sa  -2334.6519782625282 -2334.5683340703094 0.00028054399536728703
3am1aq3sa    -2346.4390212398307 -2346.357050645485  0.00027493072059613934
2am1dma3sa   -2348.582334529295  -2348.50088124869   0.000273195641808472  
2am1dma1p3sa -2348.943587369904  -2348.8589350677253 0.0002839252127402766 
1dma2homF1sa -2354.311822975464  -2354.2085798213034 0.00034627923582392306
2am1b2sa2w   -2365.8309847572914 -2365.750135316136  0.0002711703543700609 
2am2aq3sa    -2366.2991593137335 -2366.2174653637408 0.00027400285089027303
1b2dma2sa    -2370.10450283328   -2370.023701323012  0.00027100959338624846
2dma3sa      -2370.579271161855  -2370.4956279076378 0.0002805408492946813 
5am1p3sa     -2383.4949937361716 -2383.4057950169413 0.0002991739702505347 
1glyt3sa     -2384.2611571208254 -2384.1896479992215 0.0002398427690884502 
1gly3sa      -2384.70689093099   -2384.632160554009  0.00025064691256581364
1gly1p3sa    -2385.0392061243997 -2384.9607277660625 0.00026321770362989393
1am1b2sa3w   -2385.703876061589  -2385.6247116969803 0.00026551857993949054
1b1dma2sa2w  -2387.8365709820896 -2387.75632272877   0.0002691539604879316 
3ma3sa       -2387.851779474244  -2387.766402918242  0.0002863543719661654 
1dma3sa2w    -2388.2971951951113 -2388.216838391268  0.00026951804072893835
3am1dma3sa   -2405.1231270130265 -2405.0388043472667 0.00028281960677489917
3am1dma1p3sa -2405.501761939987  -2405.412342007748  0.0002999159223168853 
1b2sa4w      -2405.559814776875  -2405.4815150186405 0.00026261867595104806
3sa4w        -2406.012719104389  -2405.932668327807  0.0002684916202657882 
3am2aq3sa    -2422.85270648771   -2422.7646966296584 0.0002951865103191171 
1am2dma3sa   -2427.1233347129487 -2427.0362145666813 0.0002922024023718733 
1am2dma1p3sa -2427.493160432367  -2427.402957270494  0.00030254288738231725
2am1b2sa3w   -2442.243921998365  -2442.159045624857  0.00028467675166212044
2am3aq3sa    -2442.7123274030323 -2442.625526882545  0.00029113037225408515
1b2dma2sa1w  -2446.5105677467204 -2446.4243129450806 0.00028930002226988536
2dma3sa1w    -2446.984799466521  -2446.8964775026566 0.00029623331834420226
1am1b2sa4w   -2462.105172377561  -2462.0214653992325 0.00028075458101127265
1am4aq3sa    -2462.5661855894427 -2462.4808874098603 0.00028609149616758167
1b1dma2sa3w  -2464.2350426829184 -2464.1518658704276 0.00027897639607826866
1dma3sa3w    -2464.7066172829473 -2464.6208087384853 0.00028780326836176927
3dma1msa2sa  -2469.749850353426  -2469.654571004349  0.00031956850269167735
1b2sa5w      -2481.9742999629602 -2481.8937594614044 0.00027013416587583667
3sa5w        -2482.4204294116544 -2482.3351714292608 0.00028595667413607864
4ma3sa       -2483.6689963323406 -2483.5770806327237 0.0003082867671207287 
2am2dma3sa   -2483.673153418525  -2483.5826388734376 0.0003035872718015514 
2am2dma1p3sa -2484.0545587603215 -2483.957838452957  0.0003244015004687865 
3am3aq3sa    -2499.2538183215906 -2499.1633845856386 0.00030331623663279304
1b3dma2sa    -2505.181101603318  -2505.0875206913897 0.00031387191657962184
3dma3sa      -2505.675583903241  -2505.5820799501585 0.00031361379534730524
3dma1p3sa    -2506.043627405588  -2505.9468798180806 0.0003244929985157405 
2am1b2sa4w   -2518.6509144100683 -2518.563859373377  0.00029198402378477907
2am4aq3sa    -2519.119158633196  -2519.0292349840147 0.00030160539722041036
1b2dma2sa2w  -2522.9222906143104 -2522.830912467659  0.00030648380564012116
2dma3sa2w    -2523.39377908097   -2523.3024611434735 0.0003062818631445339 
1am1b2sa5w   -2538.5181327484806 -2538.4312755407477 0.0002913205022070528 
1am5aq3sa    -2538.973826215412  -2538.8851396193463 0.0002974563007403363 
1b1dma2sa4w  -2540.6457453312078 -2540.5569608592405 0.0002977845781234738 
1dma3sa4w    -2541.1168031318143 -2541.025633860293  0.0003057832350197436 
1am3dma3sa   -2562.217675239816  -2562.121539145329  0.0003224420408750349 
1am3dma1p3sa -2562.606175911907  -2562.5038774681425 0.0003431106616291886 
3am4aq3sa    -2575.672704708376  -2575.576746687844  0.0003218447779029056 
3dma3sa1w    -2582.079996452614  -2581.9811170236676 0.00033164322973803666
2am1b2sa5w   -2595.0631019906605 -2594.9697251886564 0.0003131873285399197 
2am5aq3sa    -2595.5288732411445 -2595.4342682504603 0.0003173066935584971 
1b2dma2sa3w  -2599.3252328346343 -2599.2303236035655 0.0003183271208076998 
2dma3sa3w    -2599.8025161718765 -2599.7075350429946 0.000318568267254927  
1b1dma2sa5w  -2617.0535303896736 -2616.9600374432157 0.0003135768789467807 
1dma3sa5w    -2617.524941412409  -2617.430212706407  0.0003177216367667404 
4dma3sa      -2640.759633549614  -2640.6568723718324 0.00034466267912764244
4dma1p3sa    -2641.155193242381  -2641.0492833279354 0.000355223593646223  
3dma3sa2w    -2658.4960065777286 -2658.3940019794823 0.0003421250989305489 
1b2dma2sa4w  -2675.731638478264  -2675.6328447999126 0.00033135562083327317
2dma3sa4w    -2676.216514665145  -2676.116814164415  0.0003343971179949731 
2ca2sa       -2704.2101538481456 -2704.1034582651487 0.00035785873887945877
2pa2sa       -2704.222090354737  -2704.116196411175  0.00035517002703890316
3mea3sa      -2731.3001087574567 -2731.207087879969  0.00031199355186162426
3dma3sa3w    -2734.8951451657986 -2734.7884235929373 0.00035794590931206594
1b2dma2sa5w  -2752.144289798408  -2752.039552009288  0.0003512922660399703 
1pa3sa       -2752.3494182519366 -2752.2609477588376 0.0002967314878380129 
2dma3sa5w    -2752.6231249771677 -2752.517207515716  0.00035524890642850654
1b3sa        -2800.0604526484244 -2799.986992068677  0.0002463879917735803 
4sa          -2800.4821356675207 -2800.4047666538377 0.0002594969434280288 
3dma3sa4w    -2811.3123260715233 -2811.2001463772717 0.0003762525381580474 
1am1b3sa     -2856.610376803049  -2856.531416182597  0.00026483521868913597
1am4sa       -2857.0472394034186 -2856.968760862359  0.00026321831648415216
1mbtca3sa    -2863.517350923646  -2863.4260779581064 0.0003061310264627072 
1b3sa1w      -2876.4753340522925 -2876.4015984513603 0.0002473104173476179 
4sa1w        -2876.893177623287  -2876.810025344695  0.0002788941089788287 
1ma4sa       -2896.3230274151265 -2896.2407644482846 0.00027591134275261323
2am1b3sa     -2913.1624258024353 -2913.0813370493365 0.0002719730105613297 
2am4sa       -2913.609177400789  -2913.5267579492975 0.00027643619484063974
2homF2sa     -2919.334791790434  -2919.2298558618645 0.00035195682900967536
2mbtca2sa    -2926.554790235526  -2926.447171870694  0.00036095376431999197
1am1b3sa1w   -2933.0285314503867 -2932.9458006003388 0.0002774806307153014 
1b1dma3sa    -2935.1543267694847 -2935.0714837134733 0.0002778569713618586 
1dma4sa      -2935.600814655214  -2935.515656485216  0.00028562190172131796
1b3sa2w      -2952.88595075507   -2952.8070545251326 0.00026461925184535654
4sa2w        -2953.3102872380177 -2953.2297829314894 0.0002700127671582859 
3am1b3sa     -2969.710468131432  -2969.623615366729  0.0002913056002111521 
3am4sa       -2970.164504051209  -2970.077731816716  0.0002910355005622271 
3am1p4sa     -2970.519360873609  -2970.4265995946544 0.000311122854116117  
1am2homF2sa  -2975.888060834916  -2975.778197760208  0.0003684825581345961 
3mbtca1sa    -2989.5685635190184 -2989.4410725308844 0.00042760686947540327
2am1b3sa1w   -2989.570892463635  -2989.484653262467  0.00028924769803196943
1am1dma4sa   -2992.158495064505  -2992.0686776817793 0.00030124897778211835
2ma4sa       -2992.158957897123  -2992.069370466617  0.0003004777142576699 
2homF2sa1w   -2995.7424491245524 -2995.6336456474414 0.00036492865038001594
1am1b3sa2w   -3009.437454174875  -3009.3514425700982 0.0002884843359940825 
1b1dma3sa1w  -3011.573879795541  -3011.486230180803  0.00029397824832490325
4am4sa       -3026.7231355523227 -3026.631116281022  0.00030863414825005667
4am1p4sa     -3027.0820315110773 -3026.9850694107336 0.0003252124780945185 
1b3sa3w      -3029.2933667452025 -3029.2082059286713 0.0002856307782359324 
4sa3w        -3029.727634837857  -3029.6421739556786 0.0002866372033484675 
2am1dma4sa   -3048.716420068038  -3048.624662846436  0.0003077552292535311 
1dma2homF2sa -3054.437476861438  -3054.3220725215306 0.00038706805268323556
2am1b3sa2w   -3065.9779631077395 -3065.886855767618  0.000305575516088316  
1b2dma3sa    -3070.2533730171367 -3070.160886643797  0.0003102008161663538 
2dma4sa      -3070.70857907491   -3070.614920351121  0.0003141328988410318 
5am4sa       -3083.2590728920163 -3083.1640408346075 0.00031873908237065913
5am1p4sa     -3083.6386214201993 -3083.537689575722  0.0003385270651587954 
1am1b3sa3w   -3085.8395894377722 -3085.748684036098  0.00030489821121631425
1b1dma3sa2w  -3087.970147421625  -3087.878175373544  0.0003084757607947794 
3ma4sa       -3087.9862462953906 -3087.89031182725   0.0003217657827962835 
3am1dma4sa   -3105.2678067491843 -3105.1665180440377 0.00033972398170860487
3am1dma1p4sa -3105.632796160763  -3105.5312670525636 0.0003405302975000397 
1b3sa4w      -3105.697416684115  -3105.6087960375044 0.0002972351051841965 
4sa4w        -3106.133791377263  -3106.042891135678  0.0003048809041922957 
1am2dma4sa   -3127.268112238761  -3127.1696754374225 0.00033015864946731423
1b2dma3sa1w  -3146.6589846425186 -3146.560731029773  0.00032954423191563126
1b1dma3sa3w  -3164.3699783896864 -3164.2711199106852 0.0003315729632768878 
1b3sa5w      -3182.106240984783  -3182.014012092954  0.00030933721894727873
4sa5w        -3182.545735522424  -3182.4482973511053 0.00032680922796800364
4ma4sa       -3183.8170026808484 -3183.711934607987  0.0003524000431376978 
2am2dma4sa   -3183.818633858038  -3183.716694773833  0.00034190536376067066
2am2dma1p4sa -3184.1890598929    -3184.079782515214  0.0003665181206968654 
1b3dma3sa    -3205.336681081378  -3205.23359715203   0.00034574519318419483
3dma4sa      -3205.8085448777    -3205.7036051902423 0.0003519694363836707 
3dma1p4sa    -3206.1775173028627 -3206.0719932859347 0.0003539292870297316 
2mea4sa      -3221.1247059403095 -3221.0297370976937 0.0003185270589161757 
1b2dma3sa2w  -3223.0652373953176 -3222.964021801167  0.00033947876622692326
1b1dma3sa4w  -3240.791158361923  -3240.6911163797945 0.00033554245221667777
1am3dma4sa   -3262.3585344485296 -3262.2480685326623 0.0003705044972905939 
1am3dma1p4sa -3262.733638569248  -3262.620870494726  0.00037822597525332844
1b1dma3sa5w  -3317.2016345924426 -3317.099336824778  0.000343108393976718  
1b4dma3sa    -3340.419887613646  -3340.305472642337  0.0003837496941440638 
4dma4sa      -3340.9081482805477 -3340.790709813166  0.00039389054966258523
4dma1p4sa    -3341.282611473409  -3341.1642410999525 0.0003970161779520436 
1pa4sa       -3452.4809219549334 -3452.379102591016  0.0003415038199481283 
5dma4sa      -3475.9982648430905 -3475.873020955089  0.00042007005870097944
5dma1p4sa    -3476.3911089276326 -3476.2610250386947 0.0004363035013849239 
1b4sa        -3500.183110037969  -3500.097286874847  0.00028785229958664364
5sa          -3500.6051953678766 -3500.51273147444   0.0003101254182008276 
1am1b4sa     -3556.744860924143  -3556.655946446154  0.0002982206204554507 
1am5sa       -3557.1703910744336 -3557.078749699095  0.0003073666789824588 
1mbtca4sa    -3563.6405222538883 -3563.5381195531813 0.00034346034112732547
2am1b4sa     -3613.2992683264033 -3613.205493946895  0.00031452081002393   
2am5sa       -3613.73124284801   -3613.6349268567437 0.000323045417630031  
2mbtca3sa    -3626.689970523709  -3626.571701401181  0.0003966765806727542 
1b1dma4sa    -3635.2886572022057 -3635.1923293443824 0.00032308521825697307
1dma5sa      -3635.724180108845  -3635.6268428631415 0.00032647072179487895
3am1b4sa     -3669.859079494539  -3669.7610499740813 0.0003287926226985771 
3am5sa       -3670.3022814456704 -3670.202067644727  0.0003361187353460382 
3mbtca2sa    -3689.7032257786395 -3689.563119042218  0.0004699202965672126 
1b1dma4sa1w  -3711.7044735246022 -3711.6055915725583 0.0003316516922483276 
4am1b4sa     -3726.391236243866  -3726.2886004156917 0.0003442422544839352 
4am5sa       -3726.850249506796  -3726.7442601425437 0.0003554900696040202 
5am5sa       -3783.4137637928325 -3783.3027969684017 0.00037218455284517953
5am1p5sa     -3783.7695048128435 -3783.6568779859986 0.00037775222822402434
1b1dma4sa2w  -3788.104056851321  -3788.0003185874984 0.00034793984176524444
1b1dma4sa3w  -3864.51147416501   -3864.402994271419  0.00036384334593548775
1b1dma4sa4w  -3940.9307886842507 -3940.8186040220667 0.00037626920068412826
1b1dma4sa5w  -4017.3433624960157 -4017.2269328670127 0.0003905068891596916 
1b5sa        -4200.3181954621605 -4200.2204214605235 0.00032793560837403985
1am1b5sa     -4256.879179625939  -4256.778722960866  0.00033693330562976795
2mbtca4sa    -4326.807037159702  -4326.673301634742  0.0004485511486199463 
1b1dma5sa    -4335.4246354012985 -4335.316527268843  0.0003625964529771889 
3mbtca3sa    -4389.826928076736  -4389.675012961265  0.0005095257939695259 
1b6sa        -4900.441185897349  -4900.332030284598  0.0003661097191061204 
1am1b6sa     -4956.997559166354  -4956.884034526317  0.00038076350842522445
