0.8784851095838617 0.8763496698434803 0.8505923499892831 0.9042424294380589
1.4395432064443865 1.399239279561923 1.3962311065383453 1.442551379467964
0.8784892005119351 0.8763497986784403 0.8505969184793165 0.9042420807110589
1.3896725183088623 1.269328686454996 1.2379193067976135 1.4210818979662447
0.8608463804322011 0.8713165738640136 0.8970587106556199 0.8351042436405949
0.2025392753555941 0.2034687632270141 0.21388802262286224 0.19212001595974595
0.9406021468300032 0.9422675687341464 0.9238351796233113 0.9590345359408383
1.283774218274503 1.1506700590864638 1.1030376044460206 1.3314066729149463
0.2025412756326988 0.2034663723569212 0.21388602886573005 0.19212161912388995
0.202537432344434 0.20346859335913337 0.2138884441191709 0.19211758158439646
0.17504575049927323 0.2079788026052139 0.17375390044598038 0.20927065265850675
1.2837825770273992 1.1506887937935029 1.1030541983126583 1.3314171725082438
0.2025410408609947 0.20346590167669468 0.21388547172261071 0.19212147081507866
0.20253898910144658 0.20345864784328496 0.21387900427004003 0.19211863267469154
0.20253743920201403 0.20346858552257407 0.21388845097675097 0.19211757374783714
0.2079788026052139 0.17504575049927323 0.20927065265850675 0.17375390044598038
0.20254103400244874 0.2034659095120197 0.21388546486406476 0.1921214786504037
0.20254110772893147 0.20346728930709612 0.21388683173311615 0.19212156530291144
