#CLUSTER  dG_298.15K_[kcal/mol] dH_298.15K_[kcal/mol] dS_298.15K_[cal/mol/K]
4ma                       15.763839078921592   -15.240197517588967 -103.98804828617428
4dma                      12.95619689655723    -18.922940787044354 -106.9231517138424 
3ma                       10.494986168137984   -9.34368804175756   -66.53923934216108 
3dma                      9.551213646540418    -11.196840682910988 -69.58931520885248 
2tma                      6.113290116452845    -3.2966592404118273 -31.56112479277796 
1dma1ma                   5.793414003637736    -2.7378026699079783 -28.61384093080396 
2dma                      5.4815428396104835   -4.173524723039009  -32.38325528307156 
1dma1p                    5.464704097001231    4.7429053490486694  -2.420924863083698 
1eda1ma                   5.443938959768275    -4.74495436160214   -34.17371565116396 
1eda1tma                  5.435122013019281    -4.58109897164104   -33.5945697958483  
1dma1eda                  5.259799436680623    -5.341366096414276  -35.55648342470896 
1ma1tma                   5.203655354984221    -3.6854419605224393 -29.81417848564486 
1am1eda                   5.035362973445444    -3.2545868898305343 -27.804628084102077
2ma                       4.976679764062283    -2.720854295112076  -25.817655741036134
2eda                      4.663140546850627    -7.058482345455559  -39.31451582177911 
1am1ma                    4.557988047723484    -2.4597768560706754 -23.53769882213888 
1dma1tma                  4.500349979149178    -4.31436189415399   -29.564688490136334
1am1dma                   4.259742303314852    -2.1610951940820087 -21.53559449067643 
1am1tma                   4.13703882903792     -3.179116611048812  -24.538505584865575
2am                       3.673806263366714    -1.9733443176664878 -18.94063585786448 
1fa2tma                   2.838583438540809    -18.166860974859446 -70.45260578035138 
2nta                      2.156401401211042    -8.80617522081593   -36.768662157448844
1fa1ma1tma                1.7599756411655108   -19.424473461782327 -71.05299045104212 
2fa2tma                   1.4190156045078766   -31.615547589433845 -110.79846786550625
1fa2ma                    1.3937690192396985   -19.084711936375243 -68.68516168226509 
2dma1fa                   1.0840260686090915   -20.484670417383313 -72.34176248850457 
2am2fa                    0.9511553821794223   -27.69427927979268  -96.07725863501403 
1am2fa1tma                0.6672795659687836   -30.479770853096852 -104.46771899781989
1dma1fa1ma                0.483263253554469    -20.6917584883995   -71.02137092746375 
1dma1fa1tma               0.4564301395585062   -20.910262842371594 -71.66423941628412 
1w                        0.0                  0.0                 0.0                
1tma                      0.0                  0.0                 0.0                
1sa                       0.0                  0.0                 0.0                
1pxml                     0.0                  0.0                 0.0                
1p1tma                    0.0                  0.0                 0.0                
1nta                      0.0                  0.0                 0.0                
1msa                      0.0                  0.0                 0.0                
1ml                       0.0                  0.0                 0.0                
1mf                       0.0                  0.0                 0.0                
1malonic                  0.0                  0.0                 0.0                
1ma                       0.0                  0.0                 0.0                
1fa                       0.0                  0.0                 0.0                
1etox                     0.0                  0.0                 0.0                
1eda                      0.0                  0.0                 0.0                
1dme                      0.0                  0.0                 0.0                
1dma                      0.0                  0.0                 0.0                
1am                       0.0                  0.0                 0.0                
1acon                     0.0                  0.0                 0.0                
1acan                     0.0                  0.0                 0.0                
1acal                     0.0                  0.0                 0.0                
1am2fa1ma                 -0.43537797751196194 -32.31963956641994  -106.94033737702203
2fa2ma                    -0.815236431080848   -33.51238456573628  -109.66677221041367
1msa1nta                  -0.9657728244492318  -12.719862099474994 -39.42340860360021 
1fa1nta                   -1.1254216170345899  -12.270807245193282 -37.381806567941474
1dma2fa1tma               -1.1813595322018955  -34.46805886537186  -111.6441366192669 
2ma1nta                   -1.2427338705747388  -23.321593920438318 -74.05285946625372 
1nta1sa                   -1.289663509465754   -12.37103875662433  -37.1671146981664  
2fa1ma1tma                -1.3367479895387078  -34.64091484787059  -111.70272298618667
1fa1ma                    -1.3372003142430913  -11.491912394012616 -34.05907120520005 
1eda2fa1tma               -1.4002045110973995  -36.080409069982124 -116.31797604895625
1am1eda2fa                -1.4134971916500945  -35.012361930217594 -112.69114451956929
1nta2tma                  -1.612238151166821   -23.2295702919655   -72.50488727500675 
3dma1malonic              -1.703337399463635   -36.564559390506474 -116.9251114915116 
1ma1nta1tma               -1.7348369579121936  -22.98732367058983  -71.28118971254968 
1am2fa                    -1.7912950763711706  -21.440372902958188 -65.90332995689678 
1dma1fa                   -1.8638928541186033  -12.286415053880773 -34.95731074879016 
1am1dma2fa                -2.037210644048173   -33.99950036298833  -107.20204500772964
1eda2fa1ma                -2.2187456380488584  -37.09220347065275  -116.96615070475869
2fa1ma                    -2.431282632300281   -24.001293147979595 -72.34616976610633 
2fa1tma                   -2.501972745434614   -24.585466518910835 -74.06840105141788 
1dma1p1w                  -2.553570295756799   -10.840176646677719 -27.7934138885907  
1eda2fa                   -2.628828722430626   -25.732680867717136 -77.49069979948851 
1dma2fa1ma                -2.7906369074626127  -35.59817029361875  -110.03700615899704
2eda2fa                   -3.0975637856172398  -39.916329584346386 -123.49074559359191
1fa1tma                   -3.1212994527450064  -13.335206233081408 -34.25761120363804 
2dma1malonic              -3.280282937368611   -25.967253277660348 -76.09247137434288 
2fa                       -3.3058957727334928  -14.498474144667853 -37.540091806016974
1dma1ml1p                 -3.4209974753466668  -13.188862034556223 -32.76157826327622 
1ma1nta                   -3.5158275445282925  -14.15639749681577  -35.68864649461729 
1ma1msa                   -3.7882577157579362  -15.476882888819091 -39.20384092961018 
1ma2nta                   -3.9054350944934413  -26.81372854358051  -76.83479271887937 
1fa1msa                   -3.9569774773553945  -15.97818773362087  -40.3193367644892  
1dma1malonic              -4.037767860048916   -15.601291847793618 -38.78424949747391 
1dma2fa                   -4.082220323383808   -26.49440103818779  -75.17082245458643 
1dma1ma1nta               -4.438451113499468   -26.703596312610898 -74.67766291843334 
1dma1nta                  -4.524449367512716   -15.428253239166224 -36.57153738608868 
2dma1nta                  -4.7856054777803365  -27.3171494868875   -75.57116890544982 
1nta1tma                  -4.905228726187488   -15.666626436111983 -36.09390477955755 
1fa1sa                    -5.080229603510816   -16.429757307691034 -38.06650244458215 
1dma1nta1tma              -5.1322134693327826  -27.153263181913644 -73.85896264584044 
1dma1eda2fa               -5.458473709732061   -40.03159433824476  -115.95881478596553
2msa                      -5.598828803864308   -19.116887415293604 -45.339790747313984
1malonic1sa               -5.610310722258873   -18.47550794784911  -43.150082929272514
2sa                       -5.721720378496684   -17.12328772433102  -38.24104425846781 
1msa2tma                  -6.074559540254995   -28.960732644074596 -76.76060071765822 
1am1sa                    -6.116759483818896   -14.880628811719362 -29.394161756854004
1dma1msa                  -6.159790226025507   -18.408113742538262 -41.081078371445685
1p1tma1w                  -6.835744327967404   -14.746710215600615 -26.53350960139263 
2dma2fa                   -7.170514605095377   -40.93110665521817  -113.23358058004301
2ma1msa                   -7.307741997996345   -31.12664402712835  -79.88898886143946 
1ma1msa1tma               -7.317021792056039   -30.41988656067406  -77.48738812165315 
1ma1sa                    -7.595641427848022   -17.80955196643481  -34.25762380835556 
1msa1sa                   -7.727492393925786   -20.969294829061255 -44.41322299166622 
1ml1p1tma                 -7.891934879429755   -16.979856622085208 -30.48103888208673 
3msa                      -7.930424263468012   -34.58354031085037  -89.39498925850208 
1dma2nta                  -7.996256184705999   -31.011013003706466 -77.19187261127453 
1dma1p2w                  -8.180236411644728   -24.235044235596433 -53.84808929696784 
4msa                      -8.272818069439381   -48.809324773261324 -135.96010968642804
2nta1tma                  -8.797333352733403   -31.276023492071545 -75.39389615766456 
1dma2ml1p                 -9.068463848656393   -28.063598168620956 -63.70999268793713 
1p1tma2w                  -9.313264113108744   -25.883478297444526 -55.57677070024398 
2am1sa                    -9.45321576675633    -27.76692597020883  -61.424485002027154
1dma1p3w                  -9.488585115002934   -34.53584619492176  -84.00892530570744 
1p1tma3w                  -9.934212997206487   -35.191399901610566 -84.71301997118496 
3sa                       -10.065177198732272  -33.894157173577696 -79.92279045633742 
1dma1msa1tma              -10.206288347020745  -33.57307363246218  -78.37258187304477 
1am1ma1sa                 -10.441036446602084  -30.83730813465081  -68.40943044737658 
2ml1p1tma                 -10.474665107976762  -29.503288816384156 -63.822316647751336
1dma3ml1p                 -10.614968298454187  -41.71576671379444  -104.31258901684922
1fa1msa2tma               -10.646402703714557  -45.62687365722377  -117.32507447146371
1dma1ma1msa               -10.887424739659764  -34.67243546975078  -79.77531688764941 
1eda1sa                   -11.057829496974591  -22.941492753278    -39.85800186532762 
2ma1sa                    -11.058131354511715  -32.71649017854361  -72.64249144401613 
1ma1msa1nta               -11.061792072461685  -34.82524148010998  -79.70299985828255 
1dma1sa                   -11.396639700629748  -21.720065496105235 -34.62493978008028 
2dma1msa                  -11.614747809886467  -35.73853811994195  -80.91158916689723 
2msa1sa                   -11.754359391867183  -37.29597020166693  -85.66698242385641 
1fa1ma1msa                -12.238811154209543  -35.959476363204885 -79.55950095202365 
1malonic2sa               -12.359039225033484  -38.46612955944147  -87.56361004244197 
3ma1sa                    -12.680504939577077  -45.956714378728066 -111.60895334281412
1msa2sa                   -12.73143942502793   -38.72614494978916  -87.18666954419162 
4ma1sa                    -12.732605571101885  -57.43987594329519  -149.94891957802906
1sa1tma                   -12.830358812119812  -23.245695859921398 -34.93321163097359 
1am1eda1sa                -13.225253685202915  -34.3648463258869   -70.9025411390286  
1am1sa1tma                -13.482933809864335  -33.83474301875685  -68.26030256157601 
1ma1nta1sa                -13.618664374924265  -36.01734257530188  -75.12553479943877 
1am1dma1sa                -13.791645806166343  -34.112212764506694 -68.15551554000866 
1ma1sa1tma                -13.871803541434929  -36.06146766667371  -74.4244981554924  
1eda1ma1sa                -14.088761916558724  -37.79903747100616  -79.52465388051301 
1fa1msa1tma               -14.24911687662825   -37.80267685840954  -78.9990272739273  
1msa3sa                   -14.335726600605994  -51.50483105168678  -124.6657871898207 
1dma1sa1tma               -14.601125282468274  -36.46126780324266  -73.31927727888113 
1dma1ma1sa                -14.712537107756361  -36.494754049985204 -73.05791360753446 
1fa1ma1msa1tma            -14.800909521756694  -49.467125500232214 -116.2710581196632 
2dma1sa                   -14.99002351280069   -37.13678171578795  -74.28059098758239 
3msa1sa                   -15.257136375992559  -55.792821147304494 -135.9573529126503 
1dma1msa1nta              -15.333206716895802  -39.33850048095337  -80.51414980394394 
1fa1ma1sa                 -15.396757815906312  -37.770072862680536 -75.04046636531257 
1fa2ma1msa                -15.411178628564812  -50.502607542381156 -117.69722929268134
4dma1sa                   -15.56561189016793   -63.48735760332784  -160.73032270052056
1dma1fa1msa1tma           -15.628664406831376  -51.01362866736599  -118.68175167028997
1eda1sa1tma               -15.666572977672331  -38.8415091263887   -77.72911671432217 
2ma2nta                   -15.819605250901077  -50.84837472811341  -117.48706851344845
2nta2tma                  -15.852147915342357  -49.9083588370122   -114.22509113487496
1dma1fa1msa               -15.99721440061694   -39.83767938596429  -79.96131137065052 
1sa2tma                   -16.01029319560621   -38.06056466384325  -73.95697289403421 
1msa1nta1tma              -16.266255417343928  -39.80990864423802  -78.96579985680738 
4sa                       -16.40795566746965   -55.24058676487766  -130.24528290164017
1ma2nta1tma               -16.428336676908657  -50.94947342746309  -115.78446000602857
3dma1sa                   -16.46481362672057   -50.886314983537886 -115.45028125668043
2eda1sa                   -17.028465425944887  -41.67033861001255  -82.64924763968455 
2msa2sa                   -17.099632000317797  -56.76936744037084  -133.052944623888  
1fa1sa1tma                -17.79108026798349   -40.65193691701279  -76.67568891180932 
1dma1eda1sa               -17.82729696930619   -41.595029918302316 -79.71736692495634 
3msa2sa                   -17.8544522265438    -71.36872570950072  -179.4877527488093 
1dma1nta1sa               -17.85859402467031   -40.31267636286793  -75.31136118804677 
1ma2msa                   -17.900833442690782  -43.32917922944762  -85.28708967565198 
2msa3sa                   -18.035370761761442  -70.50325243035331  -175.97813740875588
1fa2ma1sa                 -18.098107462516055  -51.042391100374516 -110.49566875043422
1malonic3sa               -18.12713564815931   -58.15129976393655  -134.24170422763416
1nta1sa1tma               -18.301350863534026  -41.06766226972104  -76.35858261343249 
1am1msa1sa                -18.371116574504413  -42.220087687368505 -79.98984106326449 
1dma1fa1ma1msa            -18.687949415354524  -53.47765670431545  -116.68525000448221
1am2sa                    -19.337896757409908  -41.900320601766    -75.67474037945803 
1dma1fa1sa                -19.425312161969487  -41.73536453064298  -74.82828230297181 
2msa1tma                  -19.503724611829966  -44.64165710352245  -84.31303871062485 
1dma1malonic1sa           -19.68966139666736   -44.477548582013696 -83.1389810011162  
1fa1ma1sa1tma             -19.86500895093195   -55.16647385948454  -118.40169347161832
1dma2nta1tma              -20.017550644173753  -54.752659616206074 -116.50212635319058
1dma1ma2nta               -20.113497668353375  -54.98503689450445  -116.95971566732737
1fa1sa2tma                -20.683690937119536  -55.26500324346125  -115.98628980887295
1msa1nta2tma              -20.726977809303207  -57.06326693916344  -121.8725109168743 
1fa1msa1nta3tma           -20.92361923516728   -79.82155123003758  -197.54463188056388
1dma1fa1ma1sa             -21.249143399123568  -55.43291673989734  -114.65293758370478
2dma1fa1msa               -21.60098092647968   -57.0973289795802   -119.05533474079857
1dma2msa                  -22.059329546638764  -47.503436778555624 -85.33995382097937 
1ma1msa1nta1tma           -22.63695447074133   -57.897543042723555 -118.26459356680184
1dma1fa1sa1tma            -23.226217447780073  -58.741040576744126 -119.11730044960478
1fa1msa1nta2tma           -23.36686837041634   -70.84784132862114  -159.25196363637735
2dma1fa1sa                -23.400368718605023  -58.6965325717465   -118.38391364432076
2am1msa1sa                -23.660824912483804  -57.89537186268717  -114.82323310448564
2ma1msa1nta               -23.756043005821994  -59.048396981175756 -118.37113525125697
2dma2nta                  -23.94718946731882   -59.02456067973981  -117.65007953185844
1ma1msa1sa                -24.268530302448198  -49.25459203647915  -83.80366169374012 
3msa3sa                   -24.503834783565253  -91.4754693096038   -224.62396285858813
1ma2sa                    -24.876467796973884  -48.82360795303248  -80.31910164685804 
1msa1sa1tma               -25.140073248767294  -49.933481236948865 -83.15749786420896 
2ma1nta1sa                -25.19922705704812   -59.645788749156054 -115.53433403414249
2am1fa2msa                -25.339785170857795  -72.41740154207218  -157.89909901376666
1dma1fa1msa1nta2tma       -25.515186855191132  -84.79524967449834  -198.82630494497892
2msa2tma                  -26.50461068516597   -64.10058443882735  -126.09751384777456
1nta1sa2tma               -26.700976556981914  -62.46363108919468  -119.94853104824921
2am2sa                    -27.010169907356612  -58.83605606353376  -106.74454521562659
1dma1ma1msa1nta           -27.078438946715323  -63.22335894868593  -121.23065571692534
1dma1msa1nta1tma          -27.122277491929708  -62.8696101916139   -119.89714137069666
1ma1nta1sa1tma            -27.63212405995      -63.30540533622843  -119.64877168030041
1fa2msa2tma               -27.725553995231166  -76.06453049724223  -162.12972162285763
1ma2msa1tma               -27.87085813144222   -64.18509630541666  -121.79855164861901
2sa1tma                   -27.930351504823193  -51.788907202513656 -80.0219879169203  
1fa2ma1msa1nta            -28.121306831453694  -75.63124491248163  -159.34911313405604
1dma1msa1sa               -28.39073104795534   -53.50966251862701  -84.2493089740041  
1fa1ma1msa1nta1tma        -28.437390713574132  -76.27797427010955  -160.45810349356316
1dma3msa                  -28.553246343741193  -67.93681019777432  -132.0931204208262 
1eda2sa                   -28.56006989441812   -52.913296901388094 -81.6811236185427  
1am1fa2msa1tma            -28.888762725982815  -76.94305204143166  -161.17487611945796
1dma1ma1nta1sa            -28.919671547715552  -65.07507991982857  -121.2658338829543 
1fa1ma1msa1nta2tma        -28.980126303475117  -88.73324201829382  -200.41293213196926
1am1ma1msa1sa             -29.18689089396503   -63.26317311148159  -114.2924105902008 
1dma2sa                   -29.27773324411828   -53.295543847372755 -80.556131487679   
2ma2msa                   -29.384754482889548  -66.29076424997766  -123.78336329770605
1am1msa1sa1tma            -29.643944334820844  -65.3414211536583   -119.72992392706276
3am2sa                    -29.92984337755479   -72.75876968598459  -143.6489227169059 
2am1fa1msa1sa             -30.17536716896575   -76.92702540918253  -156.80583008510933
1dma1fa1msa1nta1tma       -30.20752661951701   -78.0926918485784   -160.60763115637246
1am1fa1ma2msa             -30.667094574077055  -78.19071929389611  -159.39501834568821
2dma1msa1nta              -30.99522823942243   -67.26398014099686  -121.64598994280921
1am1ma2sa                 -31.195653075817972  -65.35269198031165  -114.56326984522478
1fa2ma1msa1nta1tma        -31.41758135971031   -91.58824486722006  -201.81339429156915
1fa3ma1msa1nta            -31.438762250210857  -90.76335906385793  -198.9756726947491 
2msa1nta2tma              -31.66236659671995   -82.71102953897207  -171.2180544771128 
1fa1nta1sa2tma            -31.870142080122605  -79.84847897861619  -160.92013046635708
1fa2ma1nta1sa             -31.874785679858178  -78.83553261327324  -157.50711699971575
1msa1sa2tma               -31.9377603281755    -69.21151991048828  -125.01680222217179
2am1fa2sa                 -32.08269926311914   -77.40973199275322  -152.02761270918742
1dma1fa1ma1msa1nta        -32.361848885630025  -79.77654672213248  -159.02967578968438
1am1eda1msa1sa            -32.36995460931212   -68.75159708620049  -122.0246267884081 
1am1eda1fa2msa            -32.626494263880886  -81.62917932774872  -164.35581104764108
1dma1fa1ma1msa1nta1tma    -32.65072752974811   -92.17768336512381  -199.65438817896035
1dma1nta1sa1tma           -32.97536505840253   -68.88714193043415  -120.44868982802366
2dma1fa1msa1nta1tma       -32.99344565029605   -93.52235872956226  -203.01496924251833
1am1dma1msa1sa            -33.06145975168329   -68.8956110375002   -120.1883323337218 
2dma1nta1sa               -33.129364298074506  -69.23170600790763  -121.08784742554585
2dma1malonic1sa           -33.19130386901088   -71.31050062808208  -127.85241240666495
1fa1ma1nta1sa1tma         -33.45934129902162   -81.30478995482554  -160.4744211158353 
1dma1ma2msa               -33.484931140439585  -70.47567751258612  -124.067571263193  
1am2sa1tma                -33.509657380287535  -67.37284657763666  -113.5776930977556 
2dma1fa1msa1nta           -33.743436179327546  -81.86006219717092  -161.38395444573288
2ma1msa1sa                -33.87397344771307   -68.9393004940357   -117.60968319951915
1ma3sa                    -34.07875803834759   -71.28174585197121  -124.77943254709332
1dma1malonic2sa           -34.12756830465514   -72.2233042762382   -127.77372453872294
3dma1malonic1sa           -34.23410942545161   -84.2368367096642   -167.70996908928635
1eda1fa2msa1tma           -34.41171588515863   -84.9127234321495   -169.38120927951158
1am1eda2sa                -34.494947214610875  -69.67234603711404  -117.985573779054  
1dma2msa1sa               -34.56581541651394   -73.48640570271527  -130.54029946616419
1fa1ma2msa1tma            -34.70062167849392   -83.08673526297207  -162.28782017308532
3sa1tma                   -34.70153601805214   -71.97033470051247  -125.00016328128771
1am1dma1fa2msa            -34.74170854850672   -82.51324278721586  -160.2265109453434 
2am1ma2sa                 -34.95526379637886   -79.5420455916319   -149.54479890999835
1ma2msa1nta1tma           -35.235345884313574  -85.73362616042141  -169.37206196849593
1fa2ma2msa                -35.2583649357548    -83.38605686149094  -161.42106968213432
1dma1fa2ma1msa1nta        -35.3845695949567    -94.57323946928955  -198.51977150468284
1fa1msa1sa3tma            -35.39381912571844   -94.85208972607506  -199.42401677102623
1dma1fa2msa1tma           -35.59423672547564   -85.20425072437502  -166.39280227739343
1ma1msa1sa1tma            -35.59699169464875   -72.09965513696079  -122.4305330941969 
1am1dma2sa                -35.68669478292577   -70.13552946853451  -115.54195769091801
1eda1msa1sa1tma           -35.758611336001195  -74.22142704136786  -129.00491599847697
1dma1fa1nta1sa1tma        -35.81461546430364   -83.2042768758547   -158.94570320826512
2dma2msa                  -36.14182838774286   -73.62386474444065  -125.71536594600272
1dma1fa1ma1nta1sa         -36.18204822624102   -83.65130885137478  -159.21268027919166
1fa1nta1sa3tma            -36.28263375849929   -95.8639938502456   -199.8368609490154 
2ma2sa                    -36.40422188071534   -70.56504094053525  -114.57594854835753
2ma2msa1nta               -36.8151464657567    -85.8179052194173   -164.3560582048309 
1fa1msa1sa2tma            -36.86633603926748   -85.76845082943328  -164.01849669679876
1eda1ma1msa1sa            -36.938549938611686  -74.75527141662315  -126.83790534255601
1dma3msa1sa               -37.068576899007894  -89.64719593251357  -176.34955235071453
2am1eda2sa                -37.17005274724215   -83.90721932880115  -156.7572248243342 
2am2sa1tma                -37.21458123403136   -82.57068055702257  -152.12510254274585
3dma1fa1msa1nta           -37.41075285404804   -97.57006523848395  -201.77532243573197
1am1fa1ma2sa              -37.41932932881173   -83.51582264248282  -154.60839615516687
2dma1fa1ma1msa1nta        -37.49485558338347   -97.3769153051253   -200.84541244985417
2dma1fa1nta1sa            -37.77389058517292   -85.62800244434038  -160.50347764336408
1eda1fa1ma2msa            -38.05299920460675   -87.30692478374112  -165.1984758644663 
1fa3ma1nta1sa             -38.42260840872768   -98.42277802963508  -201.2415549929195 
1dma1ma1msa1sa            -38.456795363803394  -75.3603145260131   -123.77500976734741
1am1fa2sa1tma             -38.477713567670435  -85.44926413227222  -157.54335255567315
1dma2msa1nta1tma          -38.56033717756509   -89.28340412850957  -170.126000170037  
1ma2sa1tma                -38.65750393446069   -75.19766003658879  -122.55628409253477
1am2sa2tma                -38.75500973267481   -85.5168759720982   -156.84006788335947
1dma1msa2sa               -38.87613413890358   -77.68301341065671  -130.15891085517538
2dma1fa2msa               -39.04488329857122   -88.3660493484931   -165.42400150839433
2am1dma2sa                -39.08836258330848   -84.21906846074853  -151.36912922066074
1dma1fa1ma2msa            -39.12709202966653   -88.27427238074597  -164.84045061596527
2eda1fa2msa               -39.139380018925294  -91.68800036201719  -176.24893625058402
3ma2sa                    -39.16590930731036   -88.44598415703513  -165.28618094816972
1ma4sa                    -39.226482056081295  -89.49785701348446  -168.6110178003912 
1am2ma2sa                 -39.31013072724454   -84.77679826586973  -152.49595015385978
2am3sa                    -39.37996387062594   -85.84867921704426  -155.85683497073623
1dma1msa1sa1tma           -39.416883314959705  -76.79008905452793  -125.35034626638151
2eda1msa1sa               -39.45316386932973   -78.32708015933167  -130.3837541171759 
1dma3sa                   -39.57492409995757   -76.96800162224099  -125.41699655230038
1dma1eda1fa2msa           -39.58296767284628   -90.61476456094533  -171.16148545446092
1msa1nta1sa2tma           -39.67991626425646   -89.47461154847406  -167.01222634400835
1eda1ma2sa                -39.81716630095616   -76.70924049534369  -123.73662315652616
1dma1ma2msa1nta           -39.85038150564651   -90.11325765473885  -168.58251265798134
2ma1msa1nta1sa            -40.1702802751679    -88.55856541759567  -162.29510361452708
1fa2ma1nta1sa1tma         -40.201726947911084  -99.94524867556174  -200.38075374031797
1fa1ma1msa1sa1tma         -40.26395786716603   -89.09828942784225  -163.79115063017662
1dma1ma2sa                -40.50898994761519   -76.17777466133703  -119.63369013406242
1am1eda1fa2sa             -40.69500186375808   -88.25936962803826  -159.53167118547745
1am1eda1ma2sa             -40.92385543324053   -88.60851599171292  -159.93513519415183
1dma1eda1msa1sa           -40.927284379606135  -79.59434285981115  -129.68994962341085
1fa1ma1nta1sa2tma         -40.927363886963576  -100.76618704828434 -200.70039631452477
1fa2ma1msa1sa             -40.98492435680237   -89.30342741345521  -162.0610533510639 
4ma2sa                    -41.15852868487127   -99.47093157947529  -195.58075765470468
2sa2tma                   -41.34034161432646   -77.92402916966239  -122.70228930115496
1dma1fa1nta1sa2tma        -41.410521751851775  -101.43760345224291 -201.33181854884623
1am1ma2sa1tma             -41.451358337071724  -88.13514558199677  -156.5781896522451 
2dma2msa1nta              -41.591818209708435  -92.11693935692892  -169.46208669133154
1dma1fa2ma1nta1sa         -41.74353096506093   -102.28408989444142 -203.0540296141191 
1ma1msa1nta1sa1tma        -41.77712598501239   -91.42229373593     -166.51070853863197
1eda2sa1tma               -41.829559291363694  -79.37031617129105  -125.9123155454198 
2ma1nta2sa                -41.892280731583014  -89.47445727337617  -159.59140211794383
2sa3tma                   -41.893784431391396  -89.7262676176615   -160.43093471879337
2dma1msa1sa               -41.99408812215552   -79.422438585083    -125.53530257508423
2eda2sa                   -42.198091739439406  -79.8597482094774   -126.31781475607852
3dma1msa1sa               -42.220420233672485  -91.3800010875566   -164.88204210530836
1eda2ma2sa                -42.28393426025286   -92.78890225011855  -169.39449267078498
1am1eda2sa1tma            -42.29169056087267   -89.99281534340116  -159.99035647245267
2ma2sa1tma                -42.43036088172812   -91.49822585572838  -164.5744255369508 
2dma3msa                  -42.52951845037751   -93.51896642334759  -171.019446496262  
1ma2sa2tma                -42.606416972354054  -91.19120661873603  -162.95418294846553
1am1dma1fa2sa             -42.634251181269065  -89.45215993979946  -157.02803541397068
1dma2msa2sa               -42.69908896018751   -93.59736468223855  -170.71365326813134
1dma1fa1msa1sa1tma        -42.86926163965836   -92.3301226683252   -165.89254076324158
1fa2sa2tma                -43.01696672895923   -91.87584714993136  -163.87348791154355
1dma1fa1ma1nta1sa1tma     -43.025673311552964  -103.03540558044915 -201.27362827030768
1dma2ma2sa                -43.04135157808196   -92.67744406824932  -166.48026996535083
1am2eda2sa                -43.04532573639881   -91.12065221217927  -161.24543510124008
1dma2sa1tma               -43.05002540140413   -78.5418648600753   -119.0402128414673 
1dma1fa1ma1msa1sa         -43.20213006157428   -91.95887434540782  -163.530921628049  
1dma1msa3sa               -43.209690066985786  -95.18688817089424  -174.332376669028  
2eda1fa1msa1sa            -43.26940035098232   -94.36360919487197  -171.37081617947945
1fa2ma2sa                 -43.30217484023888   -90.55448322521988  -158.4850188996228 
1am1dma2sa1tma            -43.363331517670304  -90.17323626086     -157.00118981387305
1eda2sa2tma               -43.70566266938113   -93.7999499438447   -168.0170628020149 
1am1dma1eda2sa            -43.842205868451856  -91.43257973517757  -159.61889608127007
1nta2sa2tma               -43.922961346572265  -92.91728715930367  -164.32777398178453
1am1dma1ma2sa             -43.97086519061122   -89.6341710902052   -153.15547844795702
1fa1ma2sa1tma             -44.13551586866379   -91.46247075984138  -158.73538450841448
1dma4sa                   -44.20067282486707   -95.1197408135049   -170.7833908713581 
1dma1eda2sa               -44.35050172766205   -81.32952571159694  -124.02825417911741
2dma1fa1nta1sa1tma        -44.38130770588759   -105.13824404779007 -203.77976301155272
2dma1fa1ma1nta1sa         -44.56289794086479   -103.96270827873377 -199.22794009011167
1dma1ma1msa1nta1sa        -44.69242914929055   -93.33472399302991  -163.1470563264641 
1eda1fa2sa1tma            -44.79365386557765   -94.92663945615641  -168.1468575895314 
2dma2sa                   -44.995562352007255  -81.17779238673393  -121.35579417906544
1dma1msa1nta1sa1tma       -45.04096527968068   -95.07114743979764  -167.80205319592275
1ma1nta2sa1tma            -45.18293658772018   -93.93306849742658  -163.50874361827437
2dma1fa1msa1sa            -45.26623629115056   -94.33639009727631  -164.58210231831225
1dma1malonic3sa           -45.34156308299862   -97.3557234571781   -174.45634873137936
1eda1ma2sa1tma            -45.36827755754348   -95.24889621775947  -167.30041475914203
1fa3ma1msa1sa             -45.62765790359117   -106.95622852491215 -205.6970337779099 
2eda1fa2sa                -45.654950828291476  -95.87458468938712  -168.4374773121722 
1am1ma3sa                 -45.75635968404822   -93.18021816457622  -159.06040073907752
1eda1fa1ma2sa             -45.87631696311291   -93.71663562930189  -160.45721504511837
3dma1fa1nta1sa            -46.038964017876424  -106.3943491273676  -202.4329535789661 
1dma2sa2tma               -46.10160023113713   -95.54664536315249  -165.83949398611077
1dma1ma2sa1tma            -46.14585390733555   -95.58216187739163  -165.81018940066375
1fa1ma1msa1sa2tma         -46.1972495848313    -106.48992176330648 -202.22261337749734
1dma1eda1ma2sa            -46.34906274173409   -96.62006398208905  -168.60976434657667
1fa2ma1msa1sa1tma         -46.6406799092656    -107.70246037191828 -204.80221520309348
1dma1ma1nta2sa            -46.6519002574496    -94.41935163165908  -160.21281695053008
2dma1ma2sa                -46.67008221009746   -96.51827508211136  -167.19165813096652
1eda1fa1msa1sa1tma        -46.69869426637888   -95.97998294283752  -165.2902521417856 
2eda1ma2sa                -46.78089757554699   -98.1804781658575   -172.3950380340919 
1dma1fa1msa1sa2tma        -46.81984472461045   -108.22517471807078 -205.95448597450877
1dma1fa2sa1tma            -46.981585290050134  -95.36226770011126  -162.26960392351282
1am2dma2sa                -47.04691944504157   -93.20256062329281  -154.80677906370747
1dma1nta2sa1tma           -47.09862575691659   -95.75614887251868  -163.19813220024224
1dma1eda1fa2sa            -47.48155609576497   -95.96583895687945  -162.6170815394139 
1dma1fa1ma2sa             -47.502520835842006  -95.30850754329003  -160.3420650924994 
2eda2sa1tma               -47.699169924715534  -100.0891958452703  -175.7170079496081 
1fa2sa3tma                -47.70517791865859   -107.70062942523509 -201.22573035938777
1fa3ma2sa                 -47.82778932992369   -108.7044338833075  -204.18126631894978
2dma1msa1nta1sa           -47.842334451153874  -97.30471697478788  -165.89764388307685
1msa1nta1sa3tma           -48.32917104719672   -110.33199332928052 -207.958484931279  
1dma1eda2sa1tma           -48.501564417616464  -99.14153130722116  -169.84728119934266
2dma1fa2sa                -49.11561611026991   -97.09380824433174  -160.91964492377105
3eda2sa                   -49.13244952436071   -100.01115979033057 -170.64803040672135
1dma1fa2ma1msa1sa         -49.20016282598954   -110.87906639592256 -206.8720562461237 
1dma2eda2sa               -49.20686408539768   -101.0852631215239  -174.0010029718465 
1dma1fa1ma1msa1sa1tma     -49.65439799660817   -110.6147223173466  -204.46192963439006
2dma1nta2sa               -50.00407358072698   -98.31001288688276  -162.01891432612504
2dma2sa1tma               -50.02635713794734   -99.00665878233849  -164.28073669055541
2dma1fa1msa1sa1tma        -50.22620500042103   -111.48822163933073 -205.47381062829209
2dma1eda2sa               -50.247932175174356  -101.24044675799087 -171.02973195567952
1fa2ma2sa1tma             -50.412694911356084  -111.58653385922662 -205.17806120255176
1am1dma3sa                -50.43247550167143   -98.82841018517502  -162.3207602987295 
3dma2sa                   -50.77738207578659   -99.82767085137311  -164.51547467841257
2ma3sa                    -50.78865282726474   -99.68189918692224  -163.9887518321945 
2dma2msa1sa               -50.968850474455394  -101.35164280346362 -168.98471349610756
1fa1msa1nta1sa3tma        -51.144008538569324  -126.09182388120098 -251.3762044030318 
3am3sa                    -51.17479129554704   -107.24979856540449 -188.07649595570484
1am3sa1tma                -51.35529812297318   -100.11782793697785 -163.55032638997682
1dma1fa2ma2sa             -51.92668906284962   -112.05407148657832 -201.66822882438132
4dma2sa                   -52.06844662071671   -113.72152092913166 -206.78542447895956
1fa2msa1sa4tma            -52.41506572708022   -138.59806688508252 -289.05920227159584
1am1eda3sa                -52.64909102907404   -103.31608914560638 -169.93794437710713
2dma1malonic2sa           -52.80679668660741   -104.45641115831677 -173.2336557828349 
1dma1fa2sa2tma            -52.841484553180635  -113.80382396216737 -204.46868827372566
1fa1ma2sa2tma             -52.87623782106675   -112.99434182216646 -201.6371088415168 
1ma1msa1nta1sa2tma        -52.87818235438317   -114.30150297610089 -206.01482683708826
2dma1fa1ma1msa1sa         -53.03601067594718   -114.9802139911335  -207.76187595115508
3dma1fa1msa1sa            -53.33740475040395   -115.61442856804933 -208.87816138639718
1eda1ma3sa                -53.35590487276204   -103.44898707256652 -168.01302095957897
3ma1msa1nta1sa            -54.30996655905619   -114.99062300805235 -203.5239189975605 
1fa1ma1msa1nta1sa2tma     -54.35336765856482   -128.24314423347823 -247.82752498631237
1dma1msa1nta1sa2tma       -54.47114026127383   -115.91162821347825 -206.07240634816128
2ma1msa1nta1sa1tma        -54.52746892871801   -116.14819995456492 -206.67694457795213
2dma1msa2sa               -54.657295808545314  -104.50191035878379 -167.17965638304742
4am3sa                    -54.70728920632973   -123.8204038226977  -231.80652227404772
1dma1fa1ma2sa1tma         -54.84165346319787   -116.39506554367836 -206.4511557281946 
3sa2tma                   -54.91185788298026   -106.50616635096958 -173.04815853688936
2am1ma3sa                 -55.24129430530593   -113.89410692546517 -196.7224974676932 
1dma1ma3sa                -55.25983149395324   -105.02372850407846 -166.9089284254072 
2dma1fa1ma2sa             -55.32451490859967   -116.76939600938931 -206.08714103975984
1fa1msa1nta1sa4tma        -55.44794978213031   -140.86200812639436 -286.48015543917376
1nta2sa3tma               -55.45053529983852   -117.02266469784081 -206.51393392005946
1ma3sa1tma                -56.08057942369487   -106.12040373912896 -167.83439314108864
2dma1fa2sa1tma            -56.77529725176282   -118.07214257479063 -205.59062660835517
3ma1nta2sa                -56.921421395847574  -118.08378222293686 -205.13956339796636
1ma1nta2sa2tma            -56.93795345234685   -118.03238057141425 -204.91171262312662
1dma1fa1msa1nta1sa2tma    -56.94768623355776   -130.2569392558653  -245.88043945070802
1dma1ma1msa1nta1sa1tma    -57.17019630444702   -118.41139275979367 -205.40397939078298
2am3sa1tma                -57.265527433832176  -117.13175644280273 -200.79231598013777
1fa1nta2sa3tma            -57.379202956683     -130.99021109263413 -246.8925310607923 
2ma1nta2sa1tma            -57.48343980277423   -118.41928332517273 -204.3798206348799 
2dma3msa1sa               -57.64176120108459   -122.81671913090395 -218.59788002708763
1fa2ma1msa1nta1sa1tma     -57.76494917774107   -130.9413892829616  -245.43498274428194
1dma2msa1nta1sa3tma       -57.76907313708216   -145.97736485727364 -295.85206010432813
1dma2ma1msa1nta1sa        -57.85260790772736   -119.38514164608205 -206.38112942533533
2dma1msa1nta1sa1tma       -58.2363970488077    -119.8673782593396  -206.71132386714683
3dma1fa2sa                -58.42437598656397   -120.22295447241049 -207.2734478821825 
1dma3sa1tma               -58.636422002571635  -108.25593825962278 -166.4246730060271 
1dma1fa2msa1sa3tma        -58.75260519445874   -146.6950318578747  -294.9603443349914 
2dma3sa                   -58.94490210595541   -108.66788766137324 -166.77171073519335
1eda3sa1tma               -59.14311203348916   -111.29337580196443 -174.91284175297915
3am1ma3sa                 -59.176548013463616  -129.93275422835723 -237.31747850046537
2am1eda3sa                -59.587898787809536  -118.57194874738343 -197.83347294793649
1dma1nta2sa2tma           -59.67814074200578   -121.84738932555774 -208.51668147980558
1fa3ma1msa1nta1sa         -59.76293079764582   -132.87296513916226 -245.2122567202399 
2ma4sa                    -59.90229263738729   -122.78259715414606 -210.90157476518013
2am1dma3sa                -60.00840752921067   -118.51359304902144 -196.22735374592105
2eda3sa                   -60.10286256019026   -114.5537738034036  -182.62925119178865
1dma2ma1nta2sa            -60.477812259458005  -120.20260658289772 -200.31794171884673
3dma1msa1nta1sa           -60.55850945785642   -122.89960563165369 -209.0930611231944 
1fa2ma1nta2sa1tma         -60.569355887011625  -133.95107953701518 -246.1235071280108 
2dma1ma1msa1nta1sa        -60.5876355713699    -122.37795007537352 -207.245730351787  
1fa1ma1msa1nta1sa3tma     -60.60097043577116   -146.17701848590514 -287.02347157415267
1fa1nta2sa4tma            -60.67722643679008   -145.62596445414238 -284.91946341700435
3am1eda3sa                -60.994603500235826  -131.63519962131977 -236.92972034479874
1dma1ma1nta2sa1tma        -61.09361739770975   -122.187783295376   -204.9108364839635 
3am3sa1tma                -61.272340914350934  -132.05602579234983 -237.40964238904976
1fa1ma1nta2sa2tma         -61.30424502538517   -135.92967775795842 -250.29492782977553
1dma1eda3sa               -61.496340725105256  -113.35101619036868 -173.92143372405502
1dma1fa1nta2sa2tma        -61.56831696117297   -135.19652549532475 -246.95022147878024
1am2ma3sa                 -61.60381237510592   -120.62353717721999 -197.9531269577892 
3am1dma3sa                -61.817643942078575  -132.72962638246827 -237.8399545191358 
1dma1fa1ma1msa1nta1sa1tma -61.96727902058046   -135.09516344059375 -245.2721261791243 
1dma1fa1msa1nta1sa3tma    -62.29284183552954   -147.27181692252634 -285.02087904585727
1am1ma3sa1tma             -62.31629473681096   -123.29792735885712 -204.53339802609386
2dma2msa2sa               -62.319863345474005  -127.15816412726417 -217.46872641688458
1fa3ma1nta2sa             -62.367068119347095  -134.05885834794026 -240.45544265823386
2dma1fa1msa1nta1sa1tma    -62.59506025642622   -135.527098622435   -244.6152552946793 
1dma1fa2ma1msa1nta1sa     -62.730780959594995  -135.40011428185971 -243.73413826055594
1fa1msa2sa3tma            -63.12870457221288   -137.57923776563257 -249.7083119010723 
2dma1nta2sa1tma           -63.74642341036815   -126.21943757039844 -209.5355162173594 
1dma1fa2ma1nta2sa         -63.777600003406405  -136.47212548891548 -243.81863318859675
1dma1fa1ma1nta2sa1tma     -63.86233572324272   -136.63230994957848 -244.0716895055344 
2dma1fa1ma1msa1nta1sa     -63.89372771559283   -137.36249636422144 -246.4154574827263 
2am2ma3sa                 -64.06902463268489   -135.93543013487943 -241.04110515499968
1am1eda1ma3sa             -64.43334285286255   -124.82531661097892 -202.55567250453737
2dma1ma1nta2sa            -64.57240025419742   -126.77837941830512 -208.63987645117766
3dma1fa1msa1nta1sa        -64.75265482754912   -139.04192807042273 -249.16744337746732
1am3sa2tma                -64.86180233815685   -125.74330567888683 -204.19756277117372
1fa2ma1msa1nta1sa2tma     -64.99405922391452   -149.74311550706625 -284.24972759820315
1am1dma1ma3sa             -65.10789974569343   -125.15816784300841 -201.40958610477887
2am3sa2tma                -65.3872719919309    -137.9038885793998  -243.22192382065185
2am1eda1ma3sa             -65.43988988152705   -135.9822672496084  -236.6002930323794 
3dma1malonic2sa           -65.44162424455862   -130.0609419014072  -216.73425341774453
1fa1ma2msa1sa3tma         -65.56513760169037   -151.75137092923978 -289.0700430206872 
2dma1fa2msa1sa2tma        -65.68512568704318   -153.20963029016275 -293.558626876072  
1am1eda3sa1tma            -65.71375827805605   -127.8514152536809  -208.41072270793   
3dma1nta2sa               -66.0346266485285    -127.13878655608278 -204.94435655669145
1fa3ma1msa1nta1sa1tma     -66.06164179125335   -151.8432745875616  -287.71300619392946
1fa1msa2sa4tma            -66.12850844324566   -153.29402135591954 -292.3545628435861 
3ma3sa                    -66.13872567377985   -127.11163133080117 -204.50412764219098
2msa1nta1sa4tma           -66.15442787611391   -153.91739928530296 -294.35844846181635
1msa1nta2sa3tma           -66.17959493084345   -142.61763667315245 -256.3744482373727 
2am1ma3sa1tma             -66.19791282329243   -137.39905445996555 -238.80979921787568
3am4sa                    -66.45408300682902   -137.20155518967658 -237.28818441231854
1am2eda3sa                -66.45675855828449   -128.7881445856765  -209.06049313032258
2dma1msa3sa               -66.49340278841555   -130.17240121238865 -213.58040725831353
2dma1fa1nta2sa1tma        -66.7693396556424    -140.06261478815577 -245.82684934564583
3dma2msa1sa               -66.92445370170753   -130.41791787248803 -212.95812232329058
1am1dma3sa1tma            -66.94943391287234   -128.3003691881604  -205.77204519569696
2dma1fa1ma1nta2sa         -66.95388395292684   -140.4753296644194  -246.5921372177268 
1fa1ma1nta2sa3tma         -66.98649067583028   -152.61983759887516 -287.2156529356819 
2dma1fa1msa1nta1sa2tma    -67.02943928004242   -153.6685844657477  -290.58911683949134
2ma3sa1tma                -67.12152321112808   -129.7376180307183  -210.0154110992633 
1dma1fa1nta2sa3tma        -67.16410458052997   -153.53574714181013 -289.69190864179325
2dma4sa                   -67.36189014161937   -131.79443688550964 -216.1078207071972 
3sa3tma                   -67.40377056167927   -129.93026453105267 -209.71488837684763
1dma1fa1ma1msa1nta1sa2tma -67.44388452335261   -152.70318640419282 -285.96109971830117
1fa1ma1msa2sa2tma         -67.47043255483732   -141.93902269128012 -249.768875182315  
2dma1malonic3sa           -67.84285093587823   -132.9111147664953  -218.2400262631927 
2am1dma1ma3sa             -68.05523524503224   -140.00087191048078 -241.30684777790697
1am3ma3sa                 -68.397519311402     -138.75471952790394 -235.97920582378674
1fa4ma1msa1nta1sa         -68.41507387557067   -152.74893286341103 -282.8571490475463 
1dma1fa1msa2sa2tma        -68.857611855492     -144.3141875032452  -253.0825948277302 
1am1dma1eda3sa            -69.01495740166865   -130.37446370907128 -205.8007925782672 
1eda2ma3sa                -69.32688805507496   -130.5127286396455  -205.2183148890127 
2am1eda3sa1tma            -69.3549231045181    -142.17731519645895 -244.24749988907465
3dma1fa1nta2sa            -69.54214758728631   -143.42018933140207 -247.7881661700231 
3ma1msa1nta2sa            -69.7631171734538    -144.02981689351145 -249.0917314091874 
1ma3sa2tma                -69.89013463957235   -132.1262937101419  -208.741100354261  
1am2dma3sa                -69.93363872775808   -130.9409171936568  -204.61941460977818
2am1dma3sa1tma            -70.18404004967306   -143.12331175847794 -244.63951604493954
1fa2ma2msa1sa2tma         -70.21926365594845   -156.10214943566825 -288.0526103619906 
3sa4tma                   -70.33512757415883   -145.9602073553251  -253.64776046080462
1eda3sa2tma               -70.33605625270866   -134.07410208083456 -213.77845322151168
1dma1fa2ma1msa1nta1sa1tma -70.35927663429175   -155.9607807926659  -287.10885178217745
1fa2ma1nta2sa2tma         -70.49308075732552   -155.6853359316592  -285.7362239626504 
1dma2ma3sa                -70.55323841283098   -132.26848891330883 -206.9939644496157 
1eda1ma3sa1tma            -70.60572780284565   -134.08014943866874 -212.89425334790755
1fa4ma1nta2sa             -70.60975941061042   -154.17051263677422 -280.26413961641185
2am2eda3sa                -70.78631513682194   -145.05825155810453 -249.10929539049252
1fa1ma1msa2sa3tma         -70.8566464750329    -157.3473408743739  -290.09121046206485
1dma3sa2tma               -70.92078134533949   -133.69307768921135 -210.53931357963137
2dma1fa1ma1msa1nta1sa1tma -70.92801296559628   -156.75039488289622 -287.8496794139248 
1fa3ma1msa2sa             -70.93628364347387   -144.58156855555717 -247.00749593014422
1dma1ma3sa1tma            -70.94327117863577   -132.89013047420303 -207.77078415335737
1am1ma3sa2tma             -70.9481066444423    -144.7233177846647  -247.44327063500134
1fa3sa3tma                -71.09219246089924   -145.93554267089348 -251.02582662993353
1am3sa3tma                -71.11039420065936   -144.78439625387546 -247.10381369352694
3dma1fa1msa1nta1sa1tma    -71.1556479401188    -158.00666445403476 -291.2997367561853 
1dma1fa1ma2msa1sa2tma     -71.19673756614793   -157.662905992358   -290.00894994415336
1fa2ma1msa2sa1tma         -71.20141837489791   -145.228397145489   -248.28770340657778
2am1dma1eda3sa            -71.21642450871877   -144.66175149008632 -246.3368337456132 
1ma1msa1nta2sa2tma        -71.28913883166388   -147.0114999311627  -253.97404360016697
2eda1ma3sa                -71.33888205210678   -134.76637934707105 -212.73686833594138
2am4sa1tma                -71.35579506598879   -144.23073736621882 -244.42375415131613
1am2ma3sa1tma             -71.39058859448414   -143.76546446952852 -242.74652314107664
3ma1nta3sa                -71.53342641005293   -145.1913820921909  -247.04999390176897
1dma1msa1nta2sa2tma       -71.55765388859436   -147.16884496161947 -253.60117750481953
2am1ma4sa                 -71.67676894832402   -143.49136697989888 -240.86734204570428
1dma1fa1ma1msa2sa1tma     -71.90799600910395   -146.72683429400786 -250.94361323270152
2ma1msa1nta2sa1tma        -71.91011195757892   -146.47068948307424 -250.07740239938605
1am1dma2ma3sa             -71.94485493493266   -144.46228799619712 -243.22466228867785
2eda3sa1tma               -72.001747902832     -137.10566786394338 -218.35961751067677
1msa1nta2sa4tma           -72.06284306407906   -159.67371314554475 -293.84829811087224
1dma1fa3ma1msa1nta1sa     -72.4309649693314    -158.05035627732286 -287.1688455750616 
1fa3ma3sa                 -72.45241385349073   -145.22410903056152 -244.07746160093976
2ma1nta3sa1tma            -72.47051227779593   -146.77466437916155 -249.2173473129831 
2dma1fa1msa2sa1tma        -72.5247162671294    -147.3445402997022  -250.94691944445648
2am2dma3sa                -72.57459694729187   -144.74785691243596 -242.07030006771592
3dma1msa2sa               -72.59549968817737   -136.18326925311703 -213.2744241664347 
1dma1fa2ma1msa2sa         -72.76725134870503   -147.047432496096   -249.13694834004656
1fa1ma3sa2tma             -72.79545246134512   -146.78473148023477 -248.16125782042644
1dma1fa1ma1nta2sa2tma     -72.80591132026166   -158.6051187555422  -287.771951821103  
1nta3sa3tma               -72.8894600282656    -148.04670486587565 -252.07863437240206
1am1eda2ma3sa             -73.00005949661136   -147.17333459015936 -248.77838367677745
1fa3ma2msa1sa1tma         -73.0186698725447    -158.57720540688024 -286.9647343093377 
2dma1fa2ma1msa1nta1sa     -73.06854164763354   -159.25106594135286 -289.0576028623579 
1dma2ma1msa1nta2sa        -73.11421490157954   -148.17084807890933 -251.74118120738206
1dma1fa3sa2tma            -73.18746425351128   -147.48829736880725 -249.20621537769648
4dma1fa1msa1nta1sa        -73.36342578858603   -160.9111537093413  -293.63651826574596
1dma1eda1ma3sa            -73.54760178318247   -135.99514217185788 -209.45007676851765
2dma3sa1tma               -73.56589456053916   -136.99062954608235 -212.72760350520147
1am1eda3sa2tma            -73.673147179652     -149.52524087572237 -254.4091688620125 
1dma1fa1msa2sa3tma        -73.70629886549432   -161.25952927256003 -293.65497369359304
2dma2msa1nta1sa2tma       -73.88300545688253   -161.17078118480276 -292.76463433853934
2am1dma4sa                -73.92749890661798   -146.23913705348969 -242.53442276326678
1dma1ma1msa1nta2sa1tma    -73.94407316844445   -150.17333545614383 -255.67419851489848
2ma3sa2tma                -73.94996816245839   -148.58080269157654 -250.31304554567564
1dma1eda3sa1tma           -74.05306698137429   -138.61889832650195 -216.55485944943604
1dma2ma1nta3sa            -74.22286886861548   -148.06560342106968 -247.66974527212867
4ma3sa                    -74.26871812250465   -148.53822559514083 -249.1011486590214 
1am1eda1ma3sa1tma         -74.27818217233289   -148.50902863123338 -248.97147898165437
1ma1nta3sa2tma            -74.34688701387495   -149.82270779827377 -253.1471433313568 
1dma1fa3ma1nta2sa         -74.3569722622633    -158.73145767196547 -282.99341073050203
1fa2ma3sa1tma             -74.36296567681711   -148.12061483223806 -247.38436745037956
2dma1fa1nta2sa2tma        -74.45397995365784   -160.11036250792677 -287.29291482268377
1dma2eda3sa               -74.45881778909825   -138.362314180471   -214.33337712972548
1am1dma3sa2tma            -74.50893606967293   -148.7150069977506  -248.88838144457674
1fa3ma1nta2sa1tma         -74.51492271421012   -160.13883763863123 -287.1840178575283 
3dma1fa1ma1msa1nta1sa     -74.60988871473819   -161.54552040161798 -291.58353743526294
1dma1fa2ma3sa             -74.63603054312989   -148.66507860668935 -248.29464384734504
1ma2msa1nta1sa3tma        -74.76400576578453   -162.60935301874997 -294.6347383961691 
1am2eda1ma3sa             -74.8368876655586    -149.2015671825502  -249.42035726106474
1ma3sa3tma                -74.90250211872626   -149.8574512148043  -251.40013112648015
1dma1fa1ma3sa1tma         -75.0859729143558    -149.0781660824723  -248.1710319224434 
2dma1ma3sa                -75.22698028362356   -137.3363946133759  -208.31599640944944
1fa4ma2msa1sa             -75.25055643811356   -161.85586964472895 -290.4756438250055 
1am1dma1eda1ma3sa         -75.52084125601687   -149.5818144425284  -248.40172123609892
1fa3sa4tma                -75.76967902551405   -163.48297712474596 -294.19184336385484
1am1dma1eda3sa1tma        -75.785632664687     -151.51849399341154 -254.009261541803  
1am3eda3sa                -75.79312035860494   -151.5590706539806  -254.1202424782907 
1dma1nta3sa2tma           -75.79393708868884   -151.8809919745545  -255.197232555401  
1dma1fa2ma1nta2sa1tma     -75.80100546160247   -161.9745200444886  -289.0273841437443 
1am1ma4sa1tma             -75.80152958200779   -150.8963701107714  -251.86932929263233
1dma1fa2ma2msa1sa1tma     -75.82917072973214   -162.79000489544705 -291.6680669646697 
2dma1eda3sa               -75.89271309622563   -139.87429620418698 -214.59528126011588
1am2ma4sa                 -75.95104179088958   -148.6302255615592  -243.76717682490903
2dma1msa1nta2sa1tma       -75.96887049113866   -152.57308726836345 -256.9318020374932 
1am2eda3sa1tma            -76.03486005857121   -151.2422530243348  -252.24683201515145
2am1eda4sa                -76.0789435042534    -149.7658734647557  -247.14717410752974
2dma1ma1msa1nta2sa        -76.08002547430806   -151.35771904012654 -252.48262138438554
2dma1fa1ma1msa2sa         -76.15408810472582   -150.57016974349972 -249.59276081934763
1am1dma1ma3sa1tma         -76.16874218906742   -149.36106622286025 -245.48825770145606
1dma3sa3tma               -76.18248532281723   -151.30277223524172 -251.95467688089533
3eda3sa                   -76.56643783207983   -143.70938638132066 -225.1985529049323 
2dma1fa1ma2msa1sa1tma     -76.60746268648654   -163.57518811445334 -291.6911803702947 
2dma1fa2ma1nta2sa         -76.64730608649552   -162.68223588506225 -288.5625684986759 
1eda1ma3sa2tma            -76.71329766814597   -151.9789351282525  -252.44218500647094
1dma1ma1nta3sa1tma        -76.73520972381812   -151.43442258771393 -250.54238760243865
2dma1fa3sa1tma            -76.73648795217741   -151.67287972473423 -251.33788955989414
1eda3ma3sa                -76.79972531530075   -151.43962180707604 -250.34343951806952
3ma3sa1tma                -76.80551572272088   -151.42463905361365 -250.273765990627  
3dma3sa                   -76.92268993053585   -140.2031148634851  -212.24358521681404
2dma1fa2ma2msa1sa         -76.96439674345311   -164.33828600350535 -293.05346054110566
3dma1fa2msa1sa1tma        -77.07262445962988   -164.77608774081455 -294.15885722296576
3dma1fa1msa2sa            -77.07480780326296   -152.4642558010528  -252.85744758442067
1am1dma2eda3sa            -77.09721238585189   -152.41473003732972 -252.61619202271362
1fa4ma1msa2sa             -77.14031439751852   -162.08090306736995 -284.89213037068976
3dma3msa1sa               -77.25968545174692   -154.93794625235023 -260.5341633427189 
2dma1fa1ma3sa             -77.31213516555727   -150.631337745348   -245.91381042957573
1eda3sa3tma               -77.37809749448206   -153.63090726535302 -255.75317716228352
2ma2msa1nta1sa2tma        -77.38998341734987   -165.21372860309202 -294.56228470789097
2dma1fa1ma1nta2sa1tma     -77.49647675442975   -163.07551180417067 -287.0334900206151 
1am2dma1ma3sa             -77.75959088257514   -151.17871205531992 -246.2489390321487 
3dma1msa1nta2sa           -77.91013315296732   -154.3749431852484  -256.464229521786  
1dma1fa3ma2msa1sa         -78.0582824073499    -164.7688702782034  -290.8287367768903 
1dma3ma3sa                -78.12374626542442   -152.0966487156693  -248.10633053865104
4am4sa                    -78.2056312118657    -157.16427617683075 -264.82859287070096
2eda3sa2tma               -78.39389161905274   -155.89041025046026 -259.924597121271  
1fa2ma1msa2sa2tma         -78.40115655772388   -165.72567687841365 -292.88787630558824
3dma1fa1ma1nta2sa         -78.65920719504356   -164.15063613431994 -286.7396576863478 
1dma1fa1ma1msa2sa2tma     -78.7005468159914    -164.58793183631497 -288.0677008890226 
3dma1fa1nta2sa1tma        -78.98938718589488   -165.49981829393073 -290.1574077064133 
1am1dma1ma4sa             -79.03566330927424   -152.34518106118776 -245.88132735632618
2dma1ma1nta3sa            -79.10519029130228   -152.90546403755434 -247.52733102883678
2dma1nta3sa1tma           -79.16075355268549   -154.78913573987666 -253.65883678391026
1am4sa2tma                -79.18830463383347   -154.4656886893208  -252.48158327970117
1am2dma1eda3sa            -79.22621859051287   -154.02788400813006 -250.8860151508534 
3dma1fa1ma2msa1sa         -79.31257480185013   -167.28296567912912 -295.0541367678112 
2eda1ma3sa1tma            -79.49452505575027   -156.61766175294179 -258.6722679773576 
1dma1ma3sa2tma            -79.56021960428916   -154.38025229348568 -250.94761928252854
2dma1fa1msa2sa2tma        -79.63220247626305   -167.893456396705   -296.029696195449  
1eda2ma3sa1tma            -80.00802186445799   -154.99401454042527 -251.50425180264688
1am2dma3sa1tma            -80.0285243842518    -153.5741674026649  -246.673295382077  
3dma2msa1nta1sa1tma       -80.13789056590758   -168.98297197176726 -297.9878631767375 
3dma1fa3sa                -80.19523497368209   -155.6750646152068  -253.1605891044448 
3eda3sa1tma               -80.20555933762807   -159.9865856503311  -267.58687342757844
2eda2ma3sa                -80.2363368012011    -156.05993051244877 -254.31357944383774
1am3dma3sa                -80.25371172232553   -154.6127104908228  -249.4013039366524 
1fa1ma3sa3tma             -80.26980244053993   -167.41902884782758 -292.2999376394768 
4dma1fa2msa1sa            -80.29823936719913   -168.6532499428722  -296.34415755649474
1dma1eda2ma3sa            -80.31380138453096   -155.6144125945866  -252.55948754038366
3dma1nta3sa               -80.43872028100304   -156.32853751885705 -254.53569423953923
3eda1ma3sa                -80.4495339228306    -157.74108706158586 -259.2371394883101 
1dma2ma3sa1tma            -80.45356800185982   -155.43200206171605 -251.47890008372343
3am1ma4sa                 -80.48754968680441   -162.53451174497604 -275.1868591563442 
1fa4ma3sa                 -80.59072694042698   -165.54946013912559 -284.95298741804345
1dma1ma2msa1nta1sa2tma    -80.69618547486607   -168.8240470237797  -295.58229598834566
1dma1eda1ma3sa1tma        -80.7051213363884    -157.77574849544908 -258.4961501210994 
4eda3sa                   -80.78022477892227   -159.02948672231287 -262.4493105609104 
1am1dma4sa1tma            -80.79403629282024   -153.79158807729254 -244.8349883752468 
2dma3sa2tma               -81.07409813674167   -156.3549557690858  -252.49323371539614
4dma1fa1nta2sa            -81.12081729341298   -167.38932314759586 -289.3459864310953 
1fa3ma1msa2sa1tma         -81.35512224584818   -168.0804827719403  -290.87828450744576
1am1eda1ma4sa             -81.71688936720602   -156.71243298915215 -251.53628583222667
1fa2ma3sa2tma             -81.72951979213394   -168.75925058469875 -291.8991473855344 
1dma1fa3sa3tma            -81.82819223485421   -169.1039653654443  -292.72437742840395
1dma1eda3sa2tma           -81.88669612701051   -160.02470899367472 -262.07617932600465
1dma2eda1ma3sa            -81.9732517618686    -158.65793408686295 -257.2016848066593 
1dma2eda3sa1tma           -82.03617364296224   -159.15686241394724 -258.66405759025656
1dma1msa1nta2sa3tma       -82.09859483561013   -171.1124382300768  -298.5538936582349 
3dma2msa2sa               -82.12299815751612   -159.97340378072113 -261.11153990440965
1dma1fa3ma1msa2sa         -82.17309466737788   -168.35243705601897 -289.04693070009057
2dma2ma3sa                -82.25703860423528   -157.50255970098078 -252.3747143939729 
1am2dma4sa                -82.32235893118195   -155.97173779574223 -247.0212271142389 
1ma1msa1nta2sa3tma        -82.40043895563576   -170.24350011139177 -294.62707078947705
1dma1fa2ma1msa2sa1tma     -82.52827243832871   -169.42200104318908 -291.44299381031   
2dma1ma3sa1tma            -82.91811128880363   -158.1830110917508  -252.4397108937848 
3ma4sa                    -83.00446532247588   -157.11384350340813 -248.56407238149683
3am1eda4sa                -83.11008053109981   -166.3983788706828  -279.35032144634954
2dma1ma2msa1nta1sa1tma    -83.1682630428113    -171.03651967053884 -294.7115768148776 
3ma2msa1nta1sa1tma        -83.18404046050273   -170.86650616457337 -294.08843100565366
2ma4sa1tma                -83.2483790036058    -158.39259846738423 -252.03494705216772
1dma1fa1ma3sa2tma         -83.59852581238374   -170.74656940920977 -292.29597047161576
2dma1eda3sa1tma           -83.96692279994022   -162.04225324487197 -261.86594145429126
1dma2ma2msa1nta1sa1tma    -84.00466291536577   -171.4263566256559  -293.21379745196293
4sa3tma                   -84.00989607779775   -161.22319954109844 -258.974688791379  
2dma1fa1ma1msa2sa1tma     -84.03038103925064   -171.73664008741616 -294.16823427272857
4ma2msa1nta1sa            -84.16650351893622   -171.07829142425908 -291.5035650003265 
1fa3ma3sa1tma             -84.19275055348407   -169.69300620348076 -286.7692626188774 
2dma1eda1ma3sa            -84.31792190251872   -159.76531354687177 -253.0517915277842 
1dma2ma4sa                -84.37456781533547   -158.75275414949283 -249.4656593469932 
3dma1fa1msa2sa1tma        -84.42720321030356   -172.23333130622632 -294.5031966966711 
1dma1fa3ma3sa             -84.54553285404108   -169.57785038091242 -285.199790464191  
2dma1fa3sa2tma            -84.69747379887849   -171.95911938644713 -292.6769934190421 
4ma1msa1nta2sa            -84.69955621869303   -171.706952785491   -291.8242380243402 
3dma1fa1ma1msa2sa         -84.76785292115528   -171.89222792407963 -292.21658562249644
3am4sa1tma                -84.80479847977404   -167.3630728320859  -276.90180899367886
1dma3eda3sa               -84.9021275578998    -164.2802249842789  -266.23544331839753
1ma4sa2tma                -84.93993897875771   -161.4938934740494  -256.76322151558037
1am1eda4sa1tma            -84.96474648534786   -162.55696852967958 -260.2455879363506 
3dma1ma3sa                -85.10156123363413   -160.29434585920535 -252.19783540331724
2dma1fa2ma1msa2sa         -85.295378566836     -172.17742046632338 -291.4037964080246 
3dma3sa1tma               -85.32448701665271   -161.13349676664802 -254.26466459989422
1dma4sa2tma               -85.40367479412816   -162.9384592109709  -260.05294119267495
4dma2msa1nta1sa           -85.49895617400762   -174.05630212154938 -297.0227937186789 
1nta3sa4tma               -85.66373601160012   -174.24913435277995 -297.11688190807035
3dma1eda3sa               -85.69834307814017   -162.52017408562824 -257.6616837399489 
3dma1msa3sa               -86.1602730806917    -163.67876278888434 -259.99828847343105
1am2eda4sa                -86.22702866070904   -162.27911683451384 -255.07995362732822
1eda2ma4sa                -86.31969200028107   -162.51309578842483 -255.5539285182927 
2ma1msa1nta2sa2tma        -86.36950474232435   -174.4090350724873  -295.2860316286866 
1am1dma1eda4sa            -86.42484645894729   -161.38263260875829 -251.40964665334906
1dma3ma2msa1nta1sa        -86.42701909027528   -173.7949578842963  -293.03350257938985
3dma1ma2msa1nta1sa        -86.44793127139565   -174.48682683048537 -295.28390259579476
2dma2ma2msa1nta1sa        -86.49192017398309   -175.11858939932426 -297.25530513257615
1dma1ma1msa1nta2sa2tma    -86.637981494423     -174.40362303663278 -294.3674041330073 
4dma3sa                   -86.68833899591118   -161.91218619886786 -252.3020197993465 
2dma1fa2ma3sa             -86.69491466809995   -173.06712102610618 -289.69379962407373
1dma1fa2ma3sa1tma         -86.89858399622608   -173.24304915845278 -289.6007551969298 
2am2ma4sa                 -86.9128420157358    -170.24139152094722 -279.4853245184678 
1dma1eda1ma4sa            -87.00879154587165   -163.76040238281712 -257.4261641336997 
2dma1msa1nta2sa2tma       -87.01911909971386   -175.507113943866   -296.79018897958434
2am1dma1ma4sa             -87.12523672822863   -170.61434319242835 -280.02383519547425
1eda1ma4sa1tma            -87.33973995654378   -164.34793336174334 -258.28674628353406
2dma2eda3sa               -87.34551954944618   -166.06253971764818 -264.01817933173334
1dma1ma4sa1tma            -87.49394691258203   -162.59210640212405 -251.88046114183285
3ma1msa1nta2sa1tma        -87.5162827995373    -173.42925134077086 -288.15350844029456
4dma1fa1msa2sa            -87.54061164578889   -175.0293127069017  -293.43854120686444
3am1dma4sa                -87.57230606488883   -170.19188823061995 -277.10743640836284
2dma1ma4sa                -87.80775002320297   -162.82927899551578 -251.62344112800815
2am1eda1ma4sa             -88.21216122154146   -173.5005835457705  -286.0587701618603 
4ma1nta3sa                -88.42339682742022   -174.6629967521876  -289.24903546636193
3dma4sa                   -88.58320498163812   -165.44136943877675 -257.78354672738794
2dma1fa1ma3sa1tma         -89.16993196017575   -175.55896542404662 -289.7502380129224 
4dma3msa1sa               -89.3042031271616    -179.29728221712867 -301.83826627283486
2eda4sa1tma               -89.54665325128008   -168.60477489532786 -265.1622392888436 
3dma1fa3sa1tma            -89.56346587080043   -176.9780723529111  -293.1900267712022 
2ma1nta3sa2tma            -89.62708338862285   -177.53305246628588 -294.8380649938556 
2dma1ma1msa1nta2sa1tma    -89.74948286253493   -177.60332357519655 -294.66322559877005
3dma1msa1nta2sa1tma       -89.88093050231691   -178.89647164786584 -298.5595879449587 
1dma2ma1msa1nta2sa1tma    -89.94751546706539   -178.245400827931   -296.1525586483141 
1dma1eda4sa1tma           -89.95047820999753   -169.2838104145776  -266.0853000318272 
2am1eda4sa1tma            -89.96799221949186   -177.55581300353515 -293.77099038578933
1ma1nta3sa3tma            -90.1194167266367    -178.51714354672004 -296.4874285427011 
1dma3ma1msa1nta2sa        -90.14781056134962   -177.57232441019733 -293.22325624373536
3dma1fa1ma3sa             -90.19085139641538   -177.44446262554266 -292.65004604532885
2am4sa2tma                -90.3529369623866    -175.02934137982083 -284.0060520440786 
1dma3ma1nta3sa            -90.62078954442404   -176.56354983034544 -288.25343044048054
2am1ma4sa1tma             -90.69405127794016   -175.929240932659   -285.8802269128414 
1dma1nta3sa3tma           -90.85225881531369   -180.2454629348358  -299.8262757663057 
2dma4sa1tma               -90.8966552343918    -168.23602424768615 -259.3975147173811 
4dma1fa3sa                -90.93346499628387   -178.63670577551238 -294.1581109491402 
1am3ma4sa                 -91.00036026141606   -175.86308048223145 -284.63095831306043
2dma2ma1msa1nta2sa        -91.0318053693045    -178.66779564658646 -293.9325516585312 
2eda1ma4sa                -91.08409991301596   -169.192047678167   -261.9753404826929 
2am2eda4sa                -91.09086921741255   -178.43568331282586 -292.9559419575222 
2am1dma1eda4sa            -91.82677596574649   -178.78674493986182 -291.665165096822  
2am1dma4sa1tma            -92.22101799293887   -176.63085299517843 -283.1119738448667 
3dma1ma1msa1nta2sa        -92.2977216548752    -180.24534527084325 -294.9777749987514 
1am1ma4sa2tma             -92.3147764345631    -180.0063287205412  -294.11890754792364
3ma1nta3sa1tma            -92.61985651578289   -179.5493474616378  -291.5629412916702 
1eda4sa2tma               -93.2602576946374    -173.0826455684728  -267.7256007827034 
2am2dma4sa                -93.52396541880444   -178.9898763075471  -286.6540697275255 
1dma2eda4sa               -93.62066400935873   -174.35314207035117 -270.7780582288952 
1am1eda2ma4sa             -93.69916722271591   -179.64006733545102 -288.24719138899263
2dma2ma1nta3sa            -93.80230988538824   -181.12754623335786 -292.8902778744955 
4dma1msa1nta2sa           -93.87607613322325   -182.6500628691865  -297.74941048236366
1dma2ma1nta3sa1tma        -93.97652631660458   -182.00148816566798 -295.2371687046771 
2dma1nta3sa2tma           -94.07277233991772   -182.62030386080733 -296.98987597025524
1dma1ma1nta3sa2tma        -94.28111952333711   -182.24972060223809 -295.04813375475123
1am1dma2ma4sa             -94.52194868749939   -179.32663975376636 -284.4363275726138 
1am1eda1ma4sa1tma         -95.36249367299024   -181.63837934282492 -289.3707384515584 
3dma1ma1nta3sa            -95.53592262975872   -183.59641285124235 -295.3563314479422 
3dma1nta3sa1tma           -96.17597825743724   -184.9717665903445  -297.8225334001506 
1am2eda4sa1tma            -96.41040203592274   -188.68141116967308 -309.4784810767422 
2dma1ma1nta3sa1tma        -96.45950482215267   -185.04039673061925 -297.10176725854467
2dma1eda4sa               -96.48854518216103   -175.38817305257544 -264.63064856640176
1am1dma4sa2tma            -96.6217874684371    -184.2457895206171  -293.8923429534104 
4ma4sa                    -96.72422433597967   -182.68157675350085 -288.30237268986195
1am2dma1ma4sa             -96.74969440232962   -183.6631945297122  -291.5093078200012 
1am2eda1ma4sa             -96.81998135801405   -185.65971646783873 -297.96993160870574
1am1eda4sa2tma            -97.07056410051882   -186.4649277042481  -299.8301646917939 
1am1dma1eda4sa1tma        -97.07413799397182   -186.03669948523748 -298.38189331408773
3eda4sa                   -97.17887225328013   -179.4096896436531  -275.80351296460634
1am2ma4sa1tma             -97.20955017290544   -183.93138570312294 -290.86646161359687
1am4sa3tma                -97.317088442971     -185.24375949020032 -294.90749973923664
1am1dma1eda1ma4sa         -97.39553534728475   -186.0831788526848  -297.45981386757364
4dma1nta3sa               -97.75676382053643   -186.40300534362905 -297.32095094024385
4dma2msa2sa               -98.04060077760369   -187.77636046870612 -300.97521278012465
1am2dma4sa1tma            -98.3598124141572    -184.39803267663228 -288.57360477161126
1am1dma1ma4sa1tma         -98.50324786745477   -183.71624146142858 -285.8057809616393 
1am3eda4sa                -98.63009990053251   -194.0381847114768  -320.0002844579712 
1eda3ma4sa                -99.06531126098707   -188.07519309176132 -298.5406065076564 
1am1dma2eda4sa            -99.25384330679663   -191.49437079997733 -309.37624515418815
2eda2ma4sa                -99.68633695179597   -192.69507892266847 -311.9528491401011 
1am3dma4sa                -99.79088090523146   -187.00325978174806 -292.5117520593453 
1am2dma1eda4sa            -99.89975189836696   -189.8102985881269  -301.56145124638886
1dma3ma4sa                -100.04572021425702  -187.4162245823536  -293.0421075556764 
4sa4tma                   -100.18622722197324  -189.56109777803067 -299.76478469260786
1dma1ma4sa2tma            -100.67547261156142  -189.24325724918162 -297.0578052549823 
2ma4sa2tma                -100.84486410440877  -188.04145198169863 -292.45878878652525
1eda4sa3tma               -101.71615121734794  -191.23297049163375 -300.2408830233034 
1ma4sa3tma                -101.86319601733703  -191.20951077889185 -299.6690080861978 
1dma4sa3tma               -102.17192915256601  -192.51615682488773 -303.01602439225644
1dma1eda2ma4sa            -102.23690996947698  -190.41565723228268 -295.7529675089698 
2dma2ma4sa                -102.6270646022167   -191.20917158946395 -297.10584265515007
3ma4sa1tma                -102.9548545301659   -190.2680488442711  -292.84988869105086
1eda1ma4sa2tma            -103.44210847420618  -193.47593655477976 -301.9749390559997 
4dma1msa3sa               -103.536801321432    -192.9322559442371  -299.83382399140646
1dma2ma4sa1tma            -103.54378233582247  -191.95247140849824 -296.5241961184688 
2dma1ma4sa1tma            -103.6205861348426   -192.77035049462575 -299.00977481012785
1dma1eda4sa2tma           -103.6337683943566   -194.51720145967556 -304.8245281400543 
1eda2ma4sa1tma            -103.79179584572557  -194.26296427843045 -303.4417857862416 
2eda1ma4sa1tma            -104.47023294947576  -199.0280166475277  -317.1483605504483 
2dma4sa2tma               -104.55966464383528  -193.91110559127992 -299.6862013979185 
2dma1eda1ma4sa            -104.63920016260818  -195.20010010735132 -303.74274675121626
3eda4sa1tma               -105.05316792998929  -199.31636004938628 -316.16029555538887
1dma1eda1ma4sa1tma        -105.08307865064126  -196.02126256513293 -305.0081633867537 
3dma4sa1tma               -105.08594090992119  -194.2567710778385  -299.08042987620854
2eda4sa2tma               -105.23122126492672  -200.49954930966487 -319.5315379663715 
1dma2eda1ma4sa            -105.95120363659225  -199.549732681131   -313.9310046753831 
3dma1ma4sa                -106.28431923524477  -195.5287048134487  -299.32713593125914
3eda1ma4sa                -106.79606808279641  -200.6266635588836  -314.7093593002136 
4dma4sa                   -107.6623192303814   -196.8843958263751  -299.2523112367559 
3dma1eda4sa               -107.77350301365368  -199.9671366326511  -309.2189623282858 
1dma2eda4sa1tma           -108.35855441738386  -200.39363207362476 -308.6871630257418 
2dma1eda4sa1tma           -108.39900228509214  -200.18200574626098 -307.8417020330478 
4eda4sa                   -108.80618557124399  -203.8776025341358  -318.8710949605059 
1dma3eda4sa               -110.45703563513234  -202.80527164950036 -309.7375013044476 
2dma2eda4sa               -110.51854076539166  -204.0202720060479  -313.60634325083913
