#CLUSTER  dG_298.15K_[Eh] dH_298.15K_[Eh] dS_298.15K_[Eh/K]
1am                       -56.46367064674521  -56.44182246560134  7.32791586244093e-05  
1w                        -76.33800253919222  -76.31658848583763  7.182308688436955e-05 
1ma                       -95.66400581007355  -95.63671607758468  9.153021126570281e-05 
2am                       -112.92148665014471 -112.88678968798897 0.00011637418130386775
1ml                       -115.53275727942624 -115.50572905890412 9.065309583136314e-05 
1dma                      -134.8697332523084  -134.83896255483123 0.00010320542504501294
1dma1p                    -135.2225214919792  -135.1914411114007  0.00010424410725632145
1mea1p                    -135.22858641913353 -135.1974368268585  0.00010447624442407693
1am1ma                    -152.1204127655731  -152.0824584875625  0.00012729927221386372
1etox                     -153.5203346493987  -153.49284337502127 9.220618607225151e-05 
1acal                     -153.56597266792866 -153.53614855600685 0.00010003056153553732
1dme                      -154.73360078974576 -154.7036546793979  0.00010043974626162928
1tma                      -174.07893669031748 -174.04642976487034 0.00010902876219083506
1p1tma                    -174.44043358014133 -174.40646670020303 0.00011392547354795433
1p1propa                  -174.44635075002324 -174.4117826687993  0.00011594191254047396
1ipropa1p                 -174.45312838086306 -174.41885112459317 0.00011496648086498119
1fa                       -189.50529263456275 -189.47711119107146 9.452102462281888e-05 
1eda                      -190.138590534254   -190.1049592748005  0.00011279979692600499
1pxml                     -190.57356558392132 -190.54291124587814 0.00010281515359084279
2ma                       -191.32008069429645 -191.27776815722052 0.00014191694474558443
1am1dma                   -191.32661549755863 -191.28422898037235 0.00014216507525165146
1acon                     -192.79347606905375 -192.759276435801   0.00011470613198959885
1dma1p1w                  -211.57330209660338 -211.5328630753185  0.00013563314199192516
1mea1p1w                  -211.57951972293043 -211.5397197616484  0.0001334897242395251 
1dmea1p                   -213.6616426190292  -213.62435067660712 0.00012507778776471782
1buta1p                   -213.66331028085065 -213.6253890263258  0.00012718851089999384
1ibuta1p                  -213.66601919813132 -213.62840731742915 0.00012615086601440255
1dea1p                    -213.66858971235962 -213.63051329839845 0.00012770891819950363
1p1sbuta                  -213.6708322885663  -213.63322207086551 0.00012614528828021595
1mf                       -228.70635683574645 -228.67416198257862 0.00010798206663706399
1dma1ma                   -230.52450657424464 -230.4800416437002  0.00014913610781315645
1am1tma                   -230.53601447801813 -230.49331852754287 0.00014320291958837283
1am1eda                   -246.59423673653689 -246.55196830825864 0.00014176900311337084
1dma1ml1p                 -250.7694391842996  -250.72574655541152 0.00014654579536502426
1mea1ml1p                 -250.77632206120927 -250.73273173493067 0.00014620267073171798
1p1tma1w                  -250.78932968371166 -250.74655580709842 0.0001434642851358032 
1p1propa1w                -250.797221077145   -250.75350772540324 0.00014661530015670215
1ipropa1p1w               -250.80251939584673 -250.76020859441405 0.00014191112336971477
2dma                      -269.7307310199425  -269.68457611328006 0.00015480431548689006
1ma1tma                   -269.73464986218056 -269.68901902865576 0.00015304656557060765
1nta                      -280.53813419217414 -280.5079943567346  0.00010108950340291773
1fa1ma                    -285.171429430965   -285.1321409857125  0.00013177409106977173
1eda1ma                   -285.79392078586847 -285.74923699649145 0.0001498701639341282 
3ma                       -286.97529243262204 -286.92503850107425 0.00016855251231854797
1dma1p2w                  -287.9202713915177  -287.87079786163423 0.0001659350323108964 
1mea1p2w                  -287.9268066999646  -287.8781779409949  0.0001631016567823636 
1ml1p1tma                 -289.98576758809224 -289.939255162205   0.00015600344084274194
1ml1p1propa               -289.99359999711993 -289.946372647593   0.00015840130647983323
1ipropa1ml1p              -289.99904481013914 -289.95320043226855 0.0001537627968155047 
1dmea1p1w                 -290.0093527816397  -289.9633738479695  0.0001542140991788439 
1dea1p1w                  -290.0161136782613  -289.96997630694506 0.0001547455016476014 
1IIebuta1p                -292.0985677775974  -292.05471428992075 0.00014708531838552788
1p1tea                    -292.1027637389981  -292.05901094587205 0.00014674758720795413
1dpropa1p                 -292.1028355406423  -292.05850760031484 0.00014867664037377317
1ipropea1p                -292.1131468665254  -292.069491732923   0.000146420035561059  
1dma1tma                  -308.94149810443685 -308.8922677639531  0.0001651193710674212 
1dma1fa                   -324.3779962198482  -324.3356535966028  0.00014201785425268617
1dma1eda                  -324.99994167613954 -324.9524339261419  0.00015934177426684928
1p1tma2w                  -327.13128044272935 -327.0808920456668  0.00016900351186515934
1p1propa2w                -327.14270376778967 -327.09148020182175 0.00017180468209925247
1ipropa1p2w               -327.14881314195475 -327.0977249451014  0.0001713506518645422 
2tma                      -348.14813113220515 -348.09811314484756 0.00016776115162683397
1fa1tma                   -363.5892034834942  -363.54479217901655 0.0001489562451036732 
1eda1tma                  -364.2088657169564  -364.15868956089804 0.00016829165204890846
1dma1p3w                  -364.2603589385957  -364.2038018896435  0.0001896932716826013 
1mea1p3w                  -364.2700827074612  -364.2133538162606  0.0001902696334077804 
1dma2ml1p                 -366.3111963671101  -366.25518025976606 0.0001878789446389033 
1mea2ml1p                 -366.31796575967917 -366.2626070067412  0.00018567416715736907
1dmea1p2w                 -366.3503242701229  -366.2972873582132  0.00017788667418983133
1dea1p2w                  -366.3606938644894  -366.3064518202281  0.00018192870790286158
1ma1nta                   -376.2077428878825  -376.16727032247417 0.00013574564953328685
2fa                       -379.0158536037354  -378.9773274097598  0.00012921748775984892
2eda                      -380.2697498043597  -380.22116707326614 0.00016294727852956674
1fa2ma                    -380.83108311948143 -380.7809570844004  0.00016812354546727625
1acan                     -381.11005505425004 -381.0686723829005  0.00013879815981757403
4ma                       -382.6309017044945  -382.57115136158404 0.0002004036320994082 
1p1tma3w                  -403.4702725371653  -403.4123138017903  0.000194394550980927  
1p1propa3w                -403.48340018778634 -403.42474845569694 0.0001967188733503974 
1ipropa1p3w               -403.48810551771123 -403.4335185936844  0.000183085440304711  
3dma                      -404.59397877209085 -404.53473114999565 0.00019871749822265362
2ml1p1tma                 -405.5226407525876  -405.46494178656184 0.00019352328031411222
2ml1p1propa               -405.5341473114205  -405.47604232883714 0.00019488506652168573
1ipropa2ml1p              -405.53973148554684 -405.4825383761768  0.00019182662877753563
1nona1p                   -409.74277235754806 -409.69168326656023 0.0001713536508061668 
1dbma1p                   -409.75017788654424 -409.69780198310656 0.00017566964091128538
1p1tpropa                 -409.7540628836709  -409.7023846111869  0.00017332977522703733
1dma1nta                  -415.4150776878878  -415.3715436517714  0.00014601387260263803
1malonic                  -417.0458626656656  -417.00711958416844 0.00012994493207155628
1dma1fa1ma                -420.0382615599835  -419.98576457976486 0.00017607573442407772
1am2fa                    -435.47711055573114 -435.4302126093374  0.0001572964829573426 
1dmea1p3w                 -442.6882384020382  -442.6288900343948  0.0001990554004475452 
1dea1p3w                  -442.7007825289625  -442.6393916214726  0.00020590611266138408
1dpenta1p                 -448.9678536488671  -448.9123300206815  0.0001862271614478501 
1nta1tma                  -454.62488794269086 -454.57939073759906 0.00015259837360987775
2dma1fa                   -459.2430316158552  -459.1876810377589  0.00018564674860427702
1fa1ma1tma                -459.2454304063052  -459.1912122217276  0.00018184868213179614
1fa1nta                   -470.04522031874734 -470.00466052562325 0.00013603821272534526
2ma1nta                   -471.8681262552364  -471.81859222094516 0.00016613796508911028
2fa1ma                    -474.67846561467104 -474.6291873496102  0.00016528011088638844
1dma3ml1p                 -481.84641818367766 -481.78266565855256 0.0002138270170219131 
1mea3ml1p                 -481.85588544582737 -481.78901559705133 0.00022428257177927672
2am2fa                    -491.936410784393   -491.8820014119552  0.00018248992935708167
1dma1fa1tma               -498.4532352019576  -498.3958264794957  0.0001925497986315044 
1dma1ma1nta               -511.0789464496062  -511.0262283176711  0.00017681748091609252
1dma2fa                   -513.8868240207278  -513.8354068881652  0.00017245390763903878
3ml1p1propa               -521.0720075216467  -521.0021992741716  0.00023413800930756684
1ipropa3ml1p              -521.076459355757   -521.0085481015382  0.00022777546274961537
1am2fa1ma                 -531.1389555520734  -531.0842660807887  0.00018342938549284772
1fa2tma                   -537.6586423978787  -537.5989217552691  0.0002003040168024894 
4dma                      -539.4582857822139  -539.3860061560887  0.00024242705391725716
1ma1nta1tma               -550.2838413597586  -550.2277732091842  0.00018805349848875509
2dma1nta                  -550.2852271232427  -550.229452564226   0.0001870687875793945 
1dma1malonic              -551.9220305770275  -551.8709446366256  0.00017134308368923275
2fa1tma                   -553.0935091479431  -553.0398319860243  0.00018003408324327236
2nta                      -561.0728319045207  -561.0300223917478  0.00014358380940048625
1eda2fa                   -569.1533651518328  -569.1001897172519  0.00017835128150583477
2fa2ma                    -570.3398960646249  -570.2810604725281  0.000197335542837399  
1am1dma2fa                -570.347235703485   -570.289189614235   0.0001946875373127607 
1dma1nta1tma              -589.4949829219441  -589.4366586021193  0.00019562072723326742
1p1tbuta1w                -603.7448420237893  -603.674289268873   0.00023663509950090108
1dma2fa1ma                -609.5487715403773  -609.4866308952027  0.0002084207451767903 
1am2fa1tma                -609.5521292175415  -609.4910477203975  0.0002048683452753116 
1am1eda2fa                -625.6150990245214  -625.5568004485069  0.00019553438207142878
1nta2tma                  -628.6985768643522  -628.6378729450169  0.00020360194309972297
2fa1ma1tma                -648.7556580350125  -648.6925726058486  0.00021158956620525581
2dma2fa                   -648.7614788340195  -648.6973760351832  0.00021500184080679133
1ma2nta                   -656.7464979656141  -656.6954356282669  0.00017126391865642887
1msa                      -663.529616284852   -663.4936519460118  0.00012062498353195923
1eda2fa1ma                -664.8167174461711  -664.7550085331549  0.00020697270842266565
2dma1malonic              -686.79055668782    -686.7264265729258  0.00021509345931317687
1dma2fa1tma               -687.9611378474236  -687.8945436167108  0.00022335814426636185
1dma2nta                  -695.9587446134786  -695.9043709730728  0.0001823700835349447 
1sa                       -699.4484932224547  -699.4146829107384  0.00011340034115750205
1dma1eda2fa               -704.0276077769845  -703.9619392762418  0.00022025323073244206
2fa2tma                   -727.1661972811223  -727.0974650137803  0.00023052915425798815
2nta1tma                  -735.1692246623852  -735.1122605085643  0.0001910587081034723 
1am1ca                    -741.9698122453422  -741.9298958797979  0.00013388014604780114
1eda2fa1tma               -743.2303438846403  -743.1631098067936  0.0002255042020680757 
2ma2nta                   -752.4294904102637  -752.3704537477295  0.00019800993638908232
1am1sa                    -755.9219116464756  -755.8802194124667  0.00013983643806451078
1ma1msa                   -759.199659130152   -759.1550322608812  0.0001496792529621486 
2eda2fa                   -759.292702670664   -759.2277523082383  0.0002178445830141232 
1ca1ma                    -781.1717475051151  -781.1297211960695  0.0001409569312281055 
1dma1ma2nta               -791.6420606762262  -791.5792924837643  0.0002105255490925746 
1ma1sa                    -795.124603582511   -795.0797806087559  0.0001503369906261209 
1dma1msa                  -798.4091658889962  -798.361950000024   0.0001583628675908005 
2am1ca                    -798.4324508067115  -798.388293007209   0.00014810598525072122
2am1sa                    -812.3908993296061  -812.3425777116154  0.00016207150089149258
1am1pcla                  -817.0191321463406  -816.9783018648986  0.00013694543498879363
1ca1dma                   -820.3830261635477  -820.3387961609056  0.00014834815576657403
3dma1malonic              -821.6577768915248  -821.5822771842489  0.0002532272590158907 
1ma2nta1tma               -830.8453913757918  -830.7803285477099  0.00021822179467277683
2dma2nta                  -830.8538975582549  -830.7879764183381  0.00022110058667427126
1dma1sa                   -834.3363883635518  -834.2882589502799  0.00016142684310560505
1am1ca1ma                 -837.6398294084237  -837.592726876179   0.00015798266726410766
1am1ma1sa                 -851.5928087016313  -851.5423643395117  0.0001691912195864154 
1fa1msa                   -853.0412148294698  -852.9962262627315  0.00015089239221272017
2ma1msa                   -854.869273653303   -854.8166880776198  0.00017637288506913937
1ma1pcla                  -856.2246542262179  -856.1815117243676  0.0001447006602393416 
1ca1tma                   -859.5947678575063  -859.5475238830116  0.00015845706689478794
1dma2nta1tma              -870.0568386535768  -869.9886358504644  0.0002287533225300085 
2am1pcla                  -873.4877496762491  -873.4422135098199  0.00015272905057637522
1sa1tma                   -873.5478766019705  -873.4981574321437  0.00016675891271821487
1ca2ma                    -876.8406815326637  -876.7896600742288  0.00017112681011225076
1am1ca1dma                -876.8516879053293  -876.800811344661   0.0001706408206218674 
1fa1sa                    -888.9618818017436  -888.9179768568049  0.00014725790688915685
1eda1sa                   -889.6047057114993  -889.5562021585642  0.00016268171368501392
2ma1sa                    -890.7941272784379  -890.7402526495983  0.00018069639054006832
1am1dma1sa                -890.8038757348475  -890.7498297633288  0.0001812710767018816 
1dma1ma1msa               -894.0807057419564  -894.0245851915048  0.00018822924853823596
1dma1pcla                 -895.4363535324311  -895.39035130177    0.00015429223766974268
2nta2tma                  -909.2594040313235  -909.18838309617    0.00023820538371111907
1am1ma1pcla               -912.6953715659528  -912.6468759254707  0.00016265517518745912
1ca1dma1ma                -916.0529390799564  -915.9976834162456  0.00018532840419535125
1am1ca1tma                -916.0563563604288  -916.002285700952   0.00018135388051933218
1dma1ma1sa                -930.0056784470187  -929.9485202357023  0.0001917095801322139 
1am1sa1tma                -930.0125872038998  -929.9568547926201  0.00018692742337663449
1ma1msa1tma               -933.2842193219927  -933.2252754635707  0.00019769866987169742
2dma1msa                  -933.28759225924    -933.2285306289957  0.00019809367849779093
1pcla1tma                 -934.649420980696   -934.6010425428074  0.00016226207576313935
1msa1nta                  -944.0692895498663  -944.0219169024082  0.0001588886381284167 
1am1eda1sa                -946.0718304041825  -946.0162290846583  0.00018648773947388143
1fa1ma1msa                -948.7184187177628  -948.6647848791241  0.0001798887762496536 
2ma1pcla                  -951.8964801657302  -951.8451093704788  0.0001722984915348334 
1am1dma1pcla              -951.9076572450658  -951.8553887149658  0.0001753095089717128 
1ca1ma1tma                -955.2554726681412  -955.1990458026744  0.0001892566341329294 
1ca2dma                   -955.2591357080537  -955.2028232500763  0.00018887290953361016
2dma1sa                   -969.2118480965498  -969.151789859716   0.00020143631337828688
1ma1sa1tma                -969.2135420769849  -969.1552969528142  0.00019535510370908424
1dma1msa1tma              -972.4945511510671  -972.432546916111   0.00020796322306230666
1nta1sa                   -979.9886826454555  -979.9423919760189  0.00015525966606220318
1fa1ma1sa                 -984.6423282156268  -984.5887012428041  0.00017986574818893052
1eda1ma1sa                -985.273541669667   -985.2165954850508  0.00019099843909457676
3ma1sa                    -986.4607185320632  -986.3980685851919  0.00021012895143788759
1dma1fa1msa               -987.930135618608   -987.8732117300466  0.0001909236577618242 
1dma1ma1pcla              -991.1083977327427  -991.0535412241701  0.00018398963130140448
1am1pcla1tma              -991.1124903376393  -991.0566605767305  0.0001872539356323616 
1ca1dma1tma               -994.4664065225024  -994.4070142098258  0.00019920279281104524
1dma1sa1tma               -1008.4204317793859 -1008.3581805587065 0.00020879161723773624
1msa2tma                  -1011.697170192178  -1011.6326638170865 0.00021635544219815353
1dma1fa1sa                -1023.8544756340946 -1023.7972668797486 0.0001918791022836507 
1dma1eda1sa               -1024.4852269082037 -1024.4248913237304 0.00020236654192072284
1fa1msa1tma               -1027.1365532571483 -1027.0774359236736 0.00019828050804897505
1ma1pcla1tma              -1030.3123765898733 -1030.25386577115   0.00019624624760509755
2dma1pcla                 -1030.3159433158967 -1030.2578764944988 0.00019475707327741237
1ca2tma                   -1033.669115682097  -1033.6070249150634 0.00020825345307275614
1ma1msa1nta               -1039.7493845567215 -1039.6938605077985 0.00018622857260710443
1fa2ma1msa                -1044.3874800693625 -1044.3246771505742 0.0002106420217627501 
1sa2tma                   -1047.631880892576  -1047.5681964368166 0.00021359871124981546
1fa1sa1tma                -1063.0610747309386 -1063.0030075201719 0.00019475837922762915
1eda1sa1tma               -1063.6909869778278 -1063.627970473805  0.0002113583901503711 
1dma1pcla1tma             -1069.5246783591303 -1069.462703292338  0.00020786539256226427
1ma1nta1sa                -1075.6723361717397 -1075.6167912261442 0.00018629866039145728
1dma1msa1nta              -1078.9619190017027 -1078.9032993952817 0.00019661112333036322
2eda1sa                   -1079.7528111579195 -1079.6910080569774 0.00020728861627528362
1fa2ma1sa                 -1080.3106389447948 -1080.2465683240298 0.00021489391502596658
4ma1sa                    -1082.1248073706347 -1082.0530844343548 0.00024055990702638255
1dma1fa1ma1msa            -1083.598429432109  -1083.5316647193565 0.0002239299438290312 
3dma1sa                   -1104.0839316007518 -1104.0126639165924 0.00023903298393272685
1pcla2tma                 -1108.7263885630225 -1108.6628321243873 0.00021316933971184197
1dma1nta1sa               -1114.8848204416706 -1114.8258828241112 0.00019767773791546983
1malonic1sa               -1116.5032965795947 -1116.4512453946984 0.00017458052958755775
1msa1nta1tma              -1118.1726093628029 -1118.1115178497982 0.00020490193863507313
1dma1fa1ma1sa             -1119.5213879342361 -1119.4558116214341 0.00021994403086427795
1fa1ma1msa1tma            -1122.8014384138467 -1122.732740675164  0.00023041334456788635
2dma1fa1msa               -1122.8087991334423 -1122.7396795710574 0.0002318281481975237 
2ma1msa1nta               -1135.4336201520443 -1135.3691790390783 0.0002161365519584189 
1nta1sa1tma               -1154.0947294648943 -1154.03455319319   0.00020183220427440218
1fa1ma1sa1tma             -1158.7283855908413 -1158.6628542233352 0.00021979328360267325
2dma1fa1sa                -1158.7305436076022 -1158.6632590552208 0.00022567349448683027
1dma1fa1msa1tma           -1162.008484981066  -1161.9374516875077 0.00023824683400384394
2ma1nta1sa                -1171.354796973554  -1171.2911620180073 0.00021343268672305827
1dma1ma1msa1nta           -1174.644642223852  -1174.578078810361  0.00022325478279793692
1dma1fa1sa1tma            -1197.9394695150322 -1197.8707971940125 0.0002303280933074428 
1fa1msa2tma               -1201.2097485977465 -1201.1363344684523 0.0002462321961899069 
1dma1ma1nta1sa            -1210.5664533826473 -1210.5020607107342 0.00021597407986914145
1ma1msa1nta1tma           -1213.8467676327905 -1213.7770587049513 0.00023380488961677022
2dma1msa1nta              -1213.8566115315327 -1213.7867644937821 0.00023426811252906903
1fa1sa2tma                -1237.144621137336  -1237.0727249288088 0.00024114106499004297
4dma1sa                   -1238.9522318690958 -1238.871707718238  0.00027007932536564523
1ma1nta1sa1tma            -1249.7736049619596 -1249.7067077357167 0.00022437439625275823
2dma1nta1sa               -1249.7788894665148 -1249.7109312616315 0.0002279329360492185 
1dma1malonic1sa           -1251.395466936864  -1251.3316452663776 0.00021405893169906487
1dma1msa1nta1tma          -1253.0596429659854 -1252.9872287573025 0.00024287844602727919
1dma1nta1sa1tma           -1288.987847488582  -1288.9178493681964 0.00023477484617002593
1msa1nta2tma              -1292.258654740078  -1292.1854428749223 0.000245553798946448  
1fa2ma1msa1nta            -1324.9458693490865 -1324.8727169530998 0.0002453543383771191 
2msa                      -1327.0681549633878 -1327.0177689056018 0.0001689956658935432 
1nta1sa2tma               -1328.1870519488948 -1328.115079956512  0.00024139524528969428
1fa2ma1nta1sa             -1360.8707278976908 -1360.7988543279962 0.00024106513397561237
1msa1sa                   -1362.9904241773463 -1362.9417518999023 0.00016324761846070029
1dma1fa1ma1msa1nta        -1364.158354594956  -1364.0815694574244 0.0002575386132196778 
2ca                       -1370.9978833976438 -1370.9522683543933 0.0001529936047305924 
1ca1sa                    -1384.95575016202   -1384.9094959935353 0.00015513724126926   
2dma1malonic1sa           -1386.2867166480141 -1386.213369293339  0.0002460082330194921 
2sa                       -1398.9061046808038 -1398.8566537989436 0.00016585907046857816
1dma1fa1ma1nta1sa         -1400.0833194705297 -1400.0087753123576 0.00025002233161878297
1fa1ma1msa1nta1tma        -1403.3613039462564 -1403.2834612798526 0.0002610855824375717 
2dma1fa1msa1nta           -1403.3662837594038 -1403.2871362621836 0.0002654620064402839 
1am1msa1sa                -1419.4710566938843 -1419.4174400089482 0.00017983124244766834
1fa3ma1msa1nta            -1420.6151619154289 -1420.533547838345  0.0002737349558389786 
1ma2msa                   -1422.7517654680028 -1422.693070124316  0.00019686514736458685
1am2ca                    -1427.474524522526  -1427.423347371636  0.0001716490051659412 
1fa1ma1nta1sa1tma         -1439.2881839541    -1439.2125030679294 0.0002538349360085168 
2dma1fa1nta1sa            -1439.2915837012085 -1439.2141718838554 0.00025964050764023004
1am1ca1sa                 -1441.436539978575  -1441.3848604489265 0.00017333399177652388
1dma1fa1msa1nta1tma       -1442.5698523087194 -1442.4885997234778 0.0002725225062600063 
1ca1pcla                  -1446.0430587845945 -1445.9963651557832 0.00015661119842883854
1am2sa                    -1455.3914743096716 -1455.3379613871298 0.0001794832216731182 
1fa3ma1nta1sa             -1456.5451684351344 -1456.466784990079  0.0002628993629221808 
1ma1msa1sa                -1458.68079008117   -1458.623543932833  0.00019200452234448794
1dma1fa2ma1msa1nta        -1459.8271774667955 -1459.7418658091228 0.00028613670190588946
1pcla1sa                  -1459.9989620338874 -1459.9512267850828 0.0001601048090033964 
1dma2msa                  -1461.964119963979  -1461.9019687730247 0.00020845611589673905
2ca1ma                    -1466.6832148138262 -1466.6294820045016 0.00018022072555550815
2am1msa1sa                -1475.9431571144123 -1475.8842428876715 0.00019759928472487114
1dma1fa1nta1sa1tma        -1478.4976648033548 -1478.4177766014946 0.0002679463419774583 
1ca1ma1sa                 -1480.6457155717146 -1480.590774968003  0.00018427168777985473
1fa1msa1nta2tma           -1481.7681543514377 -1481.6845214101968 0.0002805062594038317 
2am2ca                    -1483.9588453546926 -1483.90120478175   0.00019332742895373365
1ma2sa                    -1494.6006358388333 -1494.5438880736185 0.00019033293716160123
1dma1fa2ma1nta1sa         -1495.7561881589302 -1495.6751849229502 0.0002716861847397002 
1dma1msa1sa               -1497.8930867362142 -1497.8325713664767 0.0002029695446501892 
2am1ca1sa                 -1497.9128407965027 -1497.8545575999565 0.00019548279908270926
1fa2ma1msa1nta1tma        -1499.0300590414267 -1498.9445760783951 0.00028671126289146005
2dma1fa1ma1msa1nta        -1499.0362678985116 -1498.9485802743088 0.00029410573269456633
2msa1tma                  -1501.1692507442722 -1501.1048753998075 0.00021591596332275824
1am1ca1pcla               -1502.5260973679644 -1502.4736637601338 0.00017586318239240213
2ca1dma                   -1505.896413239892  -1505.8394487698347 0.00019105976876617096
2am2sa                    -1511.867371628082  -1511.806772943559  0.0002032489838099114 
1am1ma1msa1sa             -1515.1522987152898 -1515.0876907236966 0.00021669626561556714
1am1pcla1sa               -1516.4868535104026 -1516.433642605499  0.00017847024955065127
1fa1nta1sa2tma            -1517.7005822580552 -1517.619895952006  0.0002706231965437677 
2ma2msa                   -1518.4340722599684 -1518.3663781943221 0.00022704700870677683
1ca1dma1sa                -1519.8595982092274 -1519.8005150663666 0.00019816583216683973
2pcla                     -1521.0868727640905 -1521.0389902437264 0.00016059876023596386
3dma1malonic1sa           -1521.1581117339017 -1521.0729314884613 0.00028569594311713206
1am2ca1ma                 -1523.1648645417297 -1523.1054132956285 0.00019940045648661654
1dma2sa                   -1533.8133772163756 -1533.7532611078605 0.00020163041594869468
1fa2ma1nta1sa1tma         -1534.9629345504916 -1534.8789249138065 0.00028176970211382576
2dma1fa1ma1nta1sa         -1534.9664085947857 -1534.8801064764662 0.0002894587231915735 
1msa1sa1tma               -1537.0971098678356 -1537.0343395100863 0.00021053281150120018
1am1ca1ma1sa              -1537.1208286214212 -1537.0589993041938 0.00020737654612686243
1dma1fa1ma1msa1nta1tma    -1538.2377516474457 -1538.1477618953704 0.00030182710741294796
3dma1fa1msa1nta           -1538.2418613131335 -1538.1511345587423 0.00030429902529441154
1ca1ma1pcla               -1541.7350606738312 -1541.6798448437687 0.00018519480148360113
2ca1tma                   -1545.1029757533993 -1545.04367124388   0.0001989082995792877 
1am1ma2sa                 -1551.0743768522204 -1551.012051583051  0.00020903997708957922
2ma1msa1sa                -1554.3601032971767 -1554.2916299137607 0.0002296608533167435 
1am1dma1msa1sa            -1554.3642007397302 -1554.2989131547247 0.00021897563309052336
1ma1pcla1sa               -1555.6964570867742 -1555.639864901624  0.0001898111190700486 
1dma1ma2msa               -1557.6463338170322 -1557.5752938241665 0.00023826930359089932
2am1ca1pcla               -1559.0121082296923 -1558.953714226107  0.0001958544477118003 
1ca1sa1tma                -1559.065097377323  -1559.0050059622943 0.00020154759358914659
2ca2ma                    -1562.3742572521414 -1562.310053431063  0.0002153406710660129 
1am2ca1dma                -1562.3770288890332 -1562.3135781126948 0.00021281494663166536
3am2sa                    -1568.3356951186706 -1568.270782894515  0.00021771666663057262
2am1pcla1sa               -1572.9686917411673 -1572.9077543181147 0.00020438511840709805
2sa1tma                   -1573.020433442755  -1572.958327314805  0.00020830497383889367
1dma1fa1ma1nta1sa1tma     -1574.1731622841412 -1574.086095920346  0.00029202201507833546
3dma1fa1nta1sa            -1574.1744883223116 -1574.0862280600447 0.0002960263701722318 
1ca2ma1sa                 -1576.3297760670346 -1576.2637133271298 0.00022157551536076554
1am1ca1dma1sa             -1576.3319751073611 -1576.26802322375   0.0002144956686610996 
1fa1ma1msa1nta2tma        -1577.4411055497135 -1577.3497399820958 0.00030644161535315847
2dma1fa1msa1nta1tma       -1577.444025251405  -1577.3521512713196 0.00030814683912514776
1am2pcla                  -1577.5725918797946 -1577.518785402144  0.00018046781033128918
1ca1dma1pcla              -1580.948760631434  -1580.8899621471508 0.0001972110826193697 
1eda2sa                   -1589.081090817176  -1589.0186486722625 0.00020943198025607563
2ma2sa                    -1590.2830124839209 -1590.2152516875296 0.0002272708247228764 
1am1dma2sa                -1590.2872612988156 -1590.221920075632  0.00021915553641991742
1am1msa1sa1tma            -1593.567957964069  -1593.5007163442194 0.0002255294980691352 
1dma1ma1msa1sa            -1593.5731340063537 -1593.5041090337706 0.00023151089244696313
1dma1pcla1sa              -1594.9107914134538 -1594.8499599193442 0.000204029830988846  
1ma2msa1tma               -1596.8465905679195 -1596.7727362515238 0.00024770859096257534
2dma2msa                  -1596.8562953382234 -1596.7825573088726 0.0002473185623025688 
1am1ca1ma1pcla            -1598.21964775864   -1598.1583869347046 0.0002054698102821087 
1am2ca1tma                -1601.5772995243642 -1601.512073795881  0.00021876816529760833
2ca1dma1ma                -1601.5840719213334 -1601.5182841635146 0.000220653220923513  
2am1ma2sa                 -1607.5440388818286 -1607.4764864562605 0.0002265719455574896 
1am1eda1msa1sa            -1609.6319560267175 -1609.5646803714867 0.00022564365329720267
1am1ma1pcla1sa            -1612.1757295275816 -1612.1123662158684 0.00021252158884230678
1fa1ma1nta1sa2tma         -1613.3790218187353 -1613.2899468631606 0.00029875886491777487
2dma1fa1nta1sa1tma        -1613.3810500895843 -1613.2916935185708 0.00029970340772651955
1am1ca1sa1tma             -1615.537640619479  -1615.4717444585642 0.00022101680668961218
1ca1dma1ma1sa             -1615.5405648923038 -1615.4745973981767 0.00022125605945793163
1dma1fa1msa1nta2tma       -1616.6413112024936 -1616.5457108043354 0.00032064530658515065
1ma2pcla                  -1616.782084662496  -1616.7252982323475 0.000190462619983071  
1ca1pcla1tma              -1620.1575347315243 -1620.0961601016234 0.00020585151735946647
1am2sa1tma                -1629.4929953710964 -1629.4249846248215 0.00022810916074072113
1dma1ma2sa                -1629.4952813579366 -1629.4264427175845 0.00023088593108325006
2am1fa2msa                -1629.5322484324583 -1629.4634656801545 0.00023069848165063996
1ma1msa1sa1tma            -1632.777780010105  -1632.7063799987097 0.00023947681165717452
2dma1msa1sa               -1632.7844985415722 -1632.712828984545  0.00024038087213538157
2am2pcla                  -1634.065229410185  -1634.0057008508152 0.00019965976646147727
1pcla1sa1tma              -1634.1183893695968 -1634.0568180605617 0.0002065111824081256 
1ca2ma1pcla               -1637.42837659905   -1637.3632674531564 0.00021837714537569058
1am1ca1dma1pcla           -1637.4317978386832 -1637.3668187183473 0.00021794103751780172
2ca1ma1tma                -1640.7859702236733 -1640.7167276661116 0.00023224067603928576
2ca2dma                   -1640.7965834618174 -1640.7267327560196 0.00023428041521995522
1am1eda2sa                -1645.554219390529  -1645.4871786582034 0.00022485571801315635
1am2ma2sa                 -1646.751314038959  -1646.6797222636985 0.000240119990812585  
2am1dma2sa                -1646.7563529041863 -1646.6861863207723 0.00023533987393631174
1eda1ma1msa1sa            -1648.839571785245  -1648.7691415462232 0.00023622417917743222
2ma1pcla1sa               -1651.3845884926143 -1651.3172535942315 0.00022584235580157326
1am1dma1pcla1sa           -1651.3872802836063 -1651.320966202938  0.0002224185164129137 
1dma1fa1nta1sa2tma        -1652.585519229982  -1652.4932633215928 0.0003094278329351979 
1ca1ma1sa1tma             -1654.7457496438665 -1654.6775358203395 0.00022879028518016787
1ca2dma1sa                -1654.7532626341265 -1654.6843161134568 0.0002312477634420061 
1fa1msa1nta3tma           -1655.8431974362502 -1655.745251839608  0.00032851114084160815
1dma2pcla                 -1655.9957357962412 -1655.9360615524756 0.00020014839431689626
2am1fa1msa1sa             -1665.4588314399891 -1665.3916832621037 0.0002252160921875749 
1ma2sa1tma                -1668.7015342347322 -1668.632347999434  0.00023205177024344923
2dma2sa                   -1668.7081586821712 -1668.636657312474  0.00023981676906674243
1am1fa1ma2msa             -1668.7410732912992 -1668.6675597545288 0.00024656561049886546
1dma1msa1sa1tma           -1671.9895948999224 -1671.916101235308  0.000246498958961608  
1am1ma2pcla               -1673.2737477249989 -1673.2112941476084 0.0002094703249709577 
2msa2tma                  -1675.2593441718059 -1675.1823152591878 0.0002583562388654821 
1am1ca1pcla1tma           -1676.6352401701029 -1676.5683627792446 0.00022430786804680114
1ca1dma1ma1pcla           -1676.6392011241485 -1676.5718288290507 0.00022596778500120555
2ca1dma1tma               -1679.996185826149  -1679.9251134052788 0.00023837806765093704
1eda1ma2sa                -1684.7630361373497 -1684.693286391009  0.0002339417955428214 
3ma2sa                    -1685.951419368454  -1685.8804631559196 0.00023798830298202427
2am2sa1tma                -1685.9625702507356 -1685.8910266303765 0.00023995847847992302
1am1dma1ma2sa             -1685.9644689109646 -1685.889709537123  0.0002507441685106378 
1dma1eda1msa1sa           -1688.0516557459998 -1687.97909965424   0.00024335432419873666
1am1pcla1sa1tma           -1690.5934917132806 -1690.5264883946954 0.00022473023171173432
1dma1ma1pcla1sa           -1690.5953975708017 -1690.5281012260134 0.00022571304641406687
1fa1nta1sa3tma            -1691.7865507740028 -1691.6918483277188 0.0003176335612406333 
1ca1dma1sa1tma            -1693.9584917374941 -1693.8871997567426 0.00023911447510236163
2pcla1tma                 -1695.2053247228184 -1695.1425007385221 0.0002107126758205886 
2am1fa2sa                 -1701.3807479361185 -1701.3134834766724 0.00022560610245369773
2am1eda2sa                -1702.0221531332795 -1701.9516860723893 0.00023634768032889425
1dma2sa1tma               -1707.9142616777112 -1707.8399238612787 0.00024933025803271225
1fa2ma2msa                -1707.9487251851635 -1707.8707327493482 0.0002615879115063881 
1am1dma1fa2msa            -1707.9532941112143 -1707.8766946824971 0.00025691574280501105
1msa1sa2tma               -1711.1868794738193 -1711.1114911020613 0.00025285383785975585
2ma2pcla                  -1712.4834652984114 -1712.4167567209756 0.0002237416650545397 
1am1dma2pcla              -1712.4865436148839 -1712.4203094552063 0.0002221504600958852 
1ca1ma1pcla1tma           -1715.8442979963506 -1715.7740122027699 0.00023573970679482818
1ca2dma1pcla              -1715.8525673903907 -1715.7817370601022 0.00023756609186150593
2ca2tma                   -1719.1978107781092 -1719.1234113570404 0.00024953688099374455
1dma1eda2sa               -1723.9759879839728 -1723.9028958373826 0.0002451522609104248 
1dma2ma2sa                -1725.1633227847808 -1725.0894529633354 0.00024776059515429653
1am1ma2sa1tma             -1725.1696572178053 -1725.0947878733114 0.00025111301188625   
1am2dma2sa                -1725.1750984082562 -1725.0976426637292 0.00025978784010489   
1eda1msa1sa1tma           -1727.2526222942356 -1727.1780044895677 0.0002502693431770502 
1ma1pcla1sa1tma           -1729.8024007288368 -1729.7325751647268 0.00023419608958596345
2dma1pcla1sa              -1729.8080983539162 -1729.7378100596884 0.00023574809400702396
1ca1sa2tma                -1733.159184930871  -1733.0860748882974 0.0002452122843329404 
1am1fa1ma2sa              -1740.5895876485336 -1740.5181078638864 0.00023974437245334745
1am1eda1ma2sa             -1741.2284704236827 -1741.1540717547896 0.0002495343581866129 
2eda1msa1sa               -1743.3181638431445 -1743.2430768417123 0.00025184303683385256
1fa2ma1msa1sa             -1743.8767280702455 -1743.8011937415836 0.0002533433797147813 
2sa2tma                   -1747.1207405330697 -1747.046406477315  0.00024931764465768003
1am1fa2msa1tma            -1747.1531701901151 -1747.0752851369737 0.00026122774825343154
1dma1fa1ma2msa            -1747.1606179000648 -1747.0807691742432 0.000267813938694031  
1am2pcla1tma              -1751.6910334754843 -1751.622873408363  0.0002286099853126629 
1dma1ma2pcla              -1751.6958723430246 -1751.6259966278942 0.00023436429693417815
1ca1dma1pcla1tma          -1755.0560035082945 -1754.9830261388443 0.00024476729649681604
1eda2sa1tma               -1763.181174003043  -1763.1072408160694 0.00024797312417755243
1am1eda1fa2msa            -1763.2187805498575 -1763.1412825431312 0.00025992958821473885
2ma2sa1tma                -1764.3715525370924 -1764.295040950148  0.0002566211200560338 
2dma1ma2sa                -1764.3748330370292 -1764.2978202575562 0.00025830212803388885
1am1dma2sa1tma            -1764.378431614685  -1764.300282288303  0.0002621141250451201 
3dma1msa1sa               -1767.6545924807801 -1767.570847324771  0.0002808826295800418 
1dma1pcla1sa1tma          -1769.0150333638958 -1768.9427865422367 0.0002423170271986032 
2eda2sa                   -1779.2414151468781 -1779.1665502936464 0.00025109794812064855
1fa2ma2sa                 -1779.7992978196492 -1779.7242184112195 0.00025181756977848155
1am1dma1fa2sa             -1779.803625683471  -1779.7298145943867 0.0002475636058488127 
1eda2ma2sa                -1780.430973032947  -1780.3556273050563 0.00025271080962817793
1am1dma1eda2sa            -1780.4388486013486 -1780.3608187105096 0.0002617135362702877 
4ma2sa                    -1781.6186006523938 -1781.5347487868332 0.00028124053516789013
1dma1fa1ma1msa1sa         -1783.0859888911334 -1783.007671986538  0.0002626761851279401 
1fa1ma2msa1tma            -1786.362767235781  -1786.2799694323828 0.0002777051933524068 
2dma1fa2msa               -1786.3662143329962 -1786.283161908906  0.00027855919533779114
1ma2pcla1tma              -1790.90111270604   -1790.8297732594121 0.00023927367643022964
2dma2pcla                 -1790.9080850360276 -1790.8356481464168 0.00024295451823258302
1ca1pcla2tma              -1794.2579041501494 -1794.181430173112  0.00025649497580969315
2ma2msa1nta               -1798.9840476576553 -1798.9054913520338 0.00026347914010171235
1eda1fa1ma2msa            -1802.4277634884807 -1802.3452243117863 0.00027683775513783626
1am2sa2tma                -1803.5802911487049 -1803.5003290393342 0.00026819422898012666
1dma1ma2sa1tma            -1803.5832010554425 -1803.5037956608555 0.00026632699844776343
3dma2sa                   -1803.5871059457652 -1803.50534064707   0.0002742421556109879 
1pcla1sa2tma              -1808.2195542009674 -1808.1455998988474 0.00024804394472613086
1malonic2sa               -1815.9625446964526 -1815.8977857174516 0.00021720267986283383
1am1fa2sa1tma             -1819.0062051888235 -1818.9309027180984 0.0002525657243842019 
1dma1fa1ma2sa             -1819.011719008361  -1818.9340409866172 0.0002605333615424761 
1dma1eda1ma2sa            -1819.643178736611  -1819.5639791901367 0.0002656365804951966 
1am1eda2sa1tma            -1819.645581110442  -1819.5659914862722 0.0002669449074953371 
1fa1ma1msa1sa1tma         -1822.2905100054015 -1822.2105805173076 0.0002680848166833067 
2dma1fa1msa1sa            -1822.29500572996   -1822.2137073153945 0.0002726762185650635 
1dma1fa2msa1tma           -1825.5699187589319 -1825.485590420128  0.0002828386342568333 
1dma2pcla1tma             -1830.1145302359453 -1830.0402912487946 0.00024899878299791277
2ma1msa1nta1sa            -1834.9082713964833 -1834.830889881853  0.00025953887181041305
1am1eda1fa2sa             -1835.069392543032  -1834.9939104623888 0.00025316813900153284
1am2eda2sa                -1835.7064359608685 -1835.6263183372012 0.000268715826487973  
1dma1ma2msa1nta           -1838.1946121047172 -1838.1145829797183 0.0002684190004992053 
1fa3ma1msa1sa             -1839.5481326235076 -1839.466041638636  0.0002753345123994319 
1dma1eda1fa2msa           -1841.635929115821  -1841.5527422216433 0.00027901021022118063
1ma2sa2tma                -1842.78676398347   -1842.704265366088  0.00027670171853868425
2dma2sa1tma               -1842.7951125370057 -1842.7114994775968 0.0002804395754111673 
1fa1ma2sa1tma             -1858.2155567270554 -1858.1353790836745 0.00026891713359312715
2dma1fa2sa                -1858.220017108066  -1858.1391325509805 0.000271288133776054  
1eda1ma2sa1tma            -1858.8508191778146 -1858.7692612827113 0.0002735465205535699 
2dma1eda2sa               -1858.855119486883  -1858.7735887919832 0.0002734552906257547 
1dma1fa1msa1sa1tma        -1861.5003893063088 -1861.4179773017888 0.00027641121757556293
1fa2msa2tma               -1864.766582523457  -1864.678492408603  0.0002954556929538445 
2pcla2tma                 -1869.3185142927164 -1869.242190841855  0.00025599010854051647
2ma1nta2sa                -1870.8298925448014 -1870.753380428216  0.00025662289648070827
1dma1ma1msa1nta1sa        -1874.1212054160162 -1874.0407477307988 0.0002698563985158176 
1eda1fa1ma2sa             -1874.27798474274   -1874.1975008710428 0.000269944228400195  
2eda1ma2sa                -1874.9127241982683 -1874.832462614048  0.00026919867255041055
1fa3ma2sa                 -1875.4705157298874 -1875.389858574678  0.0002705254241481584 
1ma2msa1nta1tma           -1877.396460939447  -1877.315070730704  0.00027298409774734634
2dma2msa1nta              -1877.4031147316189 -1877.3200225599496 0.000278692509372961  
1dma1fa2ma1msa1sa         -1878.7595532734597 -1878.6745396204508 0.0002851371893650316 
1eda1fa2msa1tma           -1880.8368915545238 -1880.751122556992  0.00028767062730916925
1dma2sa2tma               -1881.998061412237  -1881.9134527483893 0.00028377884906158714
2eda1fa2msa               -1896.9040794885502 -1896.8204492693737 0.00028049712955433926
1dma1fa2sa1tma            -1897.4258197164056 -1897.3438403470502 0.00027496015212381174
1dma1eda2sa1tma           -1898.0615398820105 -1897.9777111328335 0.0002811630024380514 
1fa1msa1sa2tma            -1900.7000263747543 -1900.6149877142686 0.0002852210648519229 
1dma1ma1nta2sa            -1910.0432050018105 -1909.9635071775222 0.00026730781247246   
1ma1msa1nta1sa1tma        -1913.3257629747795 -1913.2451672577872 0.00027031935935719514
2dma1msa1nta1sa           -1913.3319526036573 -1913.249320859841  0.0002771482267868309 
1dma1eda1fa2sa            -1913.486270322757  -1913.4033317189262 0.0002781774403176885 
1dma2eda2sa               -1914.1223177041077 -1914.0393382085351 0.00027831459189167884
1dma1fa2ma2sa             -1914.6827752520214 -1914.5974430942981 0.0002862054594097061 
1dma2msa1nta1tma          -1916.6074871472551 -1916.5229741975877 0.0002834578221289307 
1eda1fa1msa1sa1tma        -1916.7753492405552 -1916.6897905043477 0.0002869654073720965 
1fa2ma1msa1sa1tma         -1917.9646778737315 -1917.876944534335  0.00029425906220395824
2dma1fa1ma1msa1sa         -1917.9713935914099 -1917.8833217598296 0.0002953943705532125 
2sa3tma                   -1921.2005591997554 -1921.11164450039   0.0002982213629560741 
3ma1msa1nta1sa            -1930.594810463424  -1930.5097285589954 0.0002853661057468706 
2eda1fa1msa1sa            -1932.8295381003952 -1932.7457441321737 0.00028104634654167726
1fa2sa2tma                -1936.6287050673918 -1936.5457515349663 0.0002782275110702775 
1eda2sa2tma               -1937.263100485247  -1937.1766659033087 0.00028990300834454526
4dma2sa                   -1938.4588966616154 -1938.366444689795  0.00031008543290444106
1ma1nta2sa1tma            -1949.2500674730516 -1949.1701994380644 0.00026787870195230405
2dma1nta2sa               -1949.254274527387  -1949.171953882107  0.0002761047971825945 
1dma1malonic2sa           -1950.8669686659046 -1950.79054430946   0.0002563285475252032 
1dma1msa1nta1sa1tma       -1952.5366917296692 -1952.453228613535  0.0002799366632025435 
1eda1fa2sa1tma            -1952.6911902717147 -1952.609142842061  0.0002751884274825265 
2eda2sa1tma               -1953.3291184537459 -1953.2452180679536 0.00028140327282428503
1fa2ma2sa1tma             -1953.8895659618818 -1953.8041652280147 0.0002864354649249695 
2dma1fa1ma2sa             -1953.893917530274  -1953.8072039970098 0.0002908386156763374 
2msa1nta2tma              -1955.8056978560166 -1955.7199675539723 0.00028754084200602944
1dma1fa1ma1msa1sa1tma     -1957.1752080309932 -1957.0838320442865 0.00030647656114956   
3dma1fa1msa1sa            -1957.1776013406306 -1957.0865789327654 0.00030529065190472215
3ma1nta2sa                -1966.5178490621452 -1966.4356888375496 0.00027556674356963017
2eda1fa2sa                -1968.7522166938902 -1968.6691830144632 0.00027849632543167183
3eda2sa                   -1969.391056397678  -1969.3036232182315 0.00029325232080064546
1dma2ma1msa1nta1sa        -1969.8061835222518 -1969.718978219714  0.00029248801790407713
1dma1nta2sa1tma           -1988.4588477917973 -1988.375351208792  0.00028004891164084823
3msa                      -1990.601486920451  -1990.536068786198  0.0002194134974099932 
1msa1nta1sa2tma           -1991.7373517041162 -1991.6517770839166 0.0002870186825409837 
1dma1fa1ma2sa1tma         -1993.102351471651  -1993.0140746673262 0.00029608185250640836
3dma1fa2sa                -1993.1045849665456 -1993.0149541267697 0.0003006233096614431 
1fa1ma1msa1sa2tma         -1996.3789020954823 -1996.2847258984148 0.00031586851271936525
2dma1fa1msa1sa1tma        -1996.3818467150925 -1996.28747054567   0.0003165392232854484 
1dma2ma1nta2sa            -2005.7292440324454 -2005.6413119111794 0.0002949257798631269 
2ma1msa1nta1sa1tma        -2009.0100879593329 -2008.9212869815997 0.00029783993873377517
2dma1ma1msa1nta1sa        -2009.016269553471  -2008.925994089982  0.00030278538818869226
2msa1sa                   -2026.5264577494431 -2026.4614223276944 0.00021812987338070037
1nta2sa2tma               -2027.6629904342242 -2027.5782943580482 0.00028407203144660613
1fa1ma2sa2tma             -2032.3084227881527 -2032.2161224232404 0.0003095769408417511 
2dma1fa2sa1tma            -2032.3111604031988 -2032.218993764514  0.0003091284208765961 
1dma1fa1msa1sa2tma        -2035.5856217164637 -2035.489737705795  0.0003215965476054885 
2ma1nta2sa1tma            -2044.9336755849708 -2044.8459371853905 0.00029427603414554734
2dma1ma1nta2sa            -2044.9414966833162 -2044.854037657585  0.0002933390096641439 
1dma1ma1msa1nta1sa1tma    -2048.2200268991637 -2048.1271401233644 0.0003115437725948525 
3dma1msa1nta1sa           -2048.2219505798107 -2048.12907188685   0.00031151666262204324
1msa2sa                   -2062.446891779256  -2062.38473244447   0.00020848343044061214
1dma1fa2sa2tma            -2071.514094846959  -2071.4196589056983 0.0003167396990117513 
1fa1msa1sa3tma            -2074.776616435791  -2074.675893328492  0.00033782695723300803
1dma1ma1nta2sa1tma        -2084.145156270768  -2084.054189211567  0.000305105011573663  
3dma1nta2sa               -2084.1495543556766 -2084.0568584860903 0.0003109034700199424 
2dma1malonic2sa           -2085.7664694705304 -2085.680874119718  0.0002870882133561376 
1ma1msa1nta1sa2tma        -2087.4223905070044 -2087.328057739563  0.0003163936523288292 
2dma1msa1nta1sa1tma       -2087.427453457967  -2087.3317068851347 0.00032113557884246355
3sa                       -2098.361519713704  -2098.2980630670845 0.0002128346356523086 
1fa2sa3tma                -2110.7151129748822 -2110.6173999558036 0.0003277310718710885 
1fa3ma1msa1nta1sa         -2120.108793039292  -2120.0153373702074 0.00031345185002413026
1ma1nta2sa2tma            -2123.347737168414  -2123.25503429753   0.00031092695248845014
2dma1nta2sa1tma           -2123.3551112720943 -2123.2628606051485 0.00030941025304464   
1dma3msa                  -2125.5040850707446 -2125.428183708248  0.0002545744172298134 
1dma1msa1nta1sa2tma       -2126.6306565154405 -2126.532870141176  0.00032797710636982253
1fa3ma1nta2sa             -2156.03181997669   -2155.938258195554  0.00031380775158652445
1dma1fa2ma1msa1nta1sa     -2159.3192501006074 -2159.2216111575112 0.0003274826198082467 
1dma2msa1sa               -2161.432543745921  -2161.358058607593  0.0002498243780917743 
1dma1nta2sa2tma           -2162.5578314221057 -2162.4633604409364 0.0003168572234440942 
1msa1nta1sa3tma           -2165.830072001497  -2165.7314455453043 0.0003307947549641672 
1ma3sa                    -2194.0637939955454 -2193.994360674444  0.0002328805000849988 
1dma1fa2ma1nta2sa         -2195.2397952677543 -2195.144350498464  0.0003201233248057689 
1dma1msa2sa               -2197.3582896845046 -2197.285777361395  0.00024320752342668072
1fa2ma1msa1nta1sa1tma     -2198.520539900304  -2198.421972863674  0.00033059546077520433
2dma1fa1ma1msa1nta1sa     -2198.526830835585  -2198.4269849219295 0.0003348848353354842 
1nta2sa3tma               -2201.760297672496  -2201.663138883547  0.0003258721749084871 
2am3sa                    -2211.3355775753575 -2211.2645036535164 0.00023838310192926123
1fa4ma1msa1nta1sa         -2215.786587059267  -2215.6837281453227 0.0003449904878195766 
3dma1malonic2sa           -2220.656337809935  -2220.5606405125277 0.00032097030825785307
1dma3sa                   -2233.2782802262827 -2233.2056688705516 0.00024353968046652907
1fa2ma1nta2sa1tma         -2234.443885990579  -2234.3478001246    0.00032227357363262836
2dma1fa1ma1nta2sa         -2234.4505844928804 -2234.352976553458  0.0003273786329764524 
1dma1fa1ma1msa1nta1sa1tma -2237.7329642505106 -2237.630838869684  0.00034253020568848145
3dma1fa1msa1nta1sa        -2237.7339270794223 -2237.6319077715702 0.0003421744351898554 
1am1ma3sa                 -2250.5460742770583 -2250.471080937048  0.0002515288948851966 
1fa4ma1nta2sa             -2251.7089614869774 -2251.6070245649926 0.000341898111635296  
1dma1fa3ma1msa1nta1sa     -2254.9987142973496 -2254.894423065706  0.0003497945049233086 
2dma3msa                  -2260.3960911601653 -2260.3079144446265 0.000295746153072646  
3am3sa                    -2267.818044669968  -2267.7404313255447 0.0002603164327489132 
3sa1tma                   -2272.4797173459124 -2272.40517170923   0.00025002729056564814
1dma1fa1ma1nta2sa1tma     -2273.6548611843564 -2273.55431945857   0.00033721860065980566
3dma1fa1nta2sa            -2273.660436638319  -2273.5599160117217 0.0003371478336334408 
1fa1ma1msa1nta1sa2tma     -2276.930034023243  -2276.8273865794063 0.00034428121360689253
2dma1fa1msa1nta1sa1tma    -2276.9396921361467 -2276.8337736865587 0.00035525222065351507
2ma3sa                    -2289.7544289927127 -2289.676335744153  0.0002619260391099296 
1am1dma3sa                -2289.759253661065  -2289.6823284740835 0.0002580083413778929 
1dma1fa3ma1nta2sa         -2290.9206605546096 -2290.816539445793  0.00034922391017023254
1fa3ma1msa1nta1sa1tma     -2294.197767468064  -2294.0919985593873 0.0003547506579777911 
2dma1fa2ma1msa1nta1sa     -2294.205457793178  -2294.098583015341  0.00035845976132026946
2dma2msa1sa               -2296.3284171681694 -2296.241427702474  0.00029176409758646573
2am1ma3sa                 -2307.0248602851984 -2306.9459134261247 0.00026478906279782334
1fa1ma1nta2sa2tma         -2312.859988003293  -2312.760666941386  0.0003331244739461066 
2dma1fa1nta2sa1tma        -2312.8652212800325 -2312.762032530938  0.00034609676033720493
1dma1fa1msa1nta1sa2tma    -2316.1398958179434 -2316.032842276406  0.00035905933770791323
4am3sa                    -2324.287344768542  -2324.208661003952  0.00026390663957812327
1dma1ma3sa                -2328.9672817852115 -2328.887095056107  0.0002689476072601149 
1am3sa1tma                -2328.9699277257027 -2328.8918505233055 0.0002618722200171465 
2dma1fa2ma1nta2sa         -2330.1300379137756 -2330.025081953836  0.00035202401455855357
1fa3ma1nta2sa1tma         -2330.1301157052826 -2330.0262494817093 0.00034836902087406746
2dma1msa2sa               -2332.2531720782026 -2332.1674789899007 0.0002874160265002098 
1dma1fa2ma1msa1nta1sa1tma -2333.4103436980226 -2333.30080676814   0.00036738866302941703
3dma1fa1ma1msa1nta1sa     -2333.4136415536573 -2333.304485976238  0.0003661096006027167 
1am1eda3sa                -2345.0316433811463 -2344.9554768394796 0.0002554638325230517 
1am2ma3sa                 -2346.235334871079  -2346.1515311784738 0.00028107896228113036
2am1dma3sa                -2346.2381846842986 -2346.1555215990506 0.0002772533464648825 
1dma1fa1nta2sa2tma        -2352.066136275286  -2351.961745054079  0.00035012987156676144
1fa1msa1nta1sa3tma        -2355.339850411413  -2355.233671884115  0.00035612452556628367
3am1ma3sa                 -2363.4948022226117 -2363.413295366825  0.00027337533384596267
1ma3sa1tma                -2368.1777931817956 -2368.096309947408  0.0002732961072885344 
2dma3sa                   -2368.1788818218592 -2368.0951489305407 0.00028084149360388107
1dma1fa2ma1nta2sa1tma     -2369.337892671978  -2369.2314213352583 0.00035710661318190097
3dma1fa1ma1nta2sa         -2369.338971557588  -2369.2296684999733 0.0003666042516004268 
1fa2ma1msa1nta1sa2tma     -2372.610997029641  -2372.4983653956133 0.00037776835159343845
2dma1fa1ma1msa1nta1sa1tma -2372.6169774886434 -2372.504311588518  0.00037788328064943026
4dma1fa1msa1nta1sa        -2372.617382610287  -2372.5057215153824 0.0003745131474250831 
1eda1ma3sa                -2384.233104935653  -2384.1505822399754 0.0002767824775384505 
3ma3sa                    -2385.44289695332   -2385.3567643333017 0.00028889022310564874
2am3sa1tma                -2385.4430170195474 -2385.360786689568  0.00027580187817675966
1am1dma1ma3sa             -2385.4466464895977 -2385.3610041242246 0.00028724590096535776
1fa1nta2sa3tma            -2391.26866386632   -2391.1625090062807 0.00035604514519414293
2am1eda3sa                -2401.5063718359957 -2401.421611315704  0.00028428817806954847
2am2ma3sa                 -2402.7029341241537 -2402.617754950456  0.00028569234847543095
3am1dma3sa                -2402.704738562539  -2402.619998989542  0.00028421792050050933
1dma3sa1tma               -2407.3875936604604 -2407.301959650648  0.0002872178762796309 
1fa2ma1nta2sa2tma         -2408.538637306277  -2408.4288659890503 0.00036817480203535466
2dma1fa1ma1nta2sa1tma     -2408.5463220475785 -2408.4354223726577 0.0003719593322848976 
4dma1fa1nta2sa            -2408.548621865687  -2408.437076206749  0.0003741259732932489 
1dma1fa1ma1msa1nta1sa2tma -2411.820628557274  -2411.705329094765  0.0003867162921643368 
3dma1fa1msa1nta1sa1tma    -2411.823067694044  -2411.7085600794144 0.00038406042136413264
1dma1eda3sa               -2423.451805122006  -2423.368608767864  0.0002790419390990843 
1am1ma3sa1tma             -2424.6514011759527 -2424.5655068217684 0.0002880910755823713 
1dma2ma3sa                -2424.6556594419835 -2424.567228870992  0.0002965975884325615 
1am2dma3sa                -2424.660064315754  -2424.5724660942265 0.0002938058746501994 
3dma2msa1sa               -2431.223577555053  -2431.126710792935  0.0003248927121187273 
1am1eda1ma3sa             -2440.714428785618  -2440.626470406519  0.0002950138490686811 
1am3ma3sa                 -2441.9101672539914 -2441.817141432422  0.0003120101343932394 
3am3sa1tma                -2441.9130729958933 -2441.8263927376374 0.0002907270107504377 
2am1dma1ma3sa             -2441.9150140628904 -2441.826480188402  0.0002969440700596324 
3sa2tma                   -2446.5908615664966 -2446.506638392889  0.00028248590846139353
1dma1fa1ma1nta2sa2tma     -2447.7480505166486 -2447.635765484408  0.00037660584350241675
3dma1fa1nta2sa1tma        -2447.754428618569  -2447.641532268071  0.0003786562149872278 
1fa1ma1msa1nta1sa3tma     -2451.0189270050478 -2450.902396086927  0.00039084661452640245
2dma1fa1msa1nta1sa2tma    -2451.0256955321593 -2450.909114047623  0.00039101621511445554
3am1eda3sa                -2457.972284232521  -2457.8842516114573 0.0002952628578359089 
1eda3sa1tma               -2462.6572584126984 -2462.572796885391  0.000283285350684512  
2ma3sa1tma                -2463.859394037291  -2463.770662839943  0.00029760589417670495
1am1dma3sa1tma            -2463.8645120716155 -2463.7757252797537 0.0002977923590862834 
2dma1ma3sa                -2463.868835042826  -2463.7775516533716 0.0003061659884439156 
3dma1msa2sa               -2467.151491972933  -2467.056929524701  0.00031716400547183776
2eda3sa                   -2478.7184417322337 -2478.6365222238696 0.00027475937737540254
1eda2ma3sa                -2479.922562390073  -2479.8304275799974 0.0003090216672003781 
1am1dma1eda3sa            -2479.927457570713  -2479.837560103795  0.00030151758147861163
4ma3sa                    -2481.119858864717  -2481.027626214595  0.0003093498243235424 
2am1ma3sa1tma             -2481.1212576386806 -2481.029801095634  0.0003067467484357455 
1am1dma2ma3sa             -2481.1215477936994 -2481.028483592826  0.0003121388592077301 
2am2dma3sa                -2481.127943640736  -2481.03629154582   0.00030740263262004963
1fa1ma1nta2sa3tma         -2486.9479800218724 -2486.833694443384  0.0003833157084981793 
2dma1fa1nta2sa2tma        -2486.9564043505234 -2486.8404107450106 0.00038904445920716666
1dma1fa1msa1nta1sa3tma    -2490.2273506437946 -2490.106387254537  0.00040571319556339174
2am1eda1ma3sa             -2497.1797034837045 -2497.0860727881345 0.00031403889173214347
1am3sa2tma                -2503.070388622622  -2502.979117507666  0.0003061248195741824 
1dma1ma3sa1tma            -2503.0712118854167 -2502.9779332173835 0.0003128581855889602 
3dma3sa                   -2503.077264798272  -2502.984366587263  0.00031158212647798696
1malonic3sa               -2515.420230060495  -2515.343839267381  0.0002562159755636732 
1am1eda3sa1tma            -2519.131400158776  -2519.041006538706  0.000303181687306555  
1dma1eda1ma3sa            -2519.1350160371676 -2519.0414109294697 0.00031395306958834036
1am2ma3sa1tma             -2520.3298679429586 -2520.2348403324345 0.0003187241674478756 
1dma3ma3sa                -2520.331729748725  -2520.2355434585475 0.00032261039804594503
2am1dma3sa1tma            -2520.333337444532  -2520.241169851656  0.0003091316212492533 
1am2dma1ma3sa             -2520.3365417031027 -2520.2414334835366 0.0003189945314972452 
1dma1fa1nta2sa3tma        -2526.1539905128016 -2526.0374005304543 0.00039104471691096305
1fa1msa1nta1sa4tma        -2529.4256459394464 -2529.3036396786765 0.00040921100375825037
1am2eda3sa                -2535.1922380612436 -2535.1010288372477 0.0003059172362792783 
1am1eda2ma3sa             -2536.3920866685003 -2536.2988006851183 0.0003128827213890082 
2am1dma1eda3sa            -2536.394636514801  -2536.3021510466483 0.0003101977801500868 
1fa3ma1msa2sa             -2539.036958124437  -2538.940684963955  0.00032290176247651796
1ma3sa2tma                -2542.2787370262076 -2542.1841831634983 0.00031713520948862465
2dma3sa1tma               -2542.281118787163  -2542.186714323264  0.00031663412342561493
1eda1ma3sa1tma            -2558.3395312522034 -2558.2458263728504 0.00031428770535840825
2dma1eda3sa               -2558.344480690719  -2558.249839295938  0.0003174287934981228 
2am3sa2tma                -2559.5348966672022 -2559.4403192955983 0.00031721405870899856
3ma3sa1tma                -2559.5388324309724 -2559.4419397419742 0.0003249796713036647 
1am1dma1ma3sa1tma         -2559.543209936191  -2559.4460040606796 0.00032603010401197015
2dma2ma3sa                -2559.5440440795305 -2559.446404892193  0.00032748343899847683
1am3dma3sa                -2559.5462438209006 -2559.4491524420873 0.00032564608020323513
1fa1nta2sa4tma            -2565.3528563458212 -2565.2322625693823 0.0004044735080941187 
2eda1ma3sa                -2574.4003534638596 -2574.3054494710323 0.0003183095516625526 
1fa3ma3sa                 -2574.9582511942494 -2574.8627398926706 0.00032034647519550957
1eda3ma3sa                -2575.598477047212  -2575.500493128688  0.00032863967305980096
2am1eda3sa1tma            -2575.60087343089   -2575.5056590145905 0.0003193507170851347 
1am1dma1eda1ma3sa         -2575.6018312736164 -2575.504885358919  0.0003251581911681757 
1dma1fa2ma1msa2sa         -2578.2456034295433 -2578.146861086065  0.00033118344282267743
1dma3sa2tma               -2581.4861069254603 -2581.388926495707  0.00032594475852151876
2am2eda3sa                -2591.662808366761  -2591.5687796362154 0.00031537390758463107
1dma1eda3sa1tma           -2597.5507524357886 -2597.455305881474  0.00032012931180591523
1am1ma3sa2tma             -2598.7440936760554 -2598.6460804718886 0.0003287378975929881 
1dma2ma3sa1tma            -2598.7503734745433 -2598.650572424559  0.00033473436184548207
3dma1ma3sa                -2598.7543046038854 -2598.653100409776  0.00033944053029973624
1am2dma3sa1tma            -2598.7550883963413 -2598.6549646112926 0.00033581682055601464
1fa4ma2msa1sa             -2598.788962299169  -2598.683898711878  0.0003523849984592941 
1dma2eda3sa               -2613.611052891467  -2613.5134264943217 0.00032744054048391974
1dma1fa2ma3sa             -2614.167458487082  -2614.0704699605553 0.0003253011119474506 
1am1eda1ma3sa1tma         -2614.809054387892  -2614.7106429583087 0.00033007355218391487
1dma1eda2ma3sa            -2614.8098045838997 -2614.7093926271755 0.00033678335308976793
1am2dma1eda3sa            -2614.8134636714203 -2614.714217172117  0.00033287438974794983
1fa2ma1msa2sa1tma         -2617.4523115281295 -2617.3514294488464 0.0003383601518782255 
2dma1fa1ma1msa2sa         -2617.456728195386  -2617.3547214603723 0.0003421322656854484 
3sa3tma                   -2620.689705592203  -2620.5903972194214 0.00033308191441049225
3ma1msa1nta2sa            -2630.0679301029863 -2629.9706888483047 0.0003261487663329221 
1am2eda1ma3sa             -2630.8695985948916 -2630.7702761100563 0.00033312924646746887
1fa4ma1msa2sa             -2634.710850788843  -2634.6052882938907 0.00035405834295392885
1eda3sa2tma               -2636.7540323790436 -2636.6555304229587 0.00033037717955625135
2ma3sa2tma                -2637.9492126595696 -2637.847121440788  0.00034241562562758765
1am1dma3sa2tma            -2637.955495719727  -2637.8546881764332 0.0003381101569488526 
2dma1ma3sa1tma            -2637.960028457024  -2637.857202958981  0.0003448784103394288 
4dma3sa                   -2637.962560763532  -2637.8579251063134 0.00035094971396280904
1dma1fa3ma2msa1sa         -2637.999164183708  -2637.890787399016  0.0003634975169974903 
1dma1malonic3sa           -2650.333332710934  -2650.2452786927506 0.00029533462412515506
2eda3sa1tma               -2652.8163406989747 -2652.718891090323  0.00032684758897303225
1fa2ma3sa1tma             -2653.3762267640377 -2653.2770695033887 0.00033257508183441565
2dma1fa1ma3sa             -2653.3774506174896 -2653.27584990352   0.00034077046442851887
1am1dma1eda3sa1tma        -2654.0171841301835 -2653.9176853733634 0.0003337204656042648 
1eda2ma3sa1tma            -2654.0185207261984 -2653.915871159783  0.00034428833277393134
2dma1eda1ma3sa            -2654.0219130641817 -2653.9182540543934 0.0003476740224327956 
4msa                      -2654.131648850194  -2654.0523911966734 0.0002658314724847403 
1dma1fa1ma1msa2sa1tma     -2656.6591649851152 -2656.5560638623238 0.00034580286027330044
3dma1fa1msa2sa            -2656.663922912994  -2656.5599863870248 0.00034860481626621925
3ma1nta3sa                -2665.98962823704   -2665.8935709040998 0.0003221778733547521 
3eda3sa                   -2668.8832689143956 -2668.787944404151  0.0003197199739897857 
1dma2ma1msa1nta2sa        -2669.278997914476  -2669.1795345468868 0.0003336017695440044 
2eda2ma3sa                -2670.0785384169    -2669.976099332464  0.0003435823727518    
1am1dma2eda3sa            -2670.0789281310135 -2669.9776431410774 0.00033971152083190953
1fa4ma3sa                 -2670.635226365564  -2670.5318468131813 0.0003467367177007385 
1dma1fa3ma1msa2sa         -2673.9245985596976 -2673.817529199831  0.0003591123926441417 
1am3sa3tma                -2677.1592831806506 -2677.0558914949147 0.00034677741316924463
1dma1ma3sa2tma            -2677.1638806988085 -2677.058610024609  0.0003530795713542306 
3dma3sa1tma               -2677.169590742643  -2677.0641513829514 0.000353645345264121  
1fa3ma2msa1sa1tma         -2677.200336405078  -2677.0883874612146 0.00037547859756055914
2dma1fa2ma2msa1sa         -2677.203148390191  -2677.092347689464  0.00037162737121004884
4ma2msa1nta1sa            -2689.8360124694573 -2689.729478893778  0.0003573153636760779 
3msa1sa                   -2690.0616561223233 -2689.9845511860804 0.000258611223354264  
1dma1fa1ma3sa1tma         -2692.5831064035333 -2692.480841951428  0.00034299665304617815
3dma1fa3sa                -2692.587772619126  -2692.486134154084  0.0003408970821455486 
1am1eda3sa2tma            -2693.2230210735543 -2693.1219760995964 0.000338906503294611  
1dma1eda1ma3sa1tma        -2693.2253590786154 -2693.1225506579954 0.0003448211323839825 
3dma1eda3sa               -2693.229840370283  -2693.1248907266495 0.00035200282956199464
1fa1ma1msa2sa2tma         -2695.861296642664  -2695.7559011301905 0.0003534982809794984 
2dma1fa1msa2sa1tma        -2695.8658752437796 -2695.759294726905  0.0003574728052144458 
1dma2ma1nta3sa            -2705.1996416228617 -2705.100397791845  0.0003328654402696494 
2ma1msa1nta2sa1tma        -2708.4862824725046 -2708.38429235379   0.0003420765343451461 
2dma1ma1msa1nta2sa        -2708.489451725465  -2708.386859678675  0.00034409541100094567
1am2eda3sa1tma            -2709.28643858536   -2709.1832418707854 0.0003461234766896137 
1dma2eda1ma3sa            -2709.2870338378707 -2709.182486034657  0.00035065505018814195
1dma1fa3ma3sa             -2709.8472562572115 -2709.740513005141  0.00035801862173308725
1fa3ma1msa2sa1tma         -2713.132498462231  -2713.0245630186605 0.00036201725161957225
2dma1fa2ma1msa2sa         -2713.135301729378  -2713.0258712390273 0.0003670316630926087 
1ma3sa3tma                -2716.3656615149566 -2716.2588696179855 0.00035818177753501885
2dma3sa2tma               -2716.3720206849393 -2716.2640034246206 0.00036229166633910037
1dma1fa2ma2msa1sa1tma     -2716.410542711728  -2716.2973475310478 0.00037965849632889395
3dma1fa1ma2msa1sa         -2716.4126179309633 -2716.29928686089   0.0003801142715841553 
1am3eda3sa                -2725.345707188588  -2725.2422762669544 0.0003469090110157988 
4ma1msa1nta2sa            -2725.755738889373  -2725.65151170449   0.0003495796910372015 
2msa2sa                   -2725.9834692938953 -2725.9071383924397 0.0002560150979570361 
1dma3ma2msa1nta1sa        -2729.045342309723  -2728.936054699267  0.00036655244157545846
1fa1ma3sa2tma             -2731.788659627196  -2731.68465430308   0.00034883556637572695
2dma1fa3sa1tma            -2731.791464136042  -2731.687223410726  0.00034962510587382636
1eda1ma3sa2tma            -2732.428201075056  -2732.3207799626102 0.0003602921765760314 
2dma1eda3sa1tma           -2732.4362845859805 -2732.331596313492  0.00035112618644582216
1dma1fa1msa2sa2tma        -2735.0692347186337 -2734.961932712548  0.00035989269188549134
2ma1nta3sa1tma            -2744.406052474077  -2744.3058077383457 0.00033622249113340685
2dma1ma1nta3sa            -2744.4131496198074 -2744.3103571575016 0.0003447676079333105 
1dma1ma1msa1nta2sa1tma    -2747.695251271691  -2747.5924394338595 0.0003448325937689991 
3dma1msa1nta2sa           -2747.6980956600178 -2747.593914458265  0.00034942546286485386
2eda1ma3sa1tma            -2748.4922871326835 -2748.3867018302262 0.00035413483970040955
2dma2eda3sa               -2748.501322622103  -2748.3965326238244 0.00035146737641938617
1fa3ma3sa1tma             -2749.0558974950386 -2748.948163729558  0.0003613408199924235 
2dma1fa2ma3sa             -2749.056408992734  -2748.948320046473  0.0003625321021662894 
1dma1fa2ma1msa2sa1tma     -2752.3400954575877 -2752.2289473634096 0.00037279253455733383
3dma1fa1ma1msa2sa         -2752.3401884973123 -2752.2276632283397 0.00037741160144778266
1dma3sa3tma               -2755.573428761311  -2755.463419384652  0.00036897325728530415
1fa2ma2msa1sa2tma         -2755.610806101524  -2755.494156855053  0.0003912434897579197 
2dma1fa1ma2msa1sa1tma     -2755.61751045394   -2755.50084529031   0.00039129687617175284
4dma1fa2msa1sa            -2755.6199161458726 -2755.503717047639  0.00038973368517018574
4ma1nta3sa                -2761.6805502059483 -2761.577253473733  0.0003464589375014883 
1msa3sa                   -2761.8979416224365 -2761.819779697852  0.0002621563796244836 
3eda1ma3sa                -2764.5534628958253 -2764.447021650814  0.0003570056850963215 
1dma3ma1msa1nta2sa        -2764.970148767138  -2764.8631053428253 0.0003590254043688722 
3ma2msa1nta1sa1tma        -2768.2493776790056 -2768.138855076287  0.00037069462591999706
2dma2ma2msa1nta1sa        -2768.251173179485  -2768.1404105393613 0.0003714997153239061 
1dma1fa3sa2tma            -2770.995011786432  -2770.8880219955063 0.0003588455171088523 
1dma1eda3sa2tma           -2771.642172937571  -2771.5358483289406 0.00035661448476041426
1fa1msa2sa3tma            -2774.2693084675684 -2774.15866698627   0.00037109334663243713
1dma1ma1nta3sa1tma        -2783.618576214411  -2783.5154800895857 0.0003457860970168893 
3dma1nta3sa               -2783.621002199276  -2783.51805870585   0.0003452741687966945 
2dma1malonic3sa           -2785.2389244178676 -2785.1409029548713 0.00032876559784194594
1ma1msa1nta2sa2tma        -2786.900223758873  -2786.794867886275  0.00035336532818420726
2dma1msa1nta2sa1tma       -2786.9042054671404 -2786.798510198499  0.0003545036680898609 
1dma2eda3sa1tma           -2787.7020649915494 -2787.592994823045  0.0003658231376993984 
1dma1fa2ma3sa1tma         -2788.265937001826  -2788.1560676187296 0.0003685037165747603 
3dma1fa1ma3sa             -2788.2677076222435 -2788.1575423335553 0.00036949618879360984
1fa2ma1msa2sa2tma         -2791.5427218499403 -2791.4305240451727 0.0003763132811254564 
2dma1fa1ma1msa2sa1tma     -2791.548216686945  -2791.43488249082   0.00038012475641083877
4dma1fa1msa2sa            -2791.5503346574255 -2791.4349090199844 0.0003871394849603561 
3sa4tma                   -2794.7733137454657 -2794.6623725877776 0.0003720984661673421 
1dma1fa1ma2msa1sa2tma     -2794.8180912636585 -2794.698890581853  0.0003998010458014696 
3dma1fa2msa1sa1tma        -2794.8239791862934 -2794.7050055426726 0.0003990395559987616 
4sa                       -2797.82012090133   -2797.746764029675  0.0002460401531272103 
1dma3ma1nta3sa            -2800.8897794525046 -2800.782528706345  0.0003597207652505824 
1dma3eda3sa               -2803.7662860708856 -2803.659689015168  0.00035752827676850636
3ma1msa1nta2sa1tma        -2804.1751585554566 -2804.0639700775464 0.00037292798225687523
2dma2ma1msa1nta2sa        -2804.177284959304  -2804.06709758262   0.0003695702722935875 
1dma2ma2msa1nta1sa1tma    -2807.456412879857  -2807.3419937412386 0.00038376367136814507
3dma1ma2msa1nta1sa        -2807.4568305202183 -2807.3416502284826 0.00038631659143276923
1fa3sa3tma                -2810.2008761618504 -2810.0930147078966 0.00036176908923006573
1eda3sa3tma               -2810.8441913921893 -2810.7331262622297 0.0003725142712040423 
1ma1nta3sa2tma            -2822.8239735786483 -2822.72037884212   0.00034745844886237314
2dma1nta3sa1tma           -2822.828169046658  -2822.723072697691  0.00035249488166124457
1dma3msa1sa               -2824.9661484762187 -2824.877464677856  0.0002974469171978895 
1dma1msa1nta2sa2tma       -2826.1063791115034 -2825.9973651113755 0.0003656347480395799 
2eda3sa2tma               -2826.905464023804  -2826.795256556515  0.00036963765651126123
1fa2ma3sa2tma             -2827.466902926701  -2827.356389367195  0.0003706642948355977 
4dma1fa3sa                -2827.4746185067884 -2827.3616887908024 0.0003787681233793361 
2dma1fa1ma3sa1tma         -2827.4752841047857 -2827.362004781543  0.00037994071186588384
1dma1fa1ma1msa2sa2tma     -2830.7489264058436 -2830.6309573915782 0.0003956700126290891 
3dma1fa1msa2sa1tma        -2830.7545765120867 -2830.637920504074  0.0003912661680825214 
2dma1fa2msa1sa2tma        -2834.01503530266   -2833.89404023932   0.0004058194309569826 
1fa1ma2msa1sa3tma         -2834.018320083276  -2833.8969370639225 0.0004071206418073549 
2dma2ma1nta3sa            -2840.1005770224374 -2839.99204844986   0.0003640066160563053 
3ma1nta3sa1tma            -2840.1021686393806 -2839.994754136873  0.0003602700067328146 
3eda3sa1tma               -2842.968004973808  -2842.8603138047984 0.0003611979507299597 
1dma2ma1msa1nta2sa1tma    -2843.384760453539  -2843.2738916567246 0.0003718557666087252 
3dma1ma1msa1nta2sa        -2843.385029788365  -2843.271858071153  0.00037957979947025167
2ma2msa1nta1sa2tma        -2846.655075046353  -2846.5395603961842 0.0003874380351131579 
2dma1ma2msa1nta1sa1tma    -2846.6608074203004 -2846.543618967343  0.00039305199717574085
4dma2msa1nta1sa           -2846.661045658771  -2846.5432106138555 0.0003952206772288121 
4eda3sa                   -2859.0285746148666 -2858.917318064765  0.00037315629750454306
1dma2msa2sa               -2860.8939982985107 -2860.804790702128  0.00029920374436634   
1dma1nta3sa2tma           -2862.0320070657544 -2861.925905437831  0.00035586660380045986
1msa1nta2sa3tma           -2865.3070119786025 -2865.1975794345144 0.0003670385513623713 
1dma1fa1ma3sa2tma         -2866.675608850346  -2866.5618028712515 0.000381707124250082  
3dma1fa3sa1tma            -2866.6816386896967 -2866.566512772964  0.00038613421677961124
1fa1ma1msa2sa3tma         -2869.945629664027  -2869.8268858664046 0.0003982686487407454 
2dma1fa1msa2sa2tma        -2869.9561385511956 -2869.838471611864  0.000394656848334627  
1dma1fa2msa1sa3tma        -2873.213190952065  -2873.0911256688223 0.00040940896609879915
3dma1ma1nta3sa            -2879.3090671809373 -2879.1982293570895 0.0003717518827701087 
1dma2ma1nta3sa1tma        -2879.3100580948662 -2879.2009083893877 0.00036608990601481254
2ma1msa1nta2sa2tma        -2882.588261909685  -2882.4752451657046 0.00037906001670576434
2dma1ma1msa1nta2sa1tma    -2882.5901723074744 -2882.475114908181  0.0003859044081637498 
4dma1msa1nta2sa           -2882.5932725245166 -2882.4779367493584 0.0003868380853884803 
3dma2msa1nta1sa1tma       -2885.861705606776  -2885.7425928742614 0.00039950606243168167
1dma1ma2msa1nta1sa2tma    -2885.866071311299  -2885.7475603414155 0.0003974877406790336 
1ma4sa                    -2893.5204907230313 -2893.4380731056176 0.00027643004331277316
1dma1msa3sa               -2896.813688939166  -2896.728354759905  0.0002862122396806323 
1nta3sa3tma               -2901.2365818771905 -2901.1272622593797 0.0003666597947684931 
1fa1ma3sa3tma             -2905.879507575275  -2905.7639672531586 0.00038752413924627124
2dma1fa3sa2tma            -2905.88308759574   -2905.7659816898213 0.0003927751330480193 
1dma1fa1msa2sa3tma        -2909.1558983632603 -2909.0353668770294 0.0004042645857173499 
1fa2msa1sa4tma            -2912.4122947738692 -2912.285689410714  0.00042463646874406217
2ma1nta3sa2tma            -2918.512330182861  -2918.4012546204044 0.0003725492619698221 
4dma1nta3sa               -2918.518333795401  -2918.4049484703114 0.0003802962438008238 
2dma1ma1nta3sa1tma        -2918.519742456041  -2918.407997725656  0.0003747936622013023 
1dma1ma1msa1nta2sa2tma    -2921.794417201272  -2921.677483018234  0.00039219917168643815
3dma1msa1nta2sa1tma       -2921.7961092270184 -2921.6794221693167 0.00039137030924465277
2dma2msa1nta1sa2tma       -2925.060941148043  -2924.9376104373873 0.0004136532304407795 
1ma2msa1nta1sa3tma        -2925.0658211216614 -2924.945123703975  0.0004048211225452421 
1dma4sa                   -2932.7341451246098 -2932.6492787174025 0.0002846433245260767 
1dma1fa3sa3tma            -2945.087718495349  -2944.968898875365  0.00039852295818933815
1fa1msa2sa4tma            -2948.353025698969  -2948.2301401112363 0.0004121602808439417 
3dma1nta3sa1tma           -2957.725018065273  -2957.6101348326843 0.00038532025017068666
1dma1ma1nta3sa2tma        -2957.7254743802905 -2957.6110176643224 0.00038388970641592483
2dma3msa1sa               -2959.868667522861  -2959.769286777898  0.00033332465189501076
1ma1msa1nta2sa3tma        -2960.9968676157278 -2960.878320582     0.0003976086994058994 
2dma1msa1nta2sa2tma       -2961.0007520312092 -2960.8814880383197 0.0004000133922169877 
1dma2msa1nta1sa3tma       -2964.244465135405  -2964.120865147522  0.0004145563906857919 
3am4sa                    -2967.2908872448743 -2967.202845891151  0.0002952921473203851 
1fa3sa4tma                -2984.2872669783865 -2984.1674083780454 0.0004020077153834295 
2ma4sa                    -2989.2174458745126 -2989.1278323401925 0.0003005652668815424 
2dma2msa2sa               -2995.7949995676813 -2995.6972363469918 0.0003278994489020435 
1ma1nta3sa3tma            -2996.928045654315  -2996.8125365728306 0.0003874193576543492 
2dma1nta3sa2tma           -2996.9308697967285 -2996.8138547096755 0.00039247052508397013
1dma1msa1nta2sa3tma       -3000.202114033777  -3000.0819518145686 0.0004030260580534288 
2msa1nta1sa4tma           -3003.467031624649  -3003.3409857383863 0.00042275997404957915
2am1ma4sa                 -3006.499545373896  -3006.407763059659  0.0003078393903649344 
4am4sa                    -3023.7732853689463 -3023.676481305833  0.00032468241862731165
2dma1msa3sa               -3031.720527532359  -3031.623070853829  0.000326871301458401  
1dma1nta3sa3tma           -3036.134940966805  -3036.017537330755  0.0003937737248024804 
1msa1nta2sa4tma           -3039.3953243183323 -3039.2711900677987 0.0004163483163954247 
1am2ma4sa                 -3045.7066920948464 -3045.6108460485566 0.00032146921445559993
2am1dma4sa                -3045.7088596196336 -3045.614388432423  0.00031685791450680457
3am1ma4sa                 -3062.977257038355  -3062.879933021233  0.0003264263529191418 
2dma4sa                   -3067.640788506936  -3067.546686723605  0.00031561892782388027
1nta3sa4tma               -3075.3358758821078 -3075.2154486843565 0.0004039148004423581 
2am4sa1tma                -3084.913964744422  -3084.8186550208115 0.00031967037937305297
1am1dma1ma4sa             -3084.9173352450834 -3084.819012745307  0.0003297752801488975 
3ma4sa                    -3084.918267720024  -3084.8192593057715 0.0003320758485736548 
3dma3msa1sa               -3094.7696642500064 -3094.659438294569  0.00036969966606448804
2am1eda4sa                -3100.9811454821556 -3100.8860054225916 0.000319101323373655  
2am2ma4sa                 -3102.1878316624175 -3102.0871084546193 0.00033782729430658704
3am1dma4sa                -3102.1942748750234 -3102.094382430554  0.0003350409004514082 
1am1ma4sa1tma             -3124.121384709761  -3124.0241711043122 0.0003260560303488307 
1dma2ma4sa                -3124.1261785820875 -3124.024117580326  0.0003423142772451705 
1am2dma4sa                -3124.1283004242246 -3124.0270385682056 0.00033963392929359595
3dma2msa2sa               -3130.696291449689  -3130.5884938544423 0.000361554906078337  
1am1eda1ma4sa             -3140.190465376813  -3140.091969196031  0.0003303578090970263 
2am1dma1ma4sa             -3141.3938975806636 -3141.2899492743177 0.0003486443278429239 
1am3ma4sa                 -3141.394680767903  -3141.290960890642  0.0003478781729334253 
3am4sa1tma                -3141.399067963464  -3141.2973415897973 0.00034119192912170754
3am1eda4sa                -3157.4560210745776 -3157.3543337461824 0.00034106097063505916
2ma4sa1tma                -3163.3335873054707 -3163.231010839831  0.0003440431515674291 
1am1dma4sa1tma            -3163.335068299952  -3163.2310314526744 0.00034894129558189557
2dma1ma4sa                -3163.337377204871  -3163.2328604804516 0.00035055081139902076
3dma1msa3sa               -3166.6216022607923 -3166.515429745533  0.0003561043610882406 
1eda2ma4sa                -3179.398135648711  -3179.2961068479626 0.00034220627452189844
1am1dma1eda4sa            -3179.403695503643  -3179.301658186891  0.00034223483733599255
4ma4sa                    -3180.6041375833584 -3180.4967205801922 0.00036027839398219817
1am1dma2ma4sa             -3180.606020276417  -3180.498726957869  0.00035986355374053713
2am1ma4sa1tma             -3180.608788345346  -3180.505886400421  0.0003451348144408328 
2am2dma4sa                -3180.609822151343  -3180.5055431508836 0.00034975348132921353
2am1eda1ma4sa             -3196.664487004915  -3196.5605455585173 0.00034862131946217044
1am4sa2tma                -3202.5417128152803 -3202.439572921501  0.0003425788823736089 
3dma4sa                   -3202.5443404259922 -3202.439269631731  0.00035240917075790617
1dma1ma4sa1tma            -3202.5460805606326 -3202.4399497280056 0.00035596455685552074
1dma1eda1ma4sa            -3218.6049612523025 -3218.5003410552986 0.00035089786015057503
1am1eda4sa1tma            -3218.610572100229  -3218.5109968396496 0.0003339770604743892 
1dma3ma4sa                -3219.81515822081   -3219.70651227687   0.0003644002815370688 
1am2dma1ma4sa             -3219.815297894053  -3219.70788424634   0.00036026713973896443
2am1dma4sa1tma            -3219.816949189039  -3219.709250979195  0.0003612215658031899 
1am2ma4sa1tma             -3219.819506724205  -3219.713532373382  0.0003554397143135252 
4dma3msa1sa               -3229.658591861028  -3229.537220322717  0.00040708213419914996
1am2eda4sa                -3234.6722375396084 -3234.569083560151  0.00034598014240140096
1am1eda2ma4sa             -3235.873566359109  -3235.765223161636  0.0003633848649088652 
2am1dma1eda4sa            -3235.8759747618324 -3235.7712161570735 0.00035136208203573067
1ma4sa2tma                -3241.7512138859347 -3241.6456668062874 0.00035400663977029124
2dma4sa1tma               -3241.757230619686  -3241.651190453639  0.0003556604596585514 
1eda1ma4sa1tma            -3257.8146920956156 -3257.70874456521   0.00035534975819597164
2dma1eda4sa               -3257.8257957994215 -3257.721117755779  0.000351091878728106  
2am4sa2tma                -3259.023175619718  -3258.9141659916904 0.0003656200839454186 
2dma2ma4sa                -3259.0249993396137 -3258.9148032622816 0.00036959945440585953
1am3dma4sa                -3259.0258718254727 -3258.9154535112903 0.00037034484045563726
1am1dma1ma4sa1tma         -3259.0272958262162 -3258.9154359929184 0.00037517971926030004
3ma4sa1tma                -3259.028997707278  -3258.9185242050407 0.00037052994210226196
4dma2msa2sa               -3265.5913912781257 -3265.4717636981436 0.0004012328693013108 
2eda1ma4sa                -3273.8803130185247 -3273.7749937423237 0.0003532425832665521 
2am1eda4sa1tma            -3275.0822160088296 -3274.976721731971  0.00035382953835075634
1eda3ma4sa                -3275.082453105519  -3274.9735591408376 0.0003652321471798755 
1am1dma1eda1ma4sa         -3275.0851843996757 -3274.977737496594  0.0003603786787927469 
1dma4sa2tma               -3280.9576803458563 -3280.8502153693203 0.00036043929745489817
2am2eda4sa                -3291.143659289626  -3291.036653418957  0.00035889944883355944
1dma1eda4sa1tma           -3297.024580057009  -3296.9188569443777 0.00035459705729074133
1am1ma4sa2tma             -3298.226637205505  -3298.1169910196836 0.0003677551092468507 
1am2dma4sa1tma            -3298.232794687148  -3298.1187689848352 0.00038244407952979124
1dma2ma4sa1tma            -3298.2356636753934 -3298.123455008202  0.00037634971387186375
3dma1ma4sa                -3298.2365550482205 -3298.1239334249035 0.00037773477550559834
4dma1msa3sa               -3301.519027059182  -3301.4010111900834 0.0003958271645075794 
1dma2eda4sa               -3313.090082774655  -3312.98546503187   0.00035088962866068753
1am1eda1ma4sa1tma         -3314.291147946123  -3314.1781213946647 0.0003790929111470625 
1dma1eda2ma4sa            -3314.293234864161  -3314.179535423584  0.00038134979230801847
1am2dma1eda4sa            -3314.294902606179  -3314.185923578488  0.00036551744991151965
4sa3tma                   -3320.1646626331835 -3320.054949110882  0.0003679809569056272 
1am2eda1ma4sa             -3330.353124468493  -3330.2430593793356 0.0003691601179210158 
1eda4sa2tma               -3336.2390580187807 -3336.1323780460375 0.00035780638183283684
1am1dma4sa2tma            -3337.439228377529  -3337.325993577459  0.0003797913804147522 
2ma4sa2tma                -3337.4405660690545 -3337.324689547757  0.0003886517568277674 
2dma1ma4sa1tma            -3337.4415135135355 -3337.327004872183  0.00038406386500819216
4dma4sa                   -3337.444478495885  -3337.328340355587  0.00038952923125586835
2eda4sa1tma               -3352.2927937962804 -3352.183771541203  0.00036566243527526385
1am1dma1eda4sa1tma        -3353.4996030953507 -3353.3873771135286 0.00037640778742594746
2dma1eda1ma4sa            -3353.5027906389987 -3353.3894064745373 0.0003802923510366811 
1eda2ma4sa1tma            -3353.5049161961024 -3353.393133770918  0.0003749200911778933 
3eda4sa                   -3368.364610480876  -3368.2595199564585 0.00035247534602415355
2eda2ma4sa                -3369.558027507344  -3369.4491646707133 0.0003651277431820492 
1am1dma2eda4sa            -3369.5627305566454 -3369.454604066045  0.0003626580264994226 
1dma1ma4sa2tma            -3376.6460235659783 -3376.528851243365  0.00039299789573658757
1am4sa3tma                -3376.6495398596026 -3376.5350511702845 0.00038399694555657396
3dma4sa1tma               -3376.6495761713395 -3376.5316201358473 0.0003956264816109459 
3msa2sa                   -3389.514288473755  -3389.4240561368124 0.0003026407410477205 
1am1eda4sa2tma            -3392.7088008379396 -3392.5955267557138 0.0003799231334104424 
1dma1eda1ma4sa1tma        -3392.7127014497028 -3392.598182303751  0.0003840990976075777 
3dma1eda4sa               -3392.713512962295  -3392.5992497864213 0.00038324056976247035
1am2eda4sa1tma            -3408.7674026358063 -3408.6575884933236 0.0003683184386511746 
1dma2eda1ma4sa            -3408.773738753138  -3408.6623348467447 0.00037365053293265813
1ma4sa3tma                -3415.857119781242  -3415.739451910184  0.0003946599733645821 
2dma4sa2tma               -3415.857940926081  -3415.738536487186  0.0004004844504291106 
1am3eda4sa                -3424.830593829946  -3424.7246546533447 0.00035532173939745675
2msa3sa                   -3425.4334537263703 -3425.343707867848  0.0003010090844279982 
1eda1ma4sa2tma            -3431.9192898082993 -3431.8015932367516 0.0003947562352782644 
2dma1eda4sa1tma           -3431.9237132071266 -3431.8070594157216 0.00039125873353898277
2eda1ma4sa1tma            -3447.9805820897814 -3447.8689706407845 0.000374346634232492  
2dma2eda4sa               -3447.986744785481  -3447.8717056553883 0.00038584313296278144
1dma4sa3tma               -3455.0633392261207 -3454.9437806819315 0.00040100132211685864
3eda1ma4sa                -3464.0439424261704 -3463.9300477830147 0.0003820045049672264 
1dma1eda4sa2tma           -3471.1253226832096 -3471.005499092368  0.00040189029294508644
1dma2eda4sa1tma           -3487.192506030627  -3487.07339338719   0.000399505763665921  
4sa4tma                   -3494.269378214031  -3494.1465386570394 0.0004120058929773379 
1dma3eda4sa               -3503.2555040517514 -3503.1357661290663 0.0004016029605410237 
1eda4sa3tma               -3510.3314701722    -3510.207732493217  0.0004150182089004934 
2eda4sa2tma               -3526.3967256946107 -3526.2810293888306 0.00038804731101849956
3eda4sa1tma               -3542.4560957895687 -3542.337673347201  0.00039719081793465117
4eda4sa                   -3558.5217305095193 -3558.403471734706  0.00039664187427112515
3msa3sa                   -4088.9733782711373 -4088.870781513643  0.0003441112107786655 
