1.4725873750340506 1.403690672394443 1.3956868489668925 1.480591198461601
1.4725825197808007 1.4036838876742457 1.3956813652333502 1.480585042221696
1.4725796272692282 1.4036828694042658 1.3956783372656898 1.4805841594078042
1.4725794476352232 1.403680812590776 1.3956775003240982 1.4805827599019012
1.4725706064795485 1.4036660963310568 1.3956632368146167 1.4805734659959888
1.4725760581204783 1.4036744629355056 1.3956715517616152 1.4805789692943685
1.0383320518447616 1.0480751221004285 1.0217870674068554 1.0646201065383347
1.1285933053016974 1.1310506540687921 1.1064829472280966 1.153161012142393
1.4725778161276866 1.403677718101156 1.395675490271899 1.4805800439569432
1.0698247317320546 1.086356055000991 1.117452143819962 1.0387286429130835
1.048081606190834 1.0383291782880928 1.0646258356619098 1.021784948817017
1.4725803780020998 1.4036808097631397 1.3956779589042059 1.4805832288610339
1.1285923156772755 1.13105066037628 1.106482083812815 1.1531608922407406
1.0698268253050705 1.0863590933100253 1.1174542152624478 1.038731703352648
1.4725784287994605 1.403678806485063 1.395675812062594 1.4805814232219294
1.0480857998600346 1.0383380370990205 1.0646304913235174 1.0217933456355377
1.0698240304075233 1.086356551541732 1.117452098889715 1.0387284830595402
1.1285908382104328 1.1310509465659937 1.1064808488313946 1.1531609359450319
1.04806131071492 1.0383198406597236 1.0646070282406748 1.0217741231339688
1.4725702690625126 1.4036600196843656 1.3956569450628584 1.48057334368402
1.0698259093678455 1.0863578686188657 1.1174536830993735 1.0387300948873377
1.0480815940993538 1.0383350820630113 1.0646259114081889 1.0217907647541762
1.0480879147434954 1.0383386601201325 1.0646318034544417 1.0217947714091862
1.0698255750939936 1.0863578421229931 1.1174528839990159 1.0387305332179708
1.4725746517310843 1.4036738141669831 1.395669358278121 1.4805791076199464
1.069826937611627 1.086358547389916 1.1174543641417027 1.0387311208598402
1.0480835648775657 1.038338458394842 1.0646283546280109 1.021793668644397
1.0698257661538197 1.086356331748073 1.1174529049841713 1.0387291929177214
1.0698294914113566 1.086363916559108 1.1174556177682002 1.0387377902022643
1.4725818241719555 1.4036775408672724 1.395677026920116 1.4805823381191119
1.0698263052088608 1.0863596244643339 1.1174536951662382 1.0387322345069565
1.4725790031856474 1.4036780325845633 1.3956750752686662 1.4805819605015442
1.0698261928044581 1.0863590601821154 1.1174533565434084 1.0387318964431649
1.472577027534481 1.4036768484211217 1.3956740899362172 1.4805797860193852
1.069825614327324 1.0863569458041435 1.1174527326681083 1.0387298274633592
1.0698246806039924 1.0863548319752512 1.1174522175060018 1.0387272950732418
1.472578583190038 1.4036779759259512 1.395675204849941 1.4805813542660482
1.4725785393489537 1.4036784960180375 1.3956757382755782 1.480581297091413
1.069822688920944 1.086359409862266 1.1174510908068331 1.0387310079763767
1.4725765122011154 1.4036743469482913 1.3956714729279969 1.48057938622141
1.4725784242567168 1.4036785498295123 1.395675456689197 1.4805815173970323
1.4725781063362995 1.4036773529210942 1.3956746657991097 1.480580793458284
1.0480797188496396 1.0383290371722051 1.0646250173570233 1.0217837386648214
1.0480819806391386 1.0383335132487606 1.06462622540298 1.0217892684849192
0.03717487195344695 0.03574828371843726 0.03609489272171276 0.03682826295017145
Ea: 1.6966 kcal/mol  Q_TS: 2.9280230438572134e+17  k: 2.894382178850205e-12
