Cluster		E(wB97X-D)	H-corr:		G-corr:		H(wB97X-D)	G(wB97X-D)	S(wB97X-D)	E(DLPNO)
1sa		-700.126098	0.045614	0.011148	-700.080484	-700.114950	72.540		-699.460421	
1oa		-378.230946	0.056607	0.021456	-378.174339	-378.209490	73.982		-377.840549	
1w		-76.409619	0.025505	0.004091	-76.384115	-76.405528	45.069		-76.342066	
1sa_1oa		-1078.380421	0.104083	0.050086	-1078.276338	-1078.330335	113.648		-1077.323217	
1sa_1oa_1w	-1154.813052	0.132446	0.072597	-1154.680606	-1154.740455	125.962		-1153.685649	
1sa_1oa_2w	-1231.246162	0.160313	0.094725	-1231.085848	-1231.151437	138.043		-1230.047175	
1sa_1oa_3w	-1307.679968	0.187532	0.118170	-1307.492437	-1307.561798	145.984		-1306.406411	
1sa_1oa_4w	-1384.117088	0.217603	0.148704	-1383.899485	-1383.968384	145.011		-1382.772866	
1sa_1oa_5w	-1460.548459	0.245868	0.171301	-1460.302591	-1460.377158	156.938		-1459.131416	
1sa_1oa_6w	-1536.981136	0.274575	0.191994	-1536.706561	-1536.789142	173.806		-1535.495218	

