#CLUSTER   ddG_298.15K_[kcal/mol]  ddH_298.15K_[kcal/mol]  ddS_298.15K_[cal/mol/K]  ddE_[kcal/mol]
2w         1.8411917457415257      -4.66099722526269       -21.808448670125372      -6.430299091312918
3w         1.3140277183556464      -15.568298655882245     -56.62360011479821       -19.45103139601997
4w         -0.5390977410133928     -27.255857029085746     -89.60844973358675       -32.981857751932694
6w         -0.5944273218046874     -46.053877010941505     -152.4717413687382       -55.33090708596865
5w         -1.011399451555917      -37.23161360426457      -121.4831935358321       -44.81986487220274
7w         -1.0409748365054838     -59.380767758062575     -195.6726242549156       -71.41188931884244
1msa1w     -2.13343833838735       -12.14127494701097      -33.566448460707626      -13.926622618193505
8w         -2.877920812694356      -72.49687156948494      -233.50310500326998      -86.62848240404855
1sa1w      -3.30381764521735       -12.469794878656103     -30.742838280859424      -14.160736457357416
1msa2w     -4.698706590585061      -24.861909289858886     -67.6277132288146        -28.395383355673403
9w         -5.630588598840404      -85.42491059546592      -267.63146737088607      -101.40102299134014
2sa        -5.794637149083428      -17.86513896996621      -40.48466148194939       -19.171219399780966
1sa2w      -6.029244910940179      -25.308447096627788     -64.66276097836757       -28.590263824909925
2msa       -6.15864097175654       -19.675376092549413     -45.335351737863945      -21.12696301995311
10w        -6.426809790544212      -97.22219720273279      -304.5292215736746       -115.34879308816744
1msa3w     -7.071885034849402      -37.43419723055558      -101.83569409890758      -41.91140503328643
1sa3w      -8.11939392745262       -37.205639177176636     -97.55574459031394       -42.38170849173912
2msa1w     -8.214862069849914      -31.503518784571497     -78.11053736217119       -34.32585158388247
1msa1sa    -8.566128910752013      -21.813260163296945     -44.43109593279519       -23.320732960419264
1b1gd      -9.393819323726348      -20.29442371793266      -36.56080628628139       -21.65999544330407
2sa1w      -10.198105688476062     -32.06834049014287      -73.35312695522992       -35.023924826207804
2msa1sa    -12.158946573908906     -38.56680368835805      -88.57238676624745       -40.954981024668086
1msa1sa1w  -12.523657753052248     -35.258775768721534     -76.25395946847715       -37.998840621410636
2msa2w     -13.049239439147641     -48.3452042046265       -118.38324590087996      -52.184903727436904
1msa1sa2w  -13.506415745374397     -46.39582330211124      -110.31161347142924      -50.640964598511346
2sa2w      -14.28022197233804      -47.51740216273174      -111.47804860103396      -52.03525179188
1msa2sa    -14.343788940343075     -40.33017017354723      -87.15874973380774       -42.727665077196434
2msa3w     -14.602324289851822     -59.98481131228618      -152.2136073192657       -65.46106301082182
1msa1sa3w  -15.794441605277825     -60.00539252226008      -148.28425596745515      -65.4550521595229
2msa1sa1w  -16.407624879946525     -54.031855605288        -126.19228819452093      -57.78504747382249
1b2gd      -18.08905040434911      -44.013220426189946     -86.95009230867342       -47.18600674933987
2msa2sa    -18.22868877206929      -57.75413011107594      -132.5689798374464       -61.10964571626391
2sa3w      -18.230754094780423     -61.58537694707047      -145.41211756574037      -67.74690709399874
1msa2sa1w  -18.375347374509147     -55.0942880468574       -123.15593047925123      -58.62619077265845
1msa2sa2w  -21.673805292884936     -68.85155650014349      -158.23495290092822      -74.40859703795286
2msa1sa2w  -22.654892407605075     -72.06040098892117      -165.70688774429527      -76.52381489810068
2msa2sa1w  -23.169037484949513     -73.01010346788826      -167.1677544275763       -77.98887702546199
2msa1sa3w  -23.414524267136585     -81.60971484082984      -195.18762560263758      -88.68422364725848
1msa2sa3w  -24.571076472173445     -82.24862956814468      -193.45146099589704      -89.86432524162228
1b3gd      -27.573388752236497     -65.8716674062889       -128.45305602602718      -70.35143146233167
2msa2sa2w  -28.992219218358514     -91.14136593982403      -208.44925950468667      -97.0101525755017
1b1sa      -33.375963373167906     -47.24782373290509      -46.52644762607943       -48.20164796488825
2msa2sa3w  -34.16139837750234      -107.6873052654555      -246.60710007698256      -114.51320344171836
1b2sa      -49.844880247837864     -76.62032842996996      -89.805293248158         -78.72778264072258
1b1gd1sa   -50.643323222582694     -77.39002734975656      -89.7088852160386        -81.20298140204977
2b3gd1sa   -61.89864216512069      -131.01286524091847     -231.81024006622744      -140.07967651786748
1b3sa      -61.935541121987626     -101.01030319649726     -131.0573941785281       -104.7135628850665
1b2gd1sa   -65.29289613297442      -105.61957851919578     -135.2563554791957       -110.42192755587166
1b1gd2sa   -76.62951946642715      -116.96429368760437     -135.28349562749185      -121.79373082041275
1b3gd1sa   -85.53886026307009      -140.43293246405665     -184.11562032810224      -147.52217961428687
2b4gd1sa   -95.43231031973846      -178.026347139501       -277.0217569000157       -188.69819794333307
1b4gd1sa   -97.35375758283772      -164.28403861820698     -224.48526257119067      -171.93280245555798
1b1gd3sa   -99.83648819010705      -154.1984031558968      -182.33075621523392      -159.7906840380747
1b2gd2sa   -109.1233876197366      -159.3602939649718      -168.4954095090821       -167.07645884808153
1b1gd4sa   -110.69815250486135     -176.6296466817148      -221.13531503058925      -184.11065716855228
1b3gd2sa   -125.66827629355248     -193.21016463136766     -226.53660351426032      -201.960991538479
1b2gd3sa   -129.2256380864419      -196.79497362021357     -226.62866185959984      -205.77782810828649
1b2gd4sa   -143.37568369181827     -223.354945987463       -268.2517601738157       -232.70355764613487
1b4gd2sa   -144.69898271386046     -225.51696698658634     -271.06484746773447      -235.7231535379542
1b2gd5sa   -156.10269520105794     -250.66398620512336     -317.16012411294514      -261.0442750742659
1b3gd3sa   -160.20157508808188     -241.80256820563227     -273.69107200217707      -253.7666879238095
1b5gd2sa   -168.10000464809127     -261.87674397963565     -314.5287249083259       -274.279011755134
1b3gd4sa   -177.55875925230794     -273.43486113031395     -321.57002139332786      -285.1028097474482
1b4gd3sa   -190.9764089358505      -287.3775676381774      -323.33107060880985      -301.51161222252995
1b3gd5sa   -191.33518389984965     -300.121076060459       -364.86967016778954      -312.61089971940964
1b3gd6sa   -202.45724330516532     -325.47418068069965     -412.6008297021759       -338.6762159685604
1b5gd3sa   -203.60312310233712     -312.8819015745539      -366.52281895807334      -327.63069983175956
1b4gd4sa   -213.90180145506747     -323.55650841235183     -367.7836892731835       -338.6083433618769
1b6gd3sa   -224.42573027592152     -345.9961349712685      -407.74913531755146      -362.1846388417762
1b4gd5sa   -228.45964233251289     -349.4177129594609      -405.6953567902134       -365.42728443909436
1b5gd4sa   -242.05975811439566     -364.2789614018984      -409.9252164594722       -381.20582290156744
