1.3896730560778892 1.2693263749460806 1.2379183730281629 1.4210810579958069
1.4775959168258819 1.435639371152046 1.4332498659986606 1.4799854219792672
1.4776028438602404 1.4356490073666484 1.4332596829635889 1.4799921682633
1.477597979954918 1.4356419143663257 1.4332528168710317 1.479987077450212
1.4775982612779714 1.4356419260956244 1.433252215519016 1.4799879718545799
1.4395471242893287 1.3992415512014704 1.3962338338237283 1.4425548416670708
0.8608498267432483 0.8713239043054919 0.8970617131892638 0.8351120178594763
0.7909945953919146 0.8041923485262881 0.8262346887479476 0.768952255170255
1.4395399910736357 1.3992329901797191 1.3962240801274497 1.4425489011259054
0.8532399671346451 0.8597899541895457 0.8958420590912128 0.817187862232978
1.3896693303807783 1.2693243671934924 1.2379133507346087 1.421080346839662
0.8763485654051643 0.8784870448996516 0.9042409394250751 0.8505946708797407
0.9422715052857185 0.9405994252398248 0.95903529601187 0.9238356345136733
0.9406050613635824 0.9422678407974676 0.9238380314518606 0.9590348707091894
0.942269619823229 0.9406047591659532 0.9590362613822137 0.9238381176069685
0.9553335966377826 0.951252124458356 0.9883888495696143 0.9181968715265243
0.9553357317061202 0.9512479344007789 0.9883879503337438 0.9181957157731553
1.2837870218186063 1.150693703320507 1.103062796000887 1.331417929138226
0.2025383349397046 0.20346494969827408 0.2138848173785639 0.19211846725941478
0.20253938748565253 0.20346851256924448 0.21388797280647667 0.19211992724842034
0.20253722385008907 0.20346843106405477 0.21388883059410738 0.19211682432003646
0.0022890370984712397 0.0034694021540938765 0.0033208130826354616 0.0024376261699296546
0.2025383349397046 0.20346494969827408 0.2138848173785639 0.19211846725941478
0.20253939434452226 0.20346850473426706 0.2138879796653464 0.19211991941344292
0.20254094543774379 0.20346726725446249 0.21388681510343466 0.19212139758877161
1.3896737492636624 1.2693331549411098 1.237921397518425 1.4210855066863473
0.002289028540436523 0.003469410951917145 0.0033208219921026594 0.002437617500251008
0.20253723502748777 0.20347698491866117 0.21389533726587875 0.1921188826802702
0.202541021564737 0.20346657618005326 0.2138861792093514 0.19212141853543885
