#CLUSTER    ddG_298.15K_[kcal/mol]  ddH_298.15K_[kcal/mol]  ddS_298.15K_[cal/mol/K]  ddE_[kcal/mol]
4am         7.881928188202437       -16.997076997969998     -83.44459227293895       -21.997742783511057
3dma        7.591397911484819       -13.065190092747798     -69.2825356507426        -16.044572124199476
3am         5.465101488225628       -10.704189612573828     -54.23206808924061       -14.006814740554546
2dma        5.10795690616942        -4.349485106300563      -31.720415939919988      -5.74578141971142
1am1dma     3.6988647881080396      -3.140749554760987      -22.94017891291385       -4.57441265907255
2am         2.9623647326079663      -2.751409552831319      -19.16409285743599       -4.294765821643523
2sa         -6.115942693082616      -17.600496396771632     -38.519381866943846      -18.82796270865947
1am1sa      -8.56564960454125       -17.52661963069113      -30.055240738233067      -18.910478600184433
3sa         -10.036761716473848     -34.677384096663445     -82.64505242333664       -37.1560728426557
1dma1sa     -13.581995310611092     -23.999010582396295     -34.9388404216687        -26.652913196128793
2am1sa      -14.230944625509437     -32.59874144842615      -61.60589241291096       -35.683181235042866
4sa         -15.743932604556903     -51.63910816097632      -120.39300874198648      -55.37828557030298
3am1sa      -16.485631305084098     -45.382972196443006     -96.92215626792975       -51.18563958705636
2dma1sa     -16.8413530223188       -39.24404512287583      -75.13899748624459       -43.18399278871948
2am1dma1sa  -16.86752210580744      -48.00100162142189      -104.42220196415276      -53.51283122348832
1am1dma1sa  -17.797162367322017     -38.57649247016525      -69.69421466663242       -43.065669442585204
4am1sa      -18.90434556826949      -57.81019897048827      -130.49087171616424      -65.24856777937384
1am2dma1sa  -20.27589487755904      -53.6886150498176       -112.06681258532656      -59.639812683628406
3dma1sa     -21.495489635970443     -55.91879840526963      -115.45634334841297      -61.37586009904044
4dma1sa     -22.848331958346535     -70.7727865211782       -160.73940822714792      -77.97988942539087
1am2sa      -23.206272976007313     -45.78440210002009      -75.72741614644826       -49.5723478224827
1am3sa      -31.124985076487064     -66.09676525671966      -117.29592547408612      -70.69326673378237
1dma2sa     -32.02590304904152      -56.05695750808809      -80.6005515979916        -60.49854062462691
2am2sa      -33.54800833470654      -66.13882455055136      -109.31013320737479      -72.3983102296479
1am4sa      -37.62800277676433      -86.7569972872734       -164.77945500792563      -91.80375654459931
3am2sa      -39.802381131914444     -83.06470776791684      -145.10255453939723      -91.45459228940308
1am1dma2sa  -41.06318481208291      -75.45605131797493      -115.35423949633037      -82.42945157759823
1am5sa      -42.49418731033802      -105.0366542013362      -209.7684618172298       -113.6743846652098
1dma3sa     -43.039407131727785     -80.4321505848784       -125.41587607957413      -86.38850743579678
4am2sa      -43.907474016188644     -97.08479878597427      -178.35762123044023      -107.11318405531347
3am1dma2sa  -44.683644819655456     -99.99917794857174      -185.5292072077295       -109.37357297749259
2am1dma2sa  -45.23589700728189      -92.4166619911557       -158.24506115617228      -100.58430675277486
2am3sa      -47.030175163876265     -92.95524334791116      -154.03343345260606      -100.9712414178066
1dma4sa     -47.672903769649565     -98.58928560046479      -170.7743814544461       -106.4810932551045
2dma2sa     -49.637404695968144     -86.57200495677534      -123.87925628308304      -94.39901244279463
2am2dma2sa  -52.511293355957605     -107.78563542186748     -185.3910517050833       -118.24453657877166
1dma5sa     -53.60214131092653      -117.88988900696859     -215.62216231983368      -126.95063267741352
1am2dma2sa  -53.737458625109866     -99.89310887979809      -154.8068095075936       -109.13357466610614
1am1dma3sa  -55.94233987526968      -103.75417541526258     -160.36168217363007      -112.44595969212241
3dma2sa     -57.430408660671674     -106.47720333654433     -164.5037554112794       -115.43730426882394
2am4sa      -57.44806812214665      -118.02702401182614     -203.1828136493979       -128.10874066804536
4dma2sa     -60.34029034769628      -121.99517652322538     -206.7915015114842       -132.3585614619078
1am3dma2sa  -60.80901169835124      -120.5836759279482      -200.48520620370672      -132.38784941122867
3am3sa      -61.587411692598835     -118.10327619616874     -189.5551383652254       -129.02667577611282
2am5sa      -61.940594219602644     -135.21033910289407     -245.74792850496442      -146.3309345706366
2dma3sa     -64.21020599361509      -113.93276985618286     -166.77029636939608      -123.44925378775224
1am1dma4sa  -65.83098255144432      -126.8796988800168      -204.75839788189316      -136.83076015743427
2am1dma3sa  -70.71445706742816      -129.807670092443       -198.19960766372614      -141.34830347425304
4am3sa      -72.57898386521265      -141.68964434904046     -231.7982910740639       -153.99305091635324
1am2dma3sa  -73.38668336160481      -134.29171838983893     -204.27648843946037      -146.15790450875647
2dma4sa     -73.53918095794506      -137.9699429811444      -216.10183472517997      -147.6892391105648
3am4sa      -73.60855306964368      -145.0292540669907      -239.54620492118602      -156.74886349681765
3am1dma3sa  -77.67575523839332      -148.58594841952436     -237.83395331517548      -162.00963153294288
2am1dma4sa  -83.08062137267552      -156.92320655379444     -247.6692442768554       -169.60643523256294
3dma3sa     -83.85552299511619      -146.9578115583863      -211.6461129082713       -158.99704020633362
2am2dma3sa  -86.11885589687154      -158.45509203290567     -242.61692482389992      -172.52642882755026
3am5sa      -89.05304835969582      -172.80084921885282     -280.8915004518168       -186.1904031629674
1am3dma3sa  -91.44767740927637      -165.5334203641396      -248.4847994469628       -180.09207951300777
1am2dma4sa  -91.48012424097396      -167.31297316378914     -254.3446215768825       -180.58084536506794
4am4sa      -91.71395982103422      -173.38091048109345     -273.9122946831844       -187.8931060724426
3dma4sa     -94.44765181420371      -171.13040698692203     -257.1952211066383       -184.5820593845565
4dma3sa     -94.55903021618724      -170.0721808457747      -253.2723482458147       -184.48850747244433
3am1dma4sa  -95.865403305972        -177.9318153830245      -275.25209484114714      -192.9773714451585
5am4sa      -96.07392570236698      -189.42524492600933     -313.1018588759323       -206.2292092142161
4am5sa      -100.5203778478317      -194.241277246736       -314.34143685838535      -210.8829422686249
2am2dma4sa  -105.9548968707677      -192.3482662816532      -289.76478085062075      -209.00771757401526
1am3dma4sa  -107.40590515243821     -194.19861053302884     -291.10416025806273      -211.2805122307036
4dma4sa     -114.28962903656065     -202.95413307729177     -297.38220372543225      -220.0737093850039
5am5sa      -119.95623631635681     -225.28964089090005     -353.2899700621515       -244.59751870762557
5dma4sa     -130.79049256024882     -232.36708552320488     -340.68956217648326      -252.1038269365672
