#CLUSTER             ddG_298.15K_[kcal/mol]  ddH_298.15K_[kcal/mol]  ddS_298.15K_[cal/mol/K]  ddE_[kcal/mol]
2am1nta              2.7694502439990174      -16.342778099759016     -64.10272796812747       -18.884534703887766
2nta                 2.1237137496937066      -8.777036997082178      -36.56129715509586       -10.179013226705138
1am2nta              1.3898921789950691      -19.226795842288993     -69.14871045248542       -21.589619084843434
1msa1nta             -0.7793372228334192     -12.568966501450632     -39.54261035927216       -13.84405778881046
2ma1nta              -0.9000814800092485     -23.23459810699569      -74.91033582749102       -26.747393083700445
1am1ma1nta           -1.0129748722247314     -21.546902451111237     -68.87113056831356       -24.94582112741773
1nta1sa              -1.0204581166035496     -12.128739190287888     -37.25735728251472       -13.434175367699936
1ma1nta1tma          -1.1737601525965147     -23.575786791188875     -75.13676551609043       -26.81521631180658
1nta2tma             -1.7852771180623677     -23.362597728148103     -72.37068794296876       -26.96797563272412
1am1nta1tma          -1.9031854723580182     -21.974442500708392     -67.3193259377533        -26.024484287278028
1am1eda1nta          -2.871310473215999      -24.287527831969783     -71.8303449902152        -28.28762090377859
1am1nta              -2.981928812805563      -11.979016009281622     -30.176378321421097      -13.466265475697583
1eda1ma1nta          -3.0580274745298084     -25.964174392836867     -76.82759321939088       -29.885268089041347
1eda1nta1tma         -3.174744118587114      -26.31150075866026      -77.60106201596814       -30.14389436910278
1ma1nta              -3.615453643113142      -14.216576364298817     -35.5563398328461        -15.430855608574348
1ma2nta              -3.797629431122914      -26.75945073919138      -77.01432603755174       -30.120826986792963
1eda1nta             -4.038118189811939      -15.745879374677315     -39.26802342747372       -16.893526084750192
1am1dma1nta          -4.224932123994222      -24.766387069277698     -68.8963774785821        -28.562669844774064
1dma1ma1nta          -4.528952566004591      -26.712533648125827     -74.40409552975211       -30.51866220336524
1dma1nta1tma         -4.708836222824175      -27.026777360209962     -74.85474136245236       -30.668574887647992
1dma1nta             -4.732612313266145      -15.468801672395784     -36.00935555638074       -16.333793877478456
2eda1nta             -4.802176410448737      -29.959928772965213     -84.37951488378292       -33.91729245148599
1nta1tma             -4.948547724925447      -15.723099867027486     -36.1380249607121        -17.233847574010724
2dma1nta             -5.339270118245622      -27.498727848404087     -74.32318541061588       -31.028306907130172
1am1msa1nta          -5.459223239595303      -27.806033687258605     -74.95156950409405       -30.775991843169322
2am2nta              -5.495232756889891      -37.71584934962448      -108.06847758783229      -43.08997835224727
1dma1eda1nta         -6.411264869006118      -29.607457935169805     -77.80041276626791       -33.771464185469085
1eda2nta             -7.421730270201806      -31.46370576019399      -80.63718091587798       -33.23335967917228
1dma2nta             -7.763738563167863      -30.837693482637405     -77.39042401281006       -34.50612862809794
1am1nta1sa           -7.928631049173418      -28.846718222484924     -70.15960816126582       -32.02246666199062
2nta1tma             -8.574954737530788      -31.229459721333114     -75.98358203532142       -35.14128221059218
1am1ma2nta           -11.076780731673352     -44.638963323435746     -112.56811199684822      -50.463474193937145
1ma1msa1nta          -11.173123734915862     -34.69278544996632      -78.88533193050054       -38.38046586533892
1am2nta1tma          -11.36732464566012      -44.73672318030731      -111.92151110011697      -51.068113402463496
1am1eda2nta          -13.173581115494017     -47.638273675518576     -115.59514526269145      -53.95967413065955
2am1msa1nta          -13.27070586316404      -46.249457891623024     -110.61127629807162      -52.34453464343096
1ma1nta1sa           -13.539204285654705     -35.523558155982755     -73.73588418768458       -39.21577590657398
2am1nta1sa           -14.125537088315468     -46.61591580964159      -108.97326420051822      -52.2865250678733
1eda1msa1nta         -14.4180879163614       -40.8234724670765       -88.56409374805492       -44.970068633178016
1dma1msa1nta         -15.045937453192892     -39.131432734953705     -80.78314701302092       -43.058232273877366
2nta2tma             -15.30934150016401      -49.815099024621304     -115.73287782792454      -57.21325076458743
1am1dma2nta          -15.36007864808198      -48.61012921680231      -111.52121606134588      -54.398881699249614
1msa1nta1tma         -15.558192822441924     -39.60449860416702      -80.65170478546885       -43.89367337836302
1ma2nta1tma          -15.892010505805956     -50.797148104495136     -117.07240516062166      -57.679762263200246
2ma2nta              -16.256169516476803     -51.02643812837778      -116.62005236237674      -56.98346277541714
1eda1nta1sa          -16.895247674488928     -39.797403927426785     -76.814208461956         -43.736478922190145
1dma1nta1sa          -17.082905594317708     -40.04815485293511      -77.02582343970347       -44.174301484483294
1am1msa1nta1tma      -17.10623797524022      -51.811385265755234     -116.40163438017869      -59.06007703297655
1eda1ma2nta          -18.359710308199283     -53.44302434270503      -117.6700118553565       -59.856427657359745
1am1ma1msa1nta       -18.410201654449338     -52.492208591254894     -114.31161139417787      -58.87560387546546
1nta1sa1tma          -18.578151759662433     -41.03418929313193      -75.31791894453349       -45.280726596713066
1eda2nta1tma         -19.197652452538023     -54.35644448341918      -117.92316629516642      -61.44526525528636
1msa1nta2tma         -19.677511417510686     -56.69070719520096      -124.14286693807423      -65.00435204789392
1dma2nta1tma         -19.99330319117871      -54.37183284832281      -115.30615347025984      -61.15489345527021
2eda2nta             -20.032903465267736     -56.680770288570784     -122.91754762195771      -63.45163952087751
1am1ma1nta1sa        -20.19232023897348      -53.220556143671274     -110.77724603267336      -59.43795638601296
1am1eda1msa1nta      -20.207039972912753     -55.54345859057503      -118.51892878579979      -61.938155406242004
1dma1ma2nta          -20.736825502186548     -55.16481189831393      -115.47203218573497      -61.26924907055218
1am1dma1msa1nta      -21.935930231848033     -56.599842606985476     -116.2633317965329       -63.39732940364047
1dma1eda2nta         -22.07879739283817      -58.13058223272674      -120.91827885271037      -64.91330091585405
1am1eda1nta1sa       -22.255056909343693     -58.18386384216137      -120.5058089309388       -64.98207443405408
1am1nta1sa1tma       -22.702320937620243     -57.49772281732294      -116.70434975594173      -64.46490748005453
1ma1msa1nta1tma      -22.81996276177233      -57.80589542639791      -117.34339313982989      -64.79185289199813
2ma1msa1nta          -23.296212641900638     -58.81880189065123      -119.14334814344885      -65.28376195006422
1am1dma1nta1sa       -23.5256129145273       -57.73609383753501      -114.74251525544908      -64.18776966328733
2dma2nta             -23.641796142968815     -58.76633457536809      -117.80827916304952      -65.51299560826737
1eda1msa1nta1tma     -23.9742840534891       -60.74336643758579      -123.3241066038631       -68.22057898607454
2ma1nta1sa           -24.28060692496365      -59.27592659567017      -117.37487731234648      -65.86378435033839
1eda1ma1msa1nta      -25.038424836151535     -61.823983362468425     -123.3793678563801       -68.84459815532318
1dma1msa1nta1tma     -25.595703683269676     -62.28667675863835      -123.06212669962734      -70.25274437174085
2am2msa1nta          -26.24467711741454      -73.50857158639701      -158.523878817271        -81.15748145067482
1nta1sa2tma          -26.663055706419982     -62.36064316122793      -119.73029500128591      -69.94468935788609
1dma1ma1msa1nta      -26.857187735062325     -63.08749395835912      -121.51704250640321      -70.06840124048176
2eda1msa1nta         -27.17775295037427      -66.88354243914364      -133.17387049835926      -73.97925835647038
1eda1ma1nta1sa       -27.248156168323476     -64.38172169285826      -124.54658904726114      -71.19006881315727
1ma1nta1sa1tma       -27.3945958657132       -63.154309213132365     -119.93866626719891      -70.35332779842429
1dma1ma1nta1sa       -28.92380237177713      -64.94566122442484      -120.81790659930365      -71.71962177695241
2eda1nta1sa          -28.937973677704576     -67.20376645040233      -128.3440978458912       -74.61846038524527
1dma1eda1msa1nta     -29.20785260599223      -66.168874989904        -123.96787651756311      -73.30856297662831
2am1msa1nta1sa       -29.472805767611135     -75.81162312766537      -155.42115498950196      -83.51277746376581
1eda1nta1sa1tma      -29.67990212884615      -66.86117729681428      -124.70660797508516      -74.26910680660512
2dma1msa1nta         -30.778753577993484     -66.25020213337848      -118.97182141760109      -73.32921477986383
2am1nta2sa           -30.952724380767904     -76.04510308417957      -151.24057924989228      -83.66523691476323
1am1ma2msa1nta       -31.041621110605774     -79.45781915303087      -162.38872394024906      -87.52222813662956
1am2msa1nta1tma      -31.168746209237725     -80.41997830345645      -165.18944187217278      -88.75053959104116
2msa1nta2tma         -31.625193068903172     -82.56165757623967      -170.84173908112308      -91.82510887362878
1dma1eda1nta1sa      -32.15328136907192      -69.56597750401124      -125.48279770353744      -76.87053192954045
2dma1nta1sa          -32.52413173537934      -68.8385643158108       -121.79920369076383      -76.20284151646774
1dma1nta1sa1tma      -32.701161800621776     -68.64859215213801      -120.56827218356989      -76.02999267820269
1ma2msa1nta1tma      -33.75414349534549      -83.5624338859634       -167.05782455361077      -91.36774588606204
1am1msa1nta1sa1tma   -34.2195750567771       -81.52381421017344      -158.65919555014256      -90.07179540896323
1am1dma2msa1nta      -34.22244434556342      -83.68495168996742      -165.8980625333332       -92.48731267321273
1am1eda2msa1nta      -34.43857787558227      -84.01981806900585      -166.29629445924192      -92.08767743952922
1am1ma1msa1nta1sa    -34.77999002003344      -82.48847536148969      -160.01504390967207      -90.21280026913155
1am1ma1nta2sa        -35.848797566141        -82.19114295591135      -155.4329880592589       -90.20267878752202
2ma2msa1nta          -36.03190597865614      -85.46448585571488      -165.79768531688913      -93.83855374142877
1am1eda1msa1nta1sa   -36.34983764268691      -85.13120347820222      -163.61350271824176      -93.47563351970166
1eda1ma2msa1nta      -38.14261340603116      -89.46545182069531      -172.1376435185884       -99.05499224198866
1dma2msa1nta1tma     -38.776053122011945     -89.1181393150182       -168.84818444780413      -98.258096956386
1msa1nta1sa2tma      -39.11618913488928      -89.06258889660239      -167.5210456542442       -98.5020389718702
1am1nta2sa1tma       -39.179495550954016     -86.33913386115455      -158.17420194653997      -94.80293759168126
1dma1ma2msa1nta      -39.20778952210094      -89.79412985331146      -169.667416841023        -98.77560049269232
1am1eda1nta2sa       -39.33233204798307      -86.81176149251405      -159.24678666622194      -94.85895561776124
1am1dma1msa1nta1sa   -39.41134612640599      -87.161204797565        -160.1538107375551       -95.28515927796252
2ma1msa1nta1sa       -39.67774150922196      -88.25654293096159      -162.93409834670558      -96.44086741795763
1eda2msa1nta1tma     -39.76154482830316      -92.95189753253362      -178.40131713598066      -103.43578282973613
2eda2msa1nta         -40.73883451681468      -94.34316572413081      -179.78980783850108      -103.47359200762003
1ma1msa1nta1sa1tma   -41.02487286363612      -90.97438667967799      -167.5314902429263       -99.8137052297825
2dma2msa1nta         -41.07181019496056      -91.2589754628134       -168.32857711848908      -100.17395069540362
2ma1nta2sa           -41.36280969053041      -89.13715584401507      -160.23594215592183      -97.40579612040892
1dma1eda2msa1nta     -41.45280188656761      -94.17861486721085      -176.8432432677289       -103.98564769848599
1am1dma1nta2sa       -41.51256954448763      -87.91848977433983      -155.64621911660544      -96.20778283616528
1eda1ma1msa1nta1sa   -41.83508855412947      -92.29925802664366      -169.25765377318953      -100.47009770025034
1nta2sa2tma          -43.66469987336313      -93.18479920941172      -166.0912270203998       -103.26735437428579
1dma1ma1msa1nta1sa   -44.24236687697703      -93.06266388844233      -163.7440785223945       -101.58093292394187
1dma1msa1nta1sa1tma  -44.29063583837706      -94.65249874696019      -168.91451587597123      -103.77902707236353
1eda1ma1nta2sa       -44.44845687400084      -92.92479569313582      -162.5904370927017       -101.36198839941062
1ma1nta2sa1tma       -44.74750757802394      -93.61340085361735      -163.89700914232304      -102.67164286947809
1dma1eda1msa1nta1sa  -45.65643541404279      -95.5598504350055       -167.37687412727644      -104.24116104538552
1dma1nta2sa1tma      -45.68450292016496      -95.5670504445734       -167.30688420077763      -104.88731983257458
2eda1nta2sa          -45.908414698322304     -95.37030495062936      -165.89599279740065      -103.98838250548579
1dma1ma1nta2sa       -46.291139706387185     -93.49076040822547      -158.30830354495944      -102.19352197484113
1eda1nta2sa1tma      -46.40629885534872      -96.19199688910157      -166.98204941726226      -105.20751875336282
2eda1msa1nta1sa      -46.91980539314682      -100.91337940422818     -181.0953346010086       -110.87660696590319
1eda1msa1nta1sa1tma  -47.227083333506016     -99.82929333180073      -176.42867683505085      -110.10718060040381
2dma1msa1nta1sa      -47.446680289518554     -96.97432779264636      -166.11654369755226      -105.92796152958181
1dma1eda1nta2sa      -48.08859202743042      -97.26926402992103      -164.952782164226        -106.15740454383194
2dma1nta2sa          -49.54569842398632      -97.86750207992736      -162.07212361512944      -106.96477236528881
