#CLUSTER             ddG_298.15K_[kcal/mol]  ddH_298.15K_[kcal/mol]  ddS_298.15K_[cal/mol/K]  ddE_[kcal/mol]
2nta                 0.9812243524938822      -9.919526394282002      -36.56129715509586       -11.32150262396317
1nta1sa              -2.064129855367355      -13.172410929226317     -37.25735728251472       -14.477847106463742
1msa1nta             -2.324115943221841      -14.113745221839054     -39.54261035927216       -15.388836509315297
2am1nta              -4.84851289272774       -23.960741236427566     -64.10272796812747       -26.50249784058542
1am2nta              -5.240146945987362      -26.82043733994942      -72.38064864642459       -29.676167241646908
1nta2tma             -5.624936517095193      -27.202257127297344     -72.37068794296876       -30.807635031815153
1am1nta              -6.386502358393045      -15.383589554898208     -30.176378321421097      -16.870839021285065
1ma1nta              -6.768861042684875      -17.369983763812343     -35.5563398328461        -18.584263008116977
1am1nta1tma          -6.930019916093443      -27.00127694447292      -67.3193259377533        -31.05131873107166
1ma1nta1tma          -6.9524771045544185     -29.35450374323409      -75.13676551609043       -32.593933263764484
2ma1nta              -7.212643540173303      -29.54716016713064      -74.91033582749102       -33.05995514377719
1dma1nta             -7.802215828036424      -18.538405187166063     -36.00935555638074       -19.403397392306942
1eda1nta             -7.83050706848735       -19.51055943025858      -39.175087579325336      -20.650343116285512
1am1ma1nta           -7.881827239849372      -28.415754818794085     -68.87113056831356       -31.814673495013267
1nta1tma             -8.509301814367063      -19.28385395638179      -36.1380249607121        -20.79460166345234
1eda1nta1tma         -9.505741730565205      -32.642498370609246     -77.60106201596814       -36.47489198108087
1ma2nta              -9.714887579146307      -32.67670888727298      -77.01432603755174       -36.038085134816356
1dma1nta1tma         -9.895898843300529      -32.2138399805408       -74.85474136245236       -35.85563750806614
1am1eda1nta          -10.139521015807986     -31.555738374619978     -71.8303449902152        -35.55583144639968
1dma1ma1nta          -10.1634043273516       -32.346985409531044     -74.40409552975211       -36.153113964770455
1eda1ma1nta          -10.196277679002378     -33.80253228332731      -79.1757659041771        -37.79120803621481
1am1msa1nta          -10.200785787368659     -32.54759623503196      -74.95156950409405       -35.51755439105909
1am1dma1nta          -10.409313266573008     -30.950768211798277     -68.8963774785821        -34.747050987323746
2dma1nta             -10.73288703642902      -32.89234476655838      -74.32318541061588       -36.42192382540088
2eda1nta             -12.18115570791997      -37.33890807052376      -84.37951488378292       -41.29627174889902
1dma1eda1nta         -12.281595512642525     -35.47778857886442      -77.80041276626791       -39.6417948291346
1am1nta1sa           -13.180479942006059     -34.09856711525936      -70.15960816126582       -37.274315554939676
1dma2nta             -13.205643798224628     -36.27959871763596      -77.39042401281006       -39.94803386321291
2nta1tma             -13.430824187409598     -36.08532917124103      -75.98358203532142       -39.99715166047099
1eda2nta             -14.577129303652328     -38.619104793760926     -80.63718091587798       -40.388758712797426
1ma1msa1nta          -15.221672808460426     -38.741334523510886     -78.88533193050054       -42.4290149389999
2am2nta              -16.212842605018523     -48.20937627670355      -107.31689978782315      -53.58313841663767
1msa1nta1tma         -17.781407289672643     -41.827713071368635     -80.65170478546885       -46.11688784559374
1ma1nta1sa           -17.94319050060585      -39.92754437122494      -73.73588418768458       -43.61976212175796
1dma1msa1nta         -17.974569383251946     -42.06006466501276      -80.78314701302092       -45.98686420393642
1am2nta1tma          -20.48106534819817      -53.850463882641634     -111.92151110011697      -60.18185410488513
1am1ma2nta           -20.93011758720968      -54.49230017908849      -112.56811199684822      -60.31681104958989
1dma1nta1sa          -21.00657383282669      -43.87877501233015      -76.71373865354818       -48.043873003160115
1nta1sa1tma          -21.258673591306433     -43.71471112445579      -75.31791894453349       -47.96124842824065
1eda1msa1nta         -21.48798010853352      -47.89336465948145      -88.56409374805492       -52.03996082546655
2am1msa1nta          -21.612883930269163     -54.59163595849532      -110.61127629807162      -60.68671271041967
1eda1nta1sa          -21.984004098689184     -44.88616035145242      -76.814208461956         -48.825235346273985
2nta2tma             -22.70872990670614      -57.214487431105226     -115.73287782792454      -64.61263917101314
2am1nta1sa           -23.324853566125967     -55.8152322875103       -108.97326420051822      -61.4858415456838
1am1msa1nta1tma      -23.627475120010786     -58.17697327781934      -115.8795846313809       -65.20945771367406
1am1eda2nta          -23.821741177060176     -58.28643373720115      -115.59514526269145      -64.60783419234212
1am1dma2nta          -23.993996728619095     -57.24404729733942      -111.52121606134588      -63.03279977978673
1ma2nta1tma          -24.019874508783687     -58.925012107385555     -117.07240516062166      -65.80762626611977
1msa1nta2tma         -24.75881524331635      -59.72017977471114      -117.26099121710635      -67.38644590222975
2ma2nta              -25.413359391328413     -60.18362800317118      -116.62005236237674      -66.14065265026875
1am1ma1msa1nta       -26.133353284036275     -60.21536022119108      -114.31161139417787      -66.59875550528523
1dma2nta1tma         -27.416441348730586     -62.55548310247832      -117.8569235408833       -69.74792919718311
1eda2nta1tma         -27.828605256450828     -62.98739728736109      -117.92316629516642      -70.07621805908275
1eda1ma2nta          -28.241417231794912     -63.72349900822155      -119.00748541476702      -70.17459659901215
1am1ma1nta1sa        -28.317877610214055     -61.34611351497006      -110.77724603267336      -67.56351375748636
1ma1msa1nta1tma      -28.419705163920298     -63.405637828516774     -117.34339313982989      -70.39159529402968
1dma1ma2nta          -28.540790432540234     -62.968776828667615     -115.47203218573497      -69.07321400096407
1am1eda1msa1nta      -29.221388491161633     -65.81845711564529      -122.74716962770346      -72.38874777429737
1am1dma1msa1nta      -29.37147813179763      -64.03539050670224      -116.2633317965329       -70.83287730347365
1eda1msa1nta1tma     -30.175291041261517     -66.94437342521269      -123.3241066038631       -74.42158597361413
1am1nta1sa1tma       -30.28683333680965      -65.08223521642503      -116.70434975594173      -72.04941987959319
2ma1msa1nta          -30.35540448926622      -65.87799373813323      -119.14334814344885      -72.34295379766263
2eda2nta             -30.567427683854476     -67.01162011252018      -122.23442035429497      -73.77087791269878
1dma1msa1nta1tma     -30.74350026983302      -66.36095346638467      -119.4615233832718       -73.75033158206497
1dma1eda2nta         -31.262100336665753     -67.14094445516821      -120.33823283084324      -73.99255150498357
1am1dma1nta1sa       -31.332219822332263     -65.54270074574742      -114.74251525544908      -71.99437657144153
2dma2nta             -31.522603737190366     -66.64714216964785      -117.80827916304952      -73.39380320248893
1am1eda1nta1sa       -31.850866080611013     -67.77967301337048      -120.5058089309388       -74.57788360520499
2ma1nta1sa           -31.98039955412969      -67.77011215826496      -120.03928426707316      -74.21607911778847
1nta1sa2tma          -32.34804682555841      -68.04563428024994      -119.73029500128591      -75.6296804769081
1eda1ma1msa1nta      -33.1956439690548       -71.52284117866657      -128.55004933666805      -78.5964197824942
1dma1ma1msa1nta      -33.51109354005894      -69.53980802706792      -120.84090050995482      -76.59637758822646
2am2msa1nta          -34.13211804284947      -80.86155049482477      -156.7312844275976       -87.83776414307067
1ma1nta1sa1tma       -34.57734645786695      -70.33705980543164      -119.93866626719891      -77.53607839057804
2msa1nta2tma         -35.494322983024176     -85.34850141670904      -167.21173380471373      -93.77828773041256
1dma1ma1nta1sa       -35.91843477333896      -71.94029362592846      -120.81790659930365      -78.71425417839782
2eda1msa1nta         -36.02777050092118      -75.7335599900398       -133.17387049835926      -82.8292759071337
1eda1ma1nta1sa       -36.280521776527166     -73.41408730100375      -124.54658904726114      -80.22243442112813
1dma1eda1msa1nta     -36.534970042004716     -73.49599242568365      -123.96787651756311      -80.63568041229155
2dma1msa1nta         -36.703016469895374     -72.1744650255132       -118.97182141760109      -79.25347767188214
1am2msa1nta1tma      -36.833995165652595     -86.08522725984221      -165.18944187217278      -94.4157885472232
1eda1nta1sa1tma      -36.91886429069564      -74.10013945846003      -124.70660797508516      -81.50806896822178
1am1ma2msa1nta       -37.88021732174093      -85.69421181283542      -160.36892333159494      -92.85862717725104
2eda1nta1sa          -38.315314766485244     -76.58110753935762      -128.3440978458912       -83.99580147425877
1dma1nta1sa1tma      -38.476685180095956     -74.42411553164129      -120.56827218356989      -81.80551605756045
2am1msa1nta1sa       -38.53534973657224      -84.87416709645186      -155.42115498950196      -92.57532143272692
2dma1nta1sa          -38.87174771807622      -75.18618029844947      -121.79920369076383      -82.55045749916462
1dma1eda1nta1sa      -39.92647725378629      -77.33917338890024      -125.48279770353744      -84.64372781425482
1am1dma2msa1nta      -40.15314815909369      -89.61565550303203      -165.8980625333332       -98.41801648651017
2am1nta2sa           -40.28740001830738      -85.37977872171905      -151.24057924989228      -92.99991255253553
1ma2msa1nta1tma      -40.3698589183623       -90.1781493089511       -167.05782455361077      -97.98346130931168
1am1msa1nta1sa1tma   -41.18632114958018      -88.49056030253996      -158.65919555014256      -97.03854150130064
2ma2msa1nta          -42.06631049717544      -91.16478674407699      -164.67709625006685      -98.79295887873741
1dma2msa1nta1tma     -42.18349978362676      -92.5255859766039       -168.84818444780413      -101.66554361823364
1msa1nta1sa2tma      -42.70343762479024      -91.74279524356825      -164.47881140032294      -100.84076245996403
1am1eda2msa1nta      -42.81927501031896      -93.55535344072268      -170.1696408870452       -102.39731609314913
1am1ma1msa1nta1sa    -42.964369247318245     -90.67285458894912      -160.01504390967207      -98.39717949629994
1am1ma1nta2sa        -44.46700461546425      -90.80935000523459      -155.4329880592589       -98.82088583684526
1dma1ma2msa1nta      -44.47281882684911      -95.05915915794321      -169.667416841023        -104.04062979778973
1am1eda1msa1nta1sa   -44.86172687262297      -93.64309270784725      -163.61350271824176      -101.98752274928847
2dma2msa1nta         -45.432944216707256     -95.62010948444367      -168.32857711848908      -104.53508471715031
1am1nta2sa1tma       -46.149287058913615     -93.30892536931788      -158.17420194653997      -101.77272909964086
1ma1msa1nta1sa1tma   -46.64498837757856      -96.59450219318387      -167.5314902429263       -105.43382074325928
1am1dma1msa1nta1sa   -46.713129956042394     -94.46298862702679      -160.1538107375551       -102.58694310724968
2ma1msa1nta1sa       -46.867577388184145     -95.44637881021481      -162.93409834670558      -103.63070329726906
1eda1ma2msa1nta      -47.067020149494056     -98.38985856450745      -172.1376435185884       -107.97939898603363
1eda2msa1nta1tma     -47.470832169638015     -100.66118487360654     -178.40131713598066      -111.14507017107098
1am1eda1nta2sa       -48.71519492159132      -96.1946243661223       -159.24678666622194      -104.24181849160232
1nta2sa2tma          -48.91522421780974      -97.70237917039776      -163.6329195119065       -106.78412323916564
2ma1nta2sa           -49.21973043459002      -96.99407658854034      -160.23594215592183      -105.26271686446853
1dma1msa1nta1sa1tma  -49.284600253915414     -99.64646316206199      -168.91451587597123      -108.77299148766906
1am1dma1nta2sa       -49.2882038570242       -95.69412408641074      -155.64621911660544      -103.98341714870185
1eda1ma1msa1nta1sa   -49.61878417816479      -100.4165442410158      -170.37652209611136      -108.83022779348539
1dma1eda2msa1nta     -50.04743165051332      -102.77324463092373     -176.8432432677289       -112.58027746231528
1ma1nta2sa1tma       -50.62478353449842      -99.49067681029555      -163.89700914232304      -108.54891882595257
1dma1ma1msa1nta1sa   -50.906732942094095     -99.72702995373402      -163.7440785223945       -108.24529898964101
1dma1nta2sa1tma      -51.88086401199689      -101.76341153637622     -167.30688420077763      -111.08368092463934
2eda2msa1nta         -52.10001463262597      -105.70434583982569     -179.78980783850108      -114.83477212319849
2dma1msa1nta1sa      -52.8308647419326       -102.35851224523503     -166.11654369755226      -111.31214598199585
1dma1eda1msa1nta1sa  -52.942576579516754     -103.65776194597129     -170.0995652066108       -112.20857355027692
1dma1ma1nta2sa       -53.004540898720734     -99.99530917115044      -157.60780906463748      -108.52310460759327
1eda1ma1nta2sa       -53.08531769516412      -101.56165651406627     -162.5904370927017       -109.9988492205739
1eda1nta2sa1tma      -54.785636693413835     -107.54789630210144     -176.96548585914343      -116.4613897925301
2eda1nta2sa          -55.07331088196952      -104.5352011345094      -165.89599279740065      -113.153278689133
1eda1msa1nta1sa1tma  -55.449559717206284     -108.0517697155301      -176.42867683505085      -118.3296569843369
2dma1nta2sa          -55.455344924819656     -103.77714858052786     -162.07212361512944      -112.87441886612214
1dma1eda1nta2sa      -55.57138324400876      -103.42038255336229     -160.48633006728892      -111.89638202288188
2eda1msa1nta1sa      -56.36402898828965      -110.22497782495338     -180.65050758632583      -119.2268576361821
