#CLUSTER  dG_298.15K_[Eh] dH_298.15K_[Eh] dS_298.15K_[Eh/K]
2am       -113.05507796221785 -113.02047145907885 0.00011607078027504852
3am       -169.58213185913664 -169.5412013646672  0.00013728155113012494
4am       -226.1074775737201  -226.05931404272823 0.00016154127449898443
4am1p     -226.60888363956914 -226.55884621609258 0.00016782634068952107
2dma      -270.12598705749826 -270.07941648419    0.00015619846824841853
2dma1p    -270.5165061476695  -270.4709241059285  0.0001528829171256313 
5am1p     -283.04924390955796 -282.99180609809076 0.00019264736363301213
3dma      -405.18892581764345 -405.1295276495005  0.00019922243214130623
3dma1p    -405.59653273994445 -405.5372818891916  0.000198728327193907  
2gd       -410.5590785100913  -410.5129870564308  0.00015459149307554175
2gd1p     -410.9691660440829  -410.92038116196164 0.00016362529639864096
4dma      -540.2545097507334  -540.1804045438441  0.0002485500818018768 
4dma1p    -540.664818072978   -540.5924915241754  0.00024258443334777897
3gd       -615.8404707283796  -615.7822810290834  0.00019516920776866187
3gd1p     -616.2661898331522  -616.2039181759878  0.00020886016154399902
5dma1p    -675.7301701740865  -675.6465753396275  0.0002803784486302698 
1am1sa    -756.6580170712523  -756.6166233400322  0.00013883525480487118
2am1sa    -813.1969059946643  -813.1486719993912  0.0001617776128561597 
4gd       -821.134177536121   -821.064857159212   0.0002325016834111089 
4gd1p     -821.5565817380635  -821.4804972228397  0.0002551887144853792 
1b1dma    -834.6872697344426  -834.6412304107234  0.0001544166483955617 
1dma1sa   -835.2030963987944  -835.1551161241526  0.0001609266296888639 
1dma1p1sa -835.5501320888393  -835.5010867066729  0.0001644990178311831 
3am1sa    -869.7303906681958  -869.6770885614653  0.00017877614197724863
1b1gd     -904.9129735538489  -904.8641538165122  0.00016374220136429536
1gd1sa    -905.4290758671499  -905.3795609473691  0.000166073854706517  
1gd1p1sa  -905.7857210349441  -905.7357270072048  0.0001676807906734322 
4am1sa    -926.2641367390155  -926.2049361956217  0.00019855959548466048
4am1p1sa  -926.6508590489972  -926.5891861228129  0.00020685200799704743
1b2dma    -969.7514887232172  -969.6915259319561  0.00020111618735896148
2dma1sa   -970.2753816580862  -970.2156544264712  0.00020032611643446005
2dma1p1sa -970.6670700692932  -970.6058443108557  0.0002053522000252236 
5am1p1sa  -983.1926209792247  -983.1251875489436  0.00022617283340978657
5gd1p     -1026.8383276359834 -1026.7529881859493 0.000286229917941337  
3dma1sa   -1105.3497265458445 -1105.2784552208177 0.00023904519546144704
3dma1p1sa -1105.7571402438784 -1105.6860230722787 0.00023852816233334233
1b2gd1sa  -1110.2036311902834 -1110.1457276826768 0.00019420931613790588
1b2gd     -1110.2036311902834 -1110.1457276826768 0.00019420931613790588
2gd1sa    -1110.7218121772676 -1110.6606927257644 0.0002049956448201266 
2gd1p1sa  -1111.1315818693977 -1111.0661408484461 0.000219490259773752  
4dma1sa   -1240.419113305323  -1240.3373062286587 0.0002743822796052684 
4dma1p1sa -1240.8367992718515 -1240.7538511510415 0.000278209360422807  
3gd1sa    -1316.015384293957  -1315.943122809741  0.00024236620565442273
3gd1p1sa  -1316.4463449768418 -1316.3696039652061 0.0002573906142403088 
5dma1p1sa -1375.9146690175517 -1375.8201999454377 0.00031685082043940866
1b1sa     -1399.788411008343  -1399.7423500868126 0.0001544890878094275 
2sa       -1400.2386374917328 -1400.1893210551589 0.0001654081387690599 
1am2sa    -1456.7957618516884 -1456.742276815989  0.00017938968874515833
2am2sa    -1513.3410738239184 -1513.2813813592225 0.00020020950761678413
4gd1sa    -1521.305968775799  -1521.2226350594412 0.00027950265422722333
4gd1p1sa  -1521.7277940477718 -1521.6420978290867 0.00028742652585987574
1b1dma1sa -1534.8683913420527 -1534.8101984437915 0.00019517993715004067
1dma2sa   -1535.3469331177473 -1535.286839536959  0.00020155485758272475
1dma1p2sa -1535.6746853434938 -1535.6112230800481 0.000212853474578541  
3am2sa    -1569.881992835422  -1569.817774144405  0.000215390545084708  
1b1gd1sa  -1605.0922509718089 -1605.0273919332    0.00021753828143124038
1gd2sa    -1605.5723382625883 -1605.512711521268  0.00019998907033429164
1gd1p2sa  -1605.9142277940794 -1605.8485058789079 0.00022043238360409432
4am2sa    -1626.4184263495174 -1626.3481601955023 0.00023567383536825332
1b2dma1sa -1669.9382350651258 -1669.868589281872  0.00023359310164006392
2dma2sa   -1670.4417095040042 -1670.370332290718  0.00023940034642385173
2dma1p2sa -1670.8040690678565 -1670.7297345214809 0.0002493192902086979 
5am1p2sa  -1683.3503206191099 -1683.2712134520566 0.0002653267383974936 
5gd1p1sa  -1727.0281330551213 -1726.9319963276982 0.0003224441637537366 
3dma2sa   -1805.521250875718  -1805.4395896149854 0.0002738932105734938 
3dma1p2sa -1805.9142218559207 -1805.8285770795203 0.00028725398759177725
2gd2sa    -1810.9010433774006 -1810.8266256436984 0.00024959830186895764
2gd1p2sa  -1811.259850139185  -1811.1833040396782 0.00025673687575614076
4dma2sa   -1940.5930785626856 -1940.500626590865  0.0003100854329044414 
4dma1p2sa -1941.0053916724667 -1940.9100869098224 0.00031965374021214465
3gd2sa    -2016.2026905465023 -2016.1216380900905 0.00027185127087633583
3gd1p2sa  -2016.600232176376  -2016.5128224267423 0.00029317373682307584
5dma1p2sa -2076.0872182313547 -2075.981695117326  0.000353926258690973  
1b2sa     -2099.927784194488  -2099.867630401844  0.00020175680913677834
3sa       -2100.3609744214773 -2100.299397205725  0.00020653099363437797
1am3sa    -2156.9228254306913 -2156.8552822565002 0.0002265409162879214 
2am3sa    -2213.4780637905114 -2213.4061277907745 0.0002412745253635318 
4gd2sa    -2221.499669292442  -2221.4075469402237 0.0003089798833419317 
4gd1p2sa  -2221.9188533420656 -2221.8205352320715 0.0003297605567467477 
1b1dma2sa -2235.0182789517357 -2234.9472820023357 0.00023812493510055218
1dma3sa   -2235.478965408316  -2235.406337490088  0.0002435952313541563 
3am1b3sa  -2269.554754350524  -2269.4801351882084 0.00025027389674848945
3am1b2sa  -2269.554754350524  -2269.4801351882084 0.00025027389674848945
3am3sa    -2270.0323322788536 -2269.9544654968863 0.0002611664664338718 
1b1gd2sa  -2305.248282424352  -2305.1782434603756 0.00023491183624463688
1gd3sa    -2305.705294839789  -2305.632118836764  0.00024543351676992083
4am3sa    -2326.5785619579005 -2326.499878570303  0.0002639053751397521 
1b2dma2sa -2370.104933430895  -2370.023920249479  0.000271719541895123  
2dma3sa   -2370.579675380335  -2370.495943330321  0.00028083867185717487
5gd1p2sa  -2427.2148503578533 -2427.1076422246165 0.0003595778408071053 
1b3dma2sa -2505.183049871928  -2505.0898411706703 0.0003126235158726932 
3dma3sa   -2505.6779870894707 -2505.5848042175476 0.0003125368838610121 
3dma1p3sa -2506.042005781269  -2505.9445880721933 0.00032674059726812467
1b2gd2sa  -2510.5780154209747 -2510.4924347092083 0.00028703911375671916
2gd3sa    -2511.0410349877093 -2510.957348910969  0.0002806844767405118 
4dma3sa   -2640.761755425412  -2640.6578295150175 0.00034856921145216325
4dma1p3sa -2641.1530518326404 -2641.0450625492053 0.0003621978314105557 
1b3gd2sa  -2715.871188005628  -2715.7800385161718 0.0003057168856497345 
3gd3sa    -2716.368611745907  -2716.2719126582215 0.00032433032931545143
3gd1p3sa  -2716.730048569725  -2716.6319540570735 0.00032901060758586776
5dma1p3sa -2776.2472945189143 -2776.1311377856496 0.0003895915923685389 
1b3sa     -2800.062542091286  -2799.989432690889  0.0002452101304619171 
4sa       -2800.4825195214357 -2800.4047963664234 0.0002606847392658834 
1am4sa    -2857.0476329337025 -2856.9688420670664 0.0002642658616008013 
2am4sa    -2913.6091101088127 -2913.5267179241196 0.00027634474154992854
4gd3sa    -2921.6839304409764 -2921.576211708705  0.00036129039836091864
4gd1p3sa  -2922.070541972563  -2921.962609382019  0.0003620076825230388 
1b1dma3sa -2935.155377161066  -2935.0718541438846 0.0002801375723002362 
1dma4sa   -2935.60075681349   -2935.515890406283  0.0002846433245260767 
3am4sa    -2970.1647553110865 -2970.077792544094  0.00029167454969826343
1b1gd3sa  -3005.3948565339915 -3005.313072908134  0.00027430362521410514
1gd4sa    -3005.832380798788  -3005.7462745431003 0.0002888017967049594 
4am1b4sa  -3026.257713529654  -3026.1685741492875 0.0002989749467266651 
4am1b3sa  -3026.257713529654  -3026.1685741492875 0.0002989749467266651 
4am4sa    -3026.7237782998677 -3026.63106835768   0.0003109506697560171 
1b2dma3sa -3070.2542081483302 -3070.161314454907  0.00031156697441941077
2dma4sa   -3070.7089166174205 -3070.614858830415  0.0003154713634261766 
5am1p4sa  -3083.6483436034987 -3083.5492647267997 0.0003323121807786674 
5gd1p3sa  -3127.392313043184  -3127.271121626959  0.000406478001760076  
1b3dma3sa -3205.338938968707  -3205.234409168284  0.00035059466853422697
3dma4sa   -3205.808571108073  -3205.7025235334563 0.0003556853081228406 
3dma1p4sa -3206.180061941185  -3206.0729215392316 0.0003593506689701708 
1b2gd3sa  -3210.7245163057164 -3210.6327265705695 0.0003078642802178017 
2gd4sa    -3211.173271802643  -3211.078425891367  0.0003181147451815757 
1b4dma3sa -3340.42004874443   -3340.3057309224255 0.00038342385378040784
4dma4sa   -3340.9079415491638 -3340.790914822343  0.00039250956505362887
4dma1p4sa -3341.2843164792744 -3341.164773951806  0.000400947601771447  
1b3gd3sa  -3416.0469203182943 -3415.9400506239094 0.0003584427113367513 
3gd4sa    -3416.5109346216323 -3416.403136883275  0.0003615553860719975 
5dma1p4sa -3476.392247193733  -3476.2613925669666 0.0004388885687281211 
1b4sa     -3500.1831849719447 -3500.097244023474  0.0002882473535827571 
1b4gd3sa  -3621.3671902742985 -3621.25281791625   0.00038360676856745494
4gd4sa    -3621.8595549031493 -3621.7413121528457 0.00039658812780072174
4gd1p4sa  -3622.2084639623513 -3622.087050472259  0.0004072228411624195 
1b1dma4sa -3635.288819905469  -3635.1925393245465 0.0003229266507552183 
1b1gd4sa  -3705.5279315456596 -3705.4337074980162 0.0003160290043375648 
1b2dma5sa -3770.402363080262  -3770.297490285235  0.00035174507807131817
1b2dma4sa -3770.402363080262  -3770.297490285235  0.00035174507807131817
5gd1p4sa  -3827.5372428658848 -3827.403488449509  0.0004486145107348412 
1b3dma5sa -3905.4995037496624 -3905.383435116282  0.0003892961039096204 
1b3dma4sa -3905.4995037496624 -3905.383435116282  0.0003892961039096204 
1b2gd4sa  -3910.8588051254183 -3910.7549558733713 0.0003483120980950215 
1b4dma4sa -4040.5921299168676 -4040.466943500592  0.00041987729758661126
1b3gd4sa  -4116.1896240987235 -4116.070368723761  0.00039998448754860255
1b4gd4sa  -4321.523077094077  -4321.393651673109  0.0004340949889919051 
