#CLUSTER               ddG_298.15K_[kcal/mol]  ddH_298.15K_[kcal/mol]  ddS_298.15K_[cal/mol/K]  ddE_[kcal/mol]
1fa1nta1sa2tma         -31.8809582577087       -79.85749572701752      -160.91409515062483      -89.17575295144343
1fa2ma1nta1sa          -31.88565841387026      -78.84460669383407      -157.50108428585045      -86.9768868725514
1fa1ma1nta1sa1tma      -33.470185754820704     -81.3138353692193       -160.46838710103657      -90.06553754360357
1dma1fa1nta1sa1tma     -35.825431641889736     -83.21329362413962      -158.93966789253287      -92.0742735996464
1dma1fa1ma1nta1sa      -36.19289268204011      -83.66035426582675      -159.20664626439293      -92.07899836765137
1fa1nta1sa3tma         -36.29344993608538      -95.87301059853053      -199.83082563328318      -107.2900908565498
2dma1fa1nta1sa         -37.784706762759015     -85.63701919268351      -160.4974423276318       -94.3585243478883
1fa3ma1nta1sa          -38.43350942095276      -98.43188077630475      -201.2355235799877       -108.29445188306272
1fa2ma1nta1sa1tma      -40.212599681923166     -99.95432275606436      -200.3747210264527       -109.9164650299208
1fa1ma1nta1sa2tma      -40.938208342762664     -100.7752324626781      -200.694362299726        -112.0561481275654
1dma1fa1nta1sa2tma     -41.42133792943787      -101.44662020052783     -201.32578323311398      -112.40439403164783
1dma1fa2ma1nta1sa      -41.75440369907301      -102.29316397500224     -203.0479969002538       -112.4247504066443
1dma1fa1ma1nta1sa1tma  -43.03651776735205      -103.04445099484292     -201.26759425550895      -113.6699849950237
2dma1fa1nta1sa1tma     -44.39212388347369      -105.14726079607499     -203.77372769582044      -115.77238036213384
2dma1fa1ma1nta1sa      -44.573742396663874     -103.97175369318575     -199.22190607531294      -114.6440265342826
3dma1fa1nta1sa         -46.04978019546252      -106.40336587571073     -202.42691826323386      -116.55979569454212
1fa2sa3tma             -47.711391163174994     -107.7059427627828      -201.22271205687795      -119.89688895992003
1fa3ma2sa              -47.834087409079075     -108.70983321918175     -204.17825191924044      -119.0514246301027
1fa2ma2sa1tma          -50.418964712298475     -111.59190452899202     -205.17504550190893      -122.31121765186253
1dma1fa2ma2sa          -51.93295886355918      -112.0594421562273      -201.6652131237384       -122.50634595740121
1dma1fa2sa2tma         -52.84769779769704      -113.80913729971508     -204.46566997121585      -125.56967003640602
1fa1ma2sa2tma          -52.88247934379615      -112.99968382582301     -201.63409183994045      -124.79478713191929
1dma1fa1ma2sa1tma      -54.84789498569444      -116.40040754721849     -206.44813872661825      -127.52894678401935
2dma1fa1ma2sa          -55.33075643109623      -116.77473801292945     -206.08412403818346      -127.80486098711845
1nta2sa3tma            -55.45513823314104      -117.02636810881086     -206.51091690683702      -130.0233270379249
2dma1fa2sa1tma         -56.781510496046394     -118.07745591222192     -205.5876083058453       -129.31807088623464
3ma1nta2sa             -56.92610916378908      -118.08757163223345     -205.13655028754442      -129.42132982856128
1ma1nta2sa2tma         -56.94258466386236      -118.03611264849314     -204.90869691083768      -130.63026245959918
1fa1nta2sa3tma         -57.39001913450193      -130.99922784115188     -246.88649574506005      -144.8681236882694
2ma1nta2sa1tma         -57.48809929250274      -118.42304406836047     -204.37680622352443      -130.2732513385563
3dma1fa2sa             -58.430589230847545     -120.22826780984178     -207.27042957967268      -131.57266397215426
1dma1nta2sa2tma        -59.6827436753083       -121.85109273652779     -208.51366446658318      -135.01535266518476
1dma2ma1nta2sa         -60.482471749186516     -120.20636732608546     -200.3149273074913       -131.5925746829016
1fa2ma1nta2sa1tma      -60.58022862125654      -133.96015361775062     -246.1174744141455       -147.37238453484315
1fa1nta2sa4tma         -60.688042614609        -145.63498120266013     -284.91342810127213      -162.1404729236965
1dma1ma1nta2sa1tma     -61.098248609225266     -122.19151537245489     -204.90782077167458      -134.24411174577835
1fa1ma1nta2sa2tma      -61.31508948141709      -135.93872317258501     -250.28889381497677      -150.00361638792674
1dma1fa1nta2sa2tma     -61.57913313899189      -135.2055422438425      -246.944186163048        -149.20544491239707
1fa3ma1nta2sa          -62.377969131805        -134.06796109478455     -240.4494112453021       -147.01160890061874
2dma1nta2sa1tma        -63.751026343670674     -126.22314098136849     -209.53249920413705      -138.91034111629415
1dma1fa2ma1nta2sa      -63.78847273765132      -136.48119956965093     -243.81260047473154      -149.37626304279547
1dma1fa1ma1nta2sa1tma  -63.87318017927464      -136.64135536420508     -244.06565549073562      -150.1394615314639
2dma1ma1nta2sa         -64.57703146571293      -126.78211149538402     -208.6368607388887       -138.73143697960768
3dma1nta2sa            -66.03922958183102      -127.14248996705282     -204.94133954346907      -139.23780975758564
2dma1fa1nta2sa1tma     -66.78015583346132      -140.07163153667352     -245.82081402991355      -153.8732223817351
2dma1fa1ma1nta2sa      -66.96472840895876      -140.484375079046       -246.58610320292803      -153.72582259459887
1fa1ma1nta2sa3tma      -66.9973351318622       -152.62888301350176     -287.2096189208831       -169.707482595928
1dma1fa1nta2sa3tma     -67.17492075834889      -153.54476389032789     -289.68587332606097      -170.3727283901535
3dma1fa1nta2sa         -69.55296376510523      -143.42920607991982     -247.78213085429084      -157.10532078903634
1fa2ma1nta2sa2tma      -70.50395349157043      -155.69441001239466     -285.7301912487851       -172.23657670241664
1fa4ma1nta2sa          -70.62068870128132      -154.17964404972736     -280.2581095044136       -169.04983760917094
1fa3sa3tma             -71.09840570541564      -145.9408560084412      -251.0228083274237       -160.9321980449604
3ma1nta3sa             -71.53811417799443      -145.1951715014875      -247.04698079134704      -157.320284900954
1fa3ma3sa              -72.45871193264611      -145.22950836643577     -244.07444720123044      -158.55608449946158
2ma1nta3sa1tma         -72.47517176752444      -146.7784251223493      -249.21433290162764      -160.5264288699691
1fa1ma3sa2tma          -72.80169398407452      -146.79007348389132     -248.15824081885003      -161.29875305327005
1dma1fa1ma1nta2sa2tma  -72.81675577629358      -158.6141641701688      -287.76591780630423      -175.44625634068507
1nta3sa3tma            -72.89406296156812      -148.0504082768457      -252.0756173591797       -162.56188109901268
1dma1fa3sa2tma         -73.19367749802768      -147.49361070635496     -249.20319707518667      -162.08855453654542
1dma2ma1nta3sa         -74.22752835834399      -148.06936416425742     -247.6667308607732       -160.56789811328053
1ma1nta3sa2tma         -74.35151822539046      -149.82643987535266     -253.1441276190679       -163.51638452903717
1dma1fa3ma1nta2sa      -74.3678732747212       -158.74056041880976     -282.98737931757023      -174.05519715941045
1fa2ma3sa1tma          -74.3692354777595       -148.12598550200346     -247.3813517497367       -162.02307446375198
2dma1fa1nta2sa2tma     -74.46479613147676      -160.11937925644452     -287.28687950695155      -177.0755072303291
1fa3ma1nta2sa1tma      -74.52582372666802      -160.14794038547552     -287.1779864445965       -175.9708147073834
1dma1fa2ma3sa          -74.64230034407228      -148.67044927645475     -248.29162814670212      -162.14782582456246
1dma1fa1ma3sa1tma      -75.0922144370852       -149.08350808612886     -248.1680149208671       -162.9922335655865
1fa3sa4tma             -75.77589227003045      -163.48829046229366     -294.188825061345        -181.0701126488275
1dma1nta3sa2tma        -75.79854002199136      -151.88469538552454     -255.19421554217865      -165.9010487171763
1dma1fa2ma1nta2sa1tma  -75.81187819584738      -161.98359412522404     -289.021351429879        -178.1569632463361
2dma1fa2ma1nta2sa      -76.65817882074043      -162.6913099657977      -288.55653578481065      -178.49134268343914
1dma1ma1nta3sa1tma     -76.73984093533363      -151.43815466479282     -250.5393718901497       -164.99238062863878
2dma1fa3sa1tma         -76.74270119669382      -151.67819306228193     -251.33487125738432      -166.0974339782697
2dma1fa1ma3sa          -77.31837668828666      -150.63667974900454     -245.91079342799935      -164.2462496694643
2dma1fa1ma1nta2sa1tma  -77.50732121046167      -163.08455721879727     -287.02745600581636      -179.41801058214332
3dma1fa1ma1nta2sa      -78.67005165107548      -164.15968154894654     -286.733623671549        -180.1314321096288
3dma1fa1nta2sa1tma     -79.00020336371381      -165.50883504244848     -290.151372390681        -181.7270396132226
2dma1ma1nta3sa         -79.1098215028178       -152.90919611463323     -247.52431531654784      -166.54589068004861
2dma1nta3sa1tma        -79.16535648598801      -154.7928391508467      -253.65581977068783      -168.95064196274325
3dma1fa3sa             -80.2014482181985       -155.6803779527545      -253.15757080193498      -170.05037056002766
1fa1ma3sa3tma          -80.27604396326933      -167.42437085148413     -292.2969206379005       -184.85261318075936
3dma1nta3sa            -80.44332321430556      -156.3322409298271      -254.5326772263168       -170.3759413396474
1fa4ma3sa              -80.59705329779536      -165.55488814110868     -284.94997431926754      -181.0568036963232
4dma1fa1nta2sa         -81.13163347123191      -167.3983398961136      -289.3399511153631       -183.1556031756336
1fa2ma3sa2tma          -81.73578959307633      -168.76462125446415     -291.89613168489154      -185.1373752365762
1dma1fa3sa3tma         -81.83440547937062      -169.10927870299201     -292.7213591258941       -186.78594163397793
1dma1fa1ma3sa2tma      -83.60476733511314      -170.75191141286632     -292.2929534700394       -186.99511682390585
1fa3ma3sa1tma          -84.19904863263946      -169.698405539355       -286.7662482191681       -186.10023152623035
1dma1fa3ma3sa          -84.55183093319647      -169.58324971678667     -285.1967760644816       -185.0983140761964
2dma1fa3sa2tma         -84.7036870433949       -171.96443272399483     -292.6739751165323       -188.97602122681565
1nta3sa4tma            -85.66833894490264      -174.25283776375        -297.113864894848        -192.9196188058122
2dma1fa2ma3sa          -86.70118446904235      -173.07249169587158     -289.6907839234309       -188.79021960194223
1dma1fa2ma3sa1tma      -86.90485379716847      -173.24841982821818     -289.597739496287        -189.20906251067936
4ma1nta3sa             -88.42811287357472      -174.66681482759304     -289.24602365687343      -191.02915295190178
2dma1fa1ma3sa1tma      -89.17617348290514      -175.56430742770317     -289.7472210113461       -192.2723878010147
3dma1fa3sa1tma         -89.56967911531683      -176.98338569045882     -293.1870084686924       -194.06577839241072
2ma1nta3sa2tma         -89.63174287835136      -177.53681320947362     -294.8350505825001       -194.7928706278035
1ma1nta3sa3tma         -90.12404793815222      -178.52087562379893     -296.4844128304121       -196.56271524738986
3dma1fa1ma3sa          -90.19709291914478      -177.4498046291992      -292.64702904375247      -193.1981290220283
1dma3ma1nta3sa         -90.62547731236555      -176.56733923964202     -288.2504173300586       -192.42325881286524
1dma1nta3sa3tma        -90.85686174861621      -180.24916634580586     -299.82325875308334      -198.76665090525057
4dma1fa3sa             -90.93967824080028      -178.6420191130601      -294.1550926466304       -194.9721269479487
3ma1nta3sa1tma         -92.62454428372439      -179.5531368709344      -291.55992818124827      -195.97052666805394
2dma2ma1nta3sa         -93.80696937511675      -181.1313069765456      -292.88726346314         -197.48122032755055
1dma2ma1nta3sa1tma     -93.98118580633309      -182.00524890885572     -295.2341542933217       -198.87536626103974
2dma1nta3sa2tma        -94.07737527322024      -182.62400727177737     -296.98685895703284      -200.31508936276077
1dma1ma1nta3sa2tma     -94.28575073485263      -182.25345267931698     -295.04511804246226      -199.69622407117276
3dma1ma1nta3sa         -95.54055384127423      -183.60014492832124     -295.35331573565327      -199.81421474856324
3dma1nta3sa1tma        -96.18058119073976      -184.97547000131453     -297.81951638692817      -202.54749572956644
2dma1ma1nta3sa1tma     -96.46413603366818      -185.04412880769814     -297.09875154625576      -202.24279450233735
4dma1nta3sa            -97.76136675383896      -186.4067087545991      -297.3179339270214       -203.17380076483823
