#CLUSTER               dG_298.15K_[Eh]      dH_298.15K_[Eh]      dS_298.15K_[Eh/K]       dE_[Eh]
1fa2ma1nta1sa          -1360.8707278976908  -1360.7988543279962  0.00024106513397561237  -1361.064734868214
1dma1fa1ma1nta1sa      -1400.0833194705297  -1400.0087753123576  0.00025002233161878297  -1400.304554718194
1fa1ma1nta1sa1tma      -1439.2881839541     -1439.2125030679294  0.0002538349360085168   -1439.537776689597
2dma1fa1nta1sa         -1439.2915837012085  -1439.2141718838554  0.00025964050764023004  -1439.539876445432
1fa3ma1nta1sa          -1456.5451684351344  -1456.466784990079   0.0002628993629221808   -1456.804254521584
1dma1fa1nta1sa1tma     -1478.4976648033548  -1478.4177766014946  0.0002679463419774583   -1478.77266688117
1dma1fa2ma1nta1sa      -1495.7561881589302  -1495.6751849229502  0.0002716861847397002   -1496.042525673037
1fa1nta1sa2tma         -1517.7005822580552  -1517.619895952006   0.0002706231965437677   -1518.004478405413
1fa2ma1nta1sa1tma      -1534.9629345504916  -1534.8789249138065  0.00028176970211382576  -1535.274959083186
2dma1fa1ma1nta1sa      -1534.9664085947857  -1534.8801064764662  0.0002894587231915735   -1535.277751385033
1dma1fa1ma1nta1sa1tma  -1574.1731622841412  -1574.086095920346   0.00029202201507833546  -1574.512629793592
3dma1fa1nta1sa         -1574.1744883223116  -1574.0862280600447  0.0002960263701722318   -1574.512493422899
1fa1ma1nta1sa2tma      -1613.3790218187353  -1613.2899468631606  0.00029875886491777487  -1613.746488612877
2dma1fa1nta1sa1tma     -1613.3810500895843  -1613.2916935185708  0.00029970340772651955  -1613.747669242318
1dma1fa1nta1sa2tma     -1652.585519229982   -1652.4932633215928  0.0003094278329351979   -1652.978732617656
1fa1nta1sa3tma         -1691.7865507740028  -1691.6918483277188  0.0003176335612406333   -1692.207013031248
1fa3ma2sa              -1875.4705157298874  -1875.389858574678   0.0002705254241481584   -1875.741953679725
1dma1fa2ma2sa          -1914.6827752520214  -1914.5974430942981  0.0002862054594097061   -1914.979148538003
1fa2ma2sa1tma          -1953.8895659618818  -1953.8041652280147  0.0002864354649249695   -1954.215268236618
2dma1fa1ma2sa          -1953.893917530274   -1953.8072039970098  0.0002908386156763374   -1954.219281380167
3ma1nta2sa             -1966.5178490621452  -1966.4356888375496  0.00027556674356963017  -1966.782514068934
1dma1fa1ma2sa1tma      -1993.102351471651   -1993.0140746673262  0.00029608185250640836  -1993.455272336931
3dma1fa2sa             -1993.1045849665456  -1993.0149541267697  0.0003006233096614431   -1993.456974852249
1dma2ma1nta2sa         -2005.7292440324454  -2005.6413119111794  0.0002949257798631269   -2006.017663237434
1fa1ma2sa2tma          -2032.3084227881527  -2032.2161224232404  0.0003095769408417511   -2032.687345789796
2dma1fa2sa1tma         -2032.3111604031988  -2032.218993764514   0.0003091284208765961   -2032.689812550968
2ma1nta2sa1tma         -2044.9336755849708  -2044.8459371853905  0.00029427603414554734  -2045.251991398735
2dma1ma1nta2sa         -2044.9414966833162  -2044.854037657585   0.0002933390096641439   -2045.260728889906
1dma1fa2sa2tma         -2071.514094846959   -2071.4196589056983  0.0003167396990117513   -2071.920269690927
1dma1ma1nta2sa1tma     -2084.145156270768   -2084.054189211567   0.000305105011573663    -2084.490008466755
3dma1nta2sa            -2084.1495543556766  -2084.0568584860903  0.0003109034700199424   -2084.493224888499
1fa2sa3tma             -2110.7151129748822  -2110.6173999558036  0.0003277310718710885   -2111.14766010415
1ma1nta2sa2tma         -2123.347737168414   -2123.25503429753    0.00031092695248845014  -2123.720680030491
2dma1nta2sa1tma        -2123.3551112720943  -2123.2628606051485  0.00030941025304464     -2123.729133687188
1fa3ma1nta2sa          -2156.03181997669    -2155.938258195554   0.00031380775158652445  -2156.326014800548
1dma1nta2sa2tma        -2162.5578314221057  -2162.4633604409364  0.0003168572234440942   -2162.959357222525
1dma1fa2ma1nta2sa      -2195.2397952677543  -2195.144350498464   0.0003201233248057689   -2195.561472189547
1nta2sa3tma            -2201.760297672496   -2201.663138883547   0.0003258721749084871   -2202.187832499803
1fa2ma1nta2sa1tma      -2234.443885990579   -2234.3478001246     0.00032227357363262836  -2234.7947094315
2dma1fa1ma1nta2sa      -2234.4505844928804  -2234.352976553458   0.0003273786329764524   -2234.800092759295
1fa4ma1nta2sa          -2251.7089614869774  -2251.6070245649926  0.000341898111635296    -2252.066682916472
1dma1fa1ma1nta2sa1tma  -2273.6548611843564  -2273.55431945857    0.00033721860065980566  -2274.030808128755
3dma1fa1nta2sa         -2273.660436638319   -2273.5599160117217  0.0003371478336334408   -2274.03716742192
1dma1fa3ma1nta2sa      -2290.9206605546096  -2290.816539445793   0.00034922391017023254  -2291.306348580823
1fa1ma1nta2sa2tma      -2312.859988003293   -2312.760666941386   0.0003331244739461066   -2313.267022302076
2dma1fa1nta2sa1tma     -2312.8652212800325  -2312.762032530938   0.00034609676033720493  -2313.268447350682
2dma1fa2ma1nta2sa      -2330.1300379137756  -2330.025081953836   0.00035202401455855357  -2330.545107135524
1fa3ma1nta2sa1tma      -2330.1301157052826  -2330.0262494817093  0.00034836902087406746  -2330.545832001768
1dma1fa1nta2sa2tma     -2352.066136275286   -2351.961745054079   0.00035012987156676144  -2352.497439355622
1dma1fa2ma1nta2sa1tma  -2369.337892671978   -2369.2314213352583  0.00035710661318190097  -2369.781004921046
3dma1fa1ma1nta2sa      -2369.338971557588   -2369.2296684999733  0.0003666042516004268   -2369.779409845237
1fa1nta2sa3tma         -2391.26866386632    -2391.1625090062807  0.00035604514519414293  -2391.726957981543
1fa2ma1nta2sa2tma      -2408.538637306277   -2408.4288659890503  0.00036817480203535466  -2409.008000745769
2dma1fa1ma1nta2sa1tma  -2408.5463220475785  -2408.4354223726577  0.0003719593322848976   -2409.014703582506
4dma1fa1nta2sa         -2408.548621865687   -2408.437076206749   0.0003741259732932489   -2409.015918252197
1dma1fa1ma1nta2sa2tma  -2447.7480505166486  -2447.635765484408   0.00037660584350241675  -2448.244804782507
3dma1fa1nta2sa1tma     -2447.754428618569   -2447.641532268071   0.0003786562149872278   -2448.250072326334
1fa1ma1nta2sa3tma      -2486.9479800218724  -2486.833694443384   0.0003833157084981793   -2487.472090028634
2dma1fa1nta2sa2tma     -2486.9564043505234  -2486.8404107450106  0.00038904445920716666  -2487.479090219734
1dma1fa1nta2sa3tma     -2526.1539905128016  -2526.0374005304543  0.00039104471691096305  -2526.704839210106
1fa1nta2sa4tma         -2565.3528563458212  -2565.2322625693823  0.0004044735080941187   -2565.92815079918
1fa3ma3sa              -2574.9582511942494  -2574.8627398926706  0.00032034647519550957  -2575.264968937313
1dma1fa2ma3sa          -2614.167458487082   -2614.0704699605553  0.0003253011119474506   -2614.502381834386
1fa2ma3sa1tma          -2653.3762267640377  -2653.2770695033887  0.00033257508183441565  -2653.738613686958
2dma1fa1ma3sa          -2653.3774506174896  -2653.27584990352    0.00034077046442851887  -2653.737414954023
3ma1nta3sa             -2665.98962823704    -2665.8935709040998  0.0003221778733547521   -2666.287034267858
1fa4ma3sa              -2670.635226365564   -2670.5318468131813  0.0003467367177007385   -2671.006374086348
1dma1fa1ma3sa1tma      -2692.5831064035333  -2692.480841951428   0.00034299665304617815  -2692.97184719011
3dma1fa3sa             -2692.587772619126   -2692.486134154084   0.0003408970821455486   -2692.978353538727
1dma2ma1nta3sa         -2705.1996416228617  -2705.100397791845   0.0003328654402696494   -2705.523898756218
1dma1fa3ma3sa          -2709.8472562572115  -2709.740513005141   0.00035801862173308725  -2710.244503743428
1fa1ma3sa2tma          -2731.788659627196   -2731.68465430308    0.00034883556637572695  -2732.205579087859
2dma1fa3sa1tma         -2731.791464136042   -2731.687223410726   0.00034962510587382636  -2732.208484726886
2ma1nta3sa1tma         -2744.406052474077   -2744.3058077383457  0.00033622249113340685  -2744.760263328661
2dma1ma1nta3sa         -2744.4131496198074  -2744.3103571575016  0.0003447676079333105   -2744.765114425933
1fa3ma3sa1tma          -2749.0558974950386  -2748.948163729558   0.0003613408199924235   -2749.482531075561
2dma1fa2ma3sa          -2749.056408992734   -2748.948320046473   0.0003625321021662894   -2749.482076263962
4ma1nta3sa             -2761.6805502059483  -2761.577253473733   0.0003464589375014883   -2762.046300923299
1dma1fa3sa2tma         -2770.995011786432   -2770.8880219955063  0.0003588455171088523   -2771.438526763504
1dma1ma1nta3sa1tma     -2783.618576214411   -2783.5154800895857  0.0003457860970168893   -2783.999069383111
3dma1nta3sa            -2783.621002199276   -2783.51805870585    0.0003452741687966945   -2784.002907097022
1dma1fa2ma3sa1tma      -2788.265937001826   -2788.1560676187296  0.0003685037165747603   -2788.719174398081
3dma1fa1ma3sa          -2788.2677076222435  -2788.1575423335553  0.00036949618879360984  -2788.720789821103
1dma3ma1nta3sa         -2800.8897794525046  -2800.782528706345   0.0003597207652505824   -2801.280211629204
1fa3sa3tma             -2810.2008761618504  -2810.0930147078966  0.00036176908923006573  -2810.673114631695
1ma1nta3sa2tma         -2822.8239735786483  -2822.72037884212    0.00034745844886237314  -2823.233147867908
2dma1nta3sa1tma        -2822.828169046658   -2822.723072697691   0.00035249488166124457  -2823.237066373023
1fa2ma3sa2tma          -2827.466902926701   -2827.356389367195   0.0003706642948355977   -2827.949116343014
4dma1fa3sa             -2827.4746185067884  -2827.3616887908024  0.0003787681233793361   -2827.955305929796
2dma1fa1ma3sa1tma      -2827.4752841047857  -2827.362004781543   0.00037994071186588384  -2827.955745201913
2dma2ma1nta3sa         -2840.1005770224374  -2839.99204844986    0.0003640066160563053   -2840.519961120986
3ma1nta3sa1tma         -2840.1021686393806  -2839.994754136873   0.0003602700067328146   -2840.522295277251
1dma1nta3sa2tma        -2862.0320070657544  -2861.925905437831   0.00035586660380045986  -2862.468637145274
1dma1fa1ma3sa2tma      -2866.675608850346   -2866.5618028712515  0.000381707124250082    -2867.183765907102
3dma1fa3sa1tma         -2866.6816386896967  -2866.566512772964   0.00038613421677961124  -2867.190292215104
3dma1ma1nta3sa         -2879.3090671809373  -2879.1982293570895  0.0003717518827701087   -2879.755368056487
1dma2ma1nta3sa1tma     -2879.3100580948662  -2879.2009083893877  0.00036608990601481254  -2879.758613515443
1nta3sa3tma            -2901.2365818771905  -2901.1272622593797  0.0003666597947684931   -2901.699746446627
1fa1ma3sa3tma          -2905.879507575275   -2905.7639672531586  0.00038752413924627124  -2906.416782233561
2dma1fa3sa2tma         -2905.88308759574    -2905.7659816898213  0.0003927751330480193   -2906.418611745655
2ma1nta3sa2tma         -2918.512330182861   -2918.4012546204044  0.0003725492619698221   -2918.988538235981
4dma1nta3sa            -2918.518333795401   -2918.4049484703114  0.0003802962438008238   -2918.992410986709
2dma1ma1nta3sa1tma     -2918.519742456041   -2918.407997725656   0.0003747936622013023   -2918.995668943174
1dma1fa3sa3tma         -2945.087718495349   -2944.968898875365   0.00039852295818933815  -2945.651552254231
3dma1nta3sa1tma        -2957.725018065273   -2957.6101348326843  0.00038532025017068666  -2958.227843554378
1dma1ma1nta3sa2tma     -2957.7254743802905  -2957.6110176643224  0.00038388970641592483  -2958.228041341576
1fa3sa4tma             -2984.2872669783865  -2984.1674083780454  0.0004020077153834295   -2984.878874065537
1ma1nta3sa3tma         -2996.928045654315   -2996.8125365728306  0.0003874193576543492   -2997.459478384461
2dma1nta3sa2tma        -2996.9308697967285  -2996.8138547096755  0.00039247052508397013  -2997.460716610249
1dma1nta3sa3tma        -3036.134940966805   -3036.017537330755   0.0003937737248024804   -3036.69467964961
1nta3sa4tma            -3075.3358758821078  -3075.2154486843565  0.0004039148004423581   -3075.921792373287
