#CLUSTER                   dG_298.15K_[Eh]      dH_298.15K_[Eh]      dS_298.15K_[Eh/K]       dE_[Eh]
1fa2ma1msa1nta             -1326.3600134277506  -1326.2868610317635  0.0002453543383771191   -1326.57615941
1dma1fa1ma1msa1nta         -1365.6370765772012  -1365.5602914396698  0.0002575386132196778   -1365.87959343
1fa1ma1msa1nta1tma         -1404.9024103701822  -1404.8245677037785  0.0002610855824375717   -1405.17322047
2dma1fa1msa1nta            -1404.9078645488635  -1404.8280748129241  0.000267616085659361    -1405.17751629
1fa3ma1msa1nta             -1422.1664980504647  -1422.0848839733812  0.0002737349558389786   -1422.44620329
1dma1fa1msa1nta1tma        -1444.173317630895   -1444.0918129414902  0.00027336806776747226  -1444.47017028
1dma1fa2ma1msa1nta         -1461.44165774033    -1461.3563460826567  0.00028613670190588946  -1461.74757064
1fa1msa1nta2tma            -1483.435235946264   -1483.3516030050228  0.0002805062594038317   -1483.75886838
1fa2ma1msa1nta1tma         -1500.7076835924536  -1500.6222006294224  0.00028671126289146005  -1501.04355213
2dma1fa1ma1msa1nta         -1500.7139760488267  -1500.626288424624   0.00029410573269456633  -1501.04697746
1dma1fa1ma1msa1nta1tma     -1539.9779931219134  -1539.8879616941106  0.00030196688848875574  -1540.33713116
3dma1fa1msa1nta            -1539.9821311519197  -1539.8914043975283  0.00030429902529441154  -1540.34213933
1fa1ma1msa1nta2tma         -1579.2438125125004  -1579.152447634384   0.00030643930275507544  -1579.63126513
2dma1fa1msa1nta1tma        -1579.248429659633   -1579.1565556795479  0.00030814683912514776  -1579.63690133
1dma1fa1msa1nta2tma        -1618.507626508757   -1618.4121167700491  0.0003203412332987915   -1618.92077818
1fa1msa1nta3tma            -1657.772159153338   -1657.674213556696   0.00032851114084160815  -1658.21190303
1fa3ma1msa1sa              -1841.4935508554727  -1841.4114598706008  0.0002753345123994319   -1841.78717126
1dma1fa2ma1msa1sa          -1880.7695752573043  -1880.683193726245   0.00028972507482557765  -1881.08951816
1fa2ma1msa1sa1tma          -1920.0364532304204  -1919.9487198910242  0.00029425906220395824  -1920.38381734
2dma1fa1ma1msa1sa          -1920.044998294609   -1919.9569264630286  0.0002953943705532125   -1920.3923757
3ma1msa1nta1sa             -1932.6140159813115  -1932.5287481366895  0.0002859897522116528   -1932.89898423
1dma1fa1ma1msa1sa1tma      -1959.3112406014873  -1959.2206432299201  0.000303865073174663    -1959.68567813
3dma1fa1msa1sa             -1959.3138289123656  -1959.2228359448832  0.000305191908376461    -1959.68826868
1dma2ma1msa1nta1sa         -1971.8889035885684  -1971.8013427808705  0.0002936803880525069   -1972.20149826
1fa1ma1msa1sa2tma          -1998.5770186620443  -1998.482842464977   0.00031586851271936525  -1998.97721756
2dma1fa1msa1sa1tma         -1998.5799811010077  -1998.4849765693718  0.0003186467604757155   -1998.97891668
2ma1msa1nta1sa1tma         -2011.156436819083   -2011.0676358413496  0.00029783993873377517  -2011.49755778
2dma1ma1msa1nta1sa         -2011.1620185644297  -2011.0717431009411  0.00030278538818869226  -2011.50160745
1dma1fa1msa1sa2tma         -2037.8485474103295  -2037.7526633996608  0.0003215965476054885   -2038.2761664
1dma1ma1msa1nta1sa1tma     -2050.4298299624656  -2050.3369431866663  0.0003115437725948525   -2050.79560881
3dma1msa1nta1sa            -2050.4316270197487  -2050.338744515056   0.0003115294472328038   -2050.79865267
1fa1msa1sa3tma             -2077.1018943388267  -2077.004338094926   0.00032720524534834945  -2077.55849619
1ma1msa1nta1sa2tma         -2089.6929769159265  -2089.5986441484847  0.0003163936523288292   -2090.0882114
2dma1msa1nta1sa1tma        -2089.7006168910925  -2089.6048620242223  0.00032116339718366683  -2090.09395945
1fa3ma1msa1nta1sa          -2122.326384163628   -2122.2329284945436  0.00031345185002413026  -2122.64467166
1dma1msa1nta1sa2tma        -2128.9659276750854  -2128.868141300821   0.00032797710636982253  -2129.38673746
1dma1fa2ma1msa1nta1sa      -2161.6002594689758  -2161.50262052588    0.0003274826198082467   -2161.94311566
1msa1nta1sa3tma            -2168.227855975644   -2168.1292295194517  0.0003307947549641672   -2168.67733752
1fa2ma1msa1nta1sa1tma      -2200.864738919545   -2200.766171882915   0.00033059546077520433  -2201.23630232
2dma1fa1ma1msa1nta1sa      -2200.8701638326024  -2200.770317918947   0.0003348848353354842   -2201.24111692
1fa4ma1msa1nta1sa          -2218.139287331015   -2218.036428417072   0.0003449904878195766   -2218.52020827
3dma1fa1msa1nta1sa         -2240.140837548291   -2240.038818240439   0.0003421744351898554   -2240.53971358
1dma1fa1ma1msa1nta1sa1tma  -2240.1410281247277  -2240.0389027439014  0.00034253020568848145  -2240.5384859
1dma1fa3ma1msa1nta1sa      -2257.417178556209   -2257.312887324566   0.0003497945049233086   -2257.82581388
1fa1ma1msa1nta1sa2tma      -2279.4004328344668  -2279.2985239544423  0.00034180405844137546  -2279.82811198
2dma1fa1msa1nta1sa1tma     -2279.411237283853   -2279.305318834265   0.00035525222065351507  -2279.83492036
1fa3ma1msa1nta1sa1tma      -2296.6784664326387  -2296.5726975239627  0.0003547506579777911   -2297.11612231
2dma1fa2ma1msa1nta1sa      -2296.687450670315   -2296.580575892477   0.00035845976132026946  -2297.1234681
1dma1fa1msa1nta1sa2tma     -2318.6739331878075  -2318.567594183661   0.0003566627675539005   -2319.12676498
1dma1fa2ma1msa1nta1sa1tma  -2335.955277924457   -2335.8457196017457  0.00036746041492892846  -2336.4182986
3dma1fa1ma1msa1nta1sa      -2335.9567455827605  -2335.8461408911517  0.00037096995340956757  -2336.41915511
1fa1msa1nta1sa3tma         -2357.9364997629955  -2357.8303212356977  0.00035612452556628367  -2358.41962478
1fa2ma1msa1nta1sa2tma      -2375.2188731782962  -2375.106241544269   0.00037776835159343845  -2375.70794792
4dma1fa1msa1nta1sa         -2375.223910810385   -2375.11224971548    0.0003745131474250831   -2375.7153069
2dma1fa1ma1msa1nta1sa1tma  -2375.225154016224   -2375.111740074216   0.00038039222541701726  -2375.7139617
1dma1fa1ma1msa1nta1sa2tma  -2414.49115865267    -2414.3758591901615  0.0003867162921643368   -2415.00737508
3dma1fa1msa1nta1sa1tma     -2414.4938297614044  -2414.378833872792   0.0003856981003280648   -2415.01124527
1fa1ma1msa1nta1sa3tma      -2453.7497901961815  -2453.63401700072    0.00038830520027225855  -2454.29608883
2dma1fa1msa1nta1sa2tma     -2453.75995162761    -2453.6421886222897  0.0003949790552413547   -2454.30385058
1dma1fa1msa1nta1sa3tma     -2493.0241309826615  -2492.9042160681192  0.0004021965941377598   -2493.59545672
1fa1msa1nta1sa4tma         -2532.2843193419144  -2532.1627661508946  0.0004076914003685058   -2532.8835954
1fa3ma1msa2sa              -2541.649865730134   -2541.5535925696518  0.00032290176247651796  -2541.97915325
1dma1fa2ma1msa2sa          -2580.9223148151677  -2580.82357247169    0.00033118344282267743  -2581.27898941
1fa4ma2msa1sa              -2601.5418346632982  -2601.435360501041   0.0003571160900792972   -2601.95696375
1fa2ma1msa2sa1tma          -2620.191512143213   -2620.092521046828   0.000332017764161866    -2620.57751998
2dma1fa1ma1msa2sa          -2620.1958958952227  -2620.0943365603825  0.0003406316781494941   -2620.57964441
3ma1msa1nta2sa             -2632.7552371432284  -2632.6604940689963  0.000317769828047201    -2633.07829265
1fa4ma1msa2sa              -2637.460845601745   -2637.3569420405856  0.0003484942517503849   -2637.85477151
1dma1fa3ma2msa1sa          -2640.8133313601793  -2640.7049545754867  0.0003634975169974903   -2641.25667656
1dma1fa1ma1msa2sa1tma      -2659.462350310879   -2659.35981577902    0.00034390250497767734  -2659.87470547
3dma1fa1msa2sa             -2659.4659717190966  -2659.3620351931268  0.00034860481626621925  -2659.87768729
1dma2ma1msa1nta2sa         -2672.0281674823823  -2671.929889780197   0.0003296250282921412   -2672.37707401
1dma1fa3ma1msa2sa          -2676.738331951452   -2676.6320341002624  0.000356524739860632    -2677.16039982
1fa3ma2msa1sa1tma          -2680.0787148061763  -2679.968773793971   0.00036874396178211065  -2680.55020776
2dma1fa2ma2msa1sa          -2680.0816544370064  -2679.97085373628    0.00037162737121004884  -2680.55272943
4ma2msa1nta1sa             -2692.6594477748613  -2692.5529141991815  0.0003573153636760779   -2693.06935057
1fa1ma1msa2sa2tma          -2698.726222931881   -2698.620827419407   0.0003534982809794984   -2699.16523128
2dma1fa1msa2sa1tma         -2698.731541411282   -2698.627466593304   0.00034906864993426283  -2699.17253896
2ma1msa1nta2sa1tma         -2711.297536074993   -2711.195545956278   0.0003420765343451461   -2711.6729884
2dma1ma1msa1nta2sa         -2711.3032202628156  -2711.202761335739   0.0003369408924255983   -2711.68020368
1fa3ma1msa2sa1tma          -2716.007734228052   -2715.8997987844814  0.00036201725161957225  -2716.45793337
2dma1fa2ma1msa2sa          -2716.012824712135   -2715.9033942217843  0.0003670316630926087   -2716.46155572
1dma1fa2ma2msa1sa1tma      -2719.352643912032   -2719.239448699408   0.00037965860346806627  -2719.85033014
3dma1fa1ma2msa1sa          -2719.354238278156   -2719.240907208083   0.0003801142715841553   -2719.85244494
4ma1msa1nta2sa             -2728.57879677764    -2728.4745695927572  0.0003495796910372015   -2728.96636295
1dma3ma2msa1nta1sa         -2731.932455723741   -2731.8232091232508  0.00036641489347793207  -2732.36904167
1dma1fa1msa2sa2tma         -2737.997272227275   -2737.890630515166   0.0003576780550368367   -2738.46507978
1dma1ma1msa1nta2sa1tma     -2750.5720134596754  -2750.4692016218432  0.0003448325937689991   -2750.97619745
3dma1msa1nta2sa            -2750.57474140538    -2750.4705602036265  0.00034942546286485386  -2750.97731738
1dma1fa2ma1msa2sa1tma      -2755.277785049788   -2755.1666369556096  0.00037279253455733383  -2755.75449814
3dma1fa1ma1msa2sa          -2755.279980278538   -2755.16826657983    0.0003746895814463673   -2755.75631772
1fa2ma2msa1sa2tma          -2758.6161271007836  -2758.4994777143734  0.0003912439591159774   -2759.13920566
2dma1fa1ma2msa1sa1tma      -2758.6224612307333  -2758.505796067103   0.00039129687617175284  -2759.14624951
4dma1fa2msa1sa             -2758.6233138943257  -2758.507114796092   0.00038973368517018574  -2759.14886345
1dma3ma1msa1nta2sa         -2767.8575374525985  -2767.750653420195   0.0003584908012872414   -2768.27302202
3ma2msa1nta1sa1tma         -2771.2007991481337  -2771.090276516257   0.00037069472371969574  -2771.66588456
2dma2ma2msa1nta1sa         -2771.202494312432   -2771.091731520752   0.00037150022364613636  -2771.66803118
1fa1msa2sa3tma             -2777.2611885644374  -2777.1489416902205  0.0003764778608645265   -2777.75239637
1ma1msa1nta2sa2tma         -2789.839084522449   -2789.733728649851   0.00035336532818420726  -2790.26994001
2dma1msa1nta2sa1tma        -2789.843631773035   -2789.7379365043944  0.0003545036680898609   -2790.27482603
1fa2ma1msa2sa2tma          -2794.5438470139234  -2794.4316492091557  0.0003763132811254564   -2795.0481219
2dma1fa1ma1msa2sa1tma      -2794.5499003888826  -2794.4365661927586  0.00038012475641083877  -2795.05440489
4dma1fa1msa2sa             -2794.552448940811   -2794.4370233033696  0.0003871394849603561   -2795.05448413
1dma1fa1ma2msa1sa2tma      -2797.8859673243714  -2797.766766642566   0.0003998010458014696   -2798.43702636
3dma1fa2msa1sa1tma         -2797.8912445483606  -2797.77227090474    0.0003990395559987616   -2798.44323401
3ma1msa1nta2sa1tma         -2807.1229975818746  -2807.0144105822546  0.00036420258131808085  -2807.56645723
2dma2ma1msa1nta2sa         -2807.126482268641   -2807.016294891957   0.0003695702722935875   -2807.56814334
1dma2ma2msa1nta1sa1tma     -2810.4698591186757  -2810.3554399800573  0.00038376367136814507  -2810.96100085
3dma1ma2msa1nta1sa         -2810.4712779459683  -2810.3560976542326  0.00038631659143276923  -2810.96144293
1dma1msa1nta2sa2tma        -2829.1100719641595  -2829.0010579640316  0.0003656347480395799   -2829.56710883
1dma1fa1ma1msa2sa2tma      -2833.8144303103545  -2833.696461296089   0.0003956700126290891   -2834.34333011
3dma1fa1msa2sa1tma         -2833.8199673472486  -2833.7033113255716  0.0003912662139097809   -2834.35072633
1fa1ma2msa1sa3tma          -2837.1454017474284  -2837.0240187280738  0.0004071206418073549   -2837.72365138
2dma1fa2msa1sa2tma         -2837.148097622039   -2837.0271025586994  0.0004058194309569826   -2837.72682419
3dma1ma1msa1nta2sa         -2846.3977810186466  -2846.2846093014346  0.00037957979947025167  -2846.86552308
1dma2ma1msa1nta2sa1tma     -2846.3980916824166  -2846.287222885602   0.0003718557666087252   -2846.86891446
2ma2msa1nta1sa2tma         -2849.735240313544   -2849.619725663375   0.0003874380351131579   -2850.25495029
2dma1ma2msa1nta1sa1tma     -2849.7381723514204  -2849.6209838984623  0.00039305199717574085  -2850.25614966
4dma2msa1nta1sa            -2849.7401865095194  -2849.6223514646035  0.0003952206772288121   -2850.25703845
1msa1nta2sa3tma            -2868.3733765653674  -2868.2639437845964  0.0003670393451983297   -2868.8593363
1fa1ma1msa2sa3tma          -2873.0733324824055  -2872.955460294453   0.00039534525558357407  -2873.63133032
2dma1fa1msa2sa2tma         -2873.084347956325   -2872.9666810169942  0.000394656848334627    -2873.64360146
1dma1fa2msa1sa3tma         -2876.409116600532   -2876.2870513172898  0.00040940896609879915  -2877.01668247
2ma1msa1nta2sa2tma         -2885.6630601703005  -2885.5500434263195  0.00037906001670576434  -2886.16108433
2dma1ma1msa1nta2sa1tma     -2885.6662180184026  -2885.5511606191085  0.0003859044081637498   -2886.16251539
4dma1msa1nta2sa            -2885.668800636212   -2885.5534648610533  0.0003868380853884803   -2886.164992
3dma2msa1nta1sa1tma        -2889.003220126836   -2888.8841073943217  0.00039950606243168167  -2889.54948256
1dma1ma2msa1nta1sa2tma     -2889.0057894532533  -2888.8872784833698  0.0003974877406790336   -2889.55202934
1dma1fa1msa2sa3tma         -2912.346923511079   -2912.226392024847   0.0004042645857173499   -2912.93323081
1fa2msa1sa4tma             -2915.6697830215835  -2915.5447217023525  0.00041945772004393553  -2916.304081
1dma1ma1msa1nta2sa2tma     -2924.932643785685   -2924.8157096026466  0.00039219917168643815  -2925.45600433
3dma1msa1nta2sa1tma        -2924.9345545815895  -2924.8178675238883  0.00039137030924465277  -2925.45903845
2dma2msa1nta1sa2tma        -2928.267294962184   -2928.1439642515284  0.0004136532304407795   -2928.83697601
1ma2msa1nta1sa3tma         -2928.2677136226157  -2928.147016204929   0.0004048211225452421   -2928.84144266
1fa1msa2sa4tma             -2951.6096558430622  -2951.4845629826596  0.00041956350965176764  -2952.2186726
1ma1msa1nta2sa3tma         -2964.1966688923026  -2964.076831268061   0.00040193736119842056  -2964.74765977
2dma1msa1nta2sa2tma        -2964.201739342046   -2964.0829410443775  0.0003984514427928166   -2964.75382283
1dma2msa1nta1sa3tma        -2967.5130876928633  -2967.38948770498    0.0004145563906857919   -2968.10861899
1dma1msa1nta2sa3tma        -3003.4664546709237  -3003.346292451715   0.0004030260580534288   -3004.04682128
2msa1nta1sa4tma            -3006.7985264847675  -3006.6724805985045  0.00042275997404957915  -3007.42619162
1msa1nta2sa4tma            -3042.724597086166   -3042.6024797089135  0.0004095836902648973   -3043.33214597
