0.3374873347328718 0.3817929674737406 0.4228792308625057 0.2964010713441067
0.3003194427323678 0.3406050280538249 0.2634332565945508 0.3774912141916419
0.32240755883273464 0.3197870199169812 0.3778064175618597 0.2643881611878562
0.3003186131048121 0.3406062132097364 0.2634325241979908 0.3774923021165577
0.3003177162290724 0.3406040671774239 0.26343145235487453 0.37749033105162183
0.4137434937769542 0.39054216506001843 0.3598912431560935 0.4443944156808791
0.3324749233674813 0.36859167950692434 0.28648815197165634 0.41457845090274936
0.33567806506113973 0.3705904522606482 0.2883816521984454 0.4178868651233425
0.32240906902550026 0.319785459126147 0.3778076395806621 0.2643868885709852
0.33567670596768745 0.37059683979812114 0.28838073955069776 0.4178928062151108
0.3224538219663001 0.319838980852011 0.37785020888051135 0.2644425939377998
0.3003315378817415 0.34061120607596407 0.26344543989332136 0.37749730406438425
0.33246866519127327 0.36858450353486694 0.28648159541228985 0.4145715733138503
0.33567702015739426 0.37059036049988836 0.2883808055657022 0.4178865750915804
0.3224079479292341 0.31978603370933256 0.3778066958775211 0.2643872857610456
0.33567555297737894 0.37059183459437967 0.28837940246104043 0.4178879851107182
0.3224050893284734 0.31978295195019657 0.3778039958956763 0.26438404538299365
0.3224143304710411 0.3197932811827385 0.37781276980946255 0.26439484184431705
0.33567631614412763 0.37059191850696505 0.2883802262533741 0.41788800839771856
0.3332673264305563 0.36949440739170425 0.28727979858129565 0.4154819352409649
0.32240493701368955 0.3197836653875752 0.3778038815198984 0.2643847208813664
0.42231640152849687 0.36566202261098224 0.3151178428650341 0.472860581274445
0.322400159984818 0.319778184376316 0.377799420928252 0.264378923432882
0.33327279091405104 0.3694933940454657 0.2872852399157173 0.41548094504379945
0.42231029689618405 0.36566806816389325 0.3151234617134778 0.47285490334659946
0.300320694817024 0.34060383365176705 0.26343429642938376 0.3774902320394073
0.32240701941328276 0.3197842312202998 0.37780578579535484 0.2643854648382277
0.4222977315223677 0.36568409926483697 0.3151411002595267 0.472840730527678
0.30032106127242125 0.3406039896130369 0.2634348505699479 0.3774902003155103
0.4223051720493084 0.3656694094914229 0.315128028584181 0.4728465529565503
0.30031808690774614 0.34060499784828624 0.263431902911336 0.3774911818446964
0.4222899256015826 0.36569242314529204 0.3151521378966648 0.4728302108502099
0.34031518136620204 0.3824593430659982 0.4257053534433348 0.2970691709888654
0.4223088059067679 0.3656739150956883 0.3151277576913061 0.4728549633111501
0.3640327339294249 0.4096311594410684 0.47021940406347695 0.3034444893070164
0.33749186291265093 0.38178418283216153 0.42286924751371185 0.2964067982311006
0.3224029184208732 0.3197811743796868 0.3778019255497199 0.26438216725084007
0.3224081794056363 0.3197860544341413 0.37780696740219555 0.2643872664375821
0.4222953888254407 0.3656773643904727 0.3151386681331145 0.4728340850827989
0.3356744252913606 0.3705914290717874 0.28837822230570553 0.41788763205744245
0.3640325818893135 0.4096354008285271 0.47022546860705483 0.30344251411078577
0.33748512102662276 0.38178635727006976 0.422872325931945 0.2963991523647475
0.32239351261934673 0.31977424732568205 0.3777929470372092 0.26437481290781956
0.42230099538622723 0.3656796506387255 0.3151369628297976 0.47284368319515513
0.3374889522353191 0.38179352861466975 0.4228795077319738 0.29640297311801506
0.3640376947872632 0.40963430080536645 0.4702215145346663 0.3034504810579633
0.39085747930860615 0.37124206580521635 0.3390104613258579 0.4230890837879646
0.33748559231216446 0.38179352864496996 0.42288064251816093 0.29639847843897343
0.42229948107528886 0.3656798292940477 0.3151380661812805 0.47284124418805606
0.3374956920951409 0.38178913620071164 0.4228737439584331 0.2964110843374195
0.3640285125605244 0.4096346655845158 0.4702273856345694 0.30343579251047076
0.42230359328840383 0.36567929701060803 0.3151381164777832 0.47284477382122864
0.3374867083263524 0.38179204419628554 0.42287876363880406 0.2963999888838339
0.4223030697459751 0.3656736075676044 0.31513124050290564 0.4728454368106739
0.3374857971837529 0.3817919021421852 0.4228793812001084 0.29639831812582973
0.3640256167814668 0.4096301620685126 0.4702224411323293 0.3034333377176501
0.4223040029812767 0.36567442794557914 0.3151315870685974 0.47284684385825837
0.42230401012219954 0.3656730675113835 0.31513048839861624 0.4728465892349668
0.3640361977832653 0.4096343034149368 0.470222239192239 0.3034482620059631
0.3374858966718081 0.38176988763189124 0.42285434923355053 0.2964014350701488
0.4223074866333572 0.36567158599700006 0.31512837979422087 0.4728506928361364
0.3332635815909557 0.3694893744476387 0.28727583750972174 0.4154771185288726
0.3374866982464172 0.38179364140731087 0.42287978929481074 0.29640055035891727
0.3374903173222227 0.3817903130737417 0.42287604462105144 0.29640458577491297
0.3640305679325579 0.4096331230989873 0.4702230357509355 0.3034406552806097
0.33749057765574736 0.38177969128962386 0.4228647774859062 0.29640549145946504
0.36403333266975263 0.40963469977629186 0.47022464832790023 0.30344338411814425
0.33748711976726725 0.38179438686379236 0.42288091110820897 0.29640059552285064
0.36403733978968345 0.4096309866136663 0.4702136012193073 0.3034547251840425
0.3374840201494525 0.3818010785892031 0.4228894121473979 0.2963956865912577
0.33748836963121653 0.3817921030437224 0.42287809260020276 0.2964023800747362
0.3374859077644135 0.38179641939716985 0.42288358876963766 0.2963987383919457
0.3374886706813917 0.3817914368912739 0.4228771764932448 0.29640293107942084
0.3374806587333067 0.38178417704101475 0.4228708802977095 0.29639395547661196
0.3324737556730698 0.368590919194334 0.28648703640586043 0.4145776384615434
0.3356759393329905 0.3705919990591862 0.2883798541444694 0.4178880842477073
0.335677934462956 0.3705943818300433 0.28838210340902704 0.41789021288397227
0.32240953840173925 0.3197866248008412 0.3778081641399763 0.26438799906260413
0.30032398781776737 0.3406064374605372 0.2634378336457796 0.37749259163252497
0.3356730509414059 0.37059039920213643 0.2883770639343551 0.4178863862091873
0.322407027619709 0.31978499990280523 0.3778058141949098 0.2643862133276045
0.3356762550773803 0.3705887658144216 0.28837972980341586 0.417885291088386
0.32241249886265855 0.3197939822913099 0.3778109962578493 0.26439548489611914
0.3003204207883157 0.34060219471972153 0.26343413280139627 0.377488482706641
0.3003187370286521 0.3406029149648708 0.26343238421375353 0.3774892677797693
0.3224167608818205 0.31979363769073754 0.3778149557513043 0.2643954428212537
0.30031934702912233 0.3406064562368289 0.26343322765536087 0.37749257561059035
0.15172593973236648 0.16075097197337834 0.14875322452306206 0.16372368718268274
0.36403097164980003 0.4096333576559902 0.4702219121507347 0.3034424171550555
0.3374866726639964 0.3817906101310001 0.42287722614346657 0.2964000566515299
0.36403771570915083 0.4096363361436394 0.47022683157491074 0.3034472202778795
0.3224004694712594 0.31978108756900314 0.377799623354799 0.26438193368546353
0.30031575849143527 0.3406011011964786 0.26342966576805826 0.37748719391985563
0.39085798892356394 0.37124428493626577 0.33901141117178996 0.42309086268803975
0.3224194486491136 0.31979669031122376 0.3778174726535716 0.2643986663067658
0.33748912154099525 0.38179073392099905 0.4228767218379443 0.29640313362405
0.42230376508557044 0.3656735214300387 0.3151305818761603 0.47284670463944883
0.4223080374792939 0.3656780163221804 0.3151343009395334 0.4728517528619409
0.02955104103983821 0.03759723270941838 0.036935901392600445 0.030212372356656136
0.33749033357468505 0.38179852628769095 0.42288507889984234 0.29640378096253367
0.1607537456253511 0.15172895606618847 0.16372500858546404 0.14875769310607553
0.018547246875674918 0.02170014574528099 0.023665890617997263 0.016581502002958645
0.3374888769185529 0.38179357132242897 0.4228801172118704 0.29640233102911145
0.36402808592351577 0.40963593818534927 0.4702255962824763 0.3034384278263887
0.055173256762925116 0.05381725939129571 0.05657987689010874 0.05241063926411209
0.3640341366295037 0.4096354322665281 0.4702248454357769 0.30344472346025486
0.05381725939129571 0.055173256762925116 0.05241063926411209 0.05657987689010874
0.19374854885656934 0.20069528924955124 0.20291580775609355 0.19152803035002702
0.3062807572180535 0.317316189513532 0.3233479587376403 0.3002489879939452
0.1607541360839992 0.1517179584858864 0.16371599248630445 0.14875610208358114
0.32240826544152873 0.3197860614983262 0.3778069497181711 0.2643873772216839
0.3908553052581577 0.37123968457457257 0.3390081824148673 0.423086807417863
0.20647596287200168 0.18138414003576692 0.1794633691285637 0.2083967337792049
0.3656799246115591 0.42230150493298285 0.47284455521816016 0.3151368743263818
0.30032029502084867 0.3406059896969736 0.2634341288835104 0.37749215583431184
