#CLUSTER             dG_298.15K_[Eh]      dH_298.15K_[Eh]      dS_298.15K_[Eh/K]       dE_[Eh]
1ma                  -95.79628217715855   -95.76899244466968   9.153021126570281e-05   -95.837824015
1dma                 -135.06700818565287  -135.0362355765862   0.00010321183654763125  -135.134508383
1tma                 -174.33978756366545  -174.30727777203015  0.00010903837543289424  -174.434517216
1fa                  -189.70263830925174  -189.67445686576045  9.452102462281888e-05   -189.712813214
2ma                  -191.5845451391104   -191.5433802929972   0.00013806757039470222  -191.683373231
1dma1ma              -230.85503805489986  -230.8116657893024   0.00014547129162320873  -230.98101196
2dma                 -270.1260778637566   -270.07993016839265  0.00015478012867332233  -270.278808195
1ma1tma              -270.12855578494737  -270.0830765481285   0.00015253810772730027  -270.281505678
1nta                 -280.8075786450972   -280.7774388096576   0.00010108950340291773  -280.808948134
1fa1ma               -285.50449813235804  -285.4652096871056   0.00013177409106977173  -285.574837767
3ma                  -287.3762055788131   -287.3259516472653   0.00016855251231854797  -287.537540101
1dma1tma             -309.40030262542325  -309.3510737315563   0.00016511451909076666  -309.578836644
1dma1fa              -324.77559417195823  -324.7332515487128   0.00014201785425268617  -324.872159891
2tma                 -348.67021439623716  -348.6203037667237   0.0001674010716533646   -348.876994807
1fa1tma              -364.0501255640592   -364.00571425958157  0.0001489562451036732   -364.173353163
1ma1nta              -376.6145114260595   -376.57403886065117  0.00013574564953328685  -376.676404116
2fa                  -379.41314112531626  -379.3746670127009   0.0001290428060215753   -379.453669882
1fa2ma               -381.2991158553014   -381.24898982022034  0.00016812354546727625  -381.429287956
4ma                  -383.1672673866515   -383.10751704374104  0.0002004036320994082   -383.390361051
3dma                 -405.1887543839818   -405.1295067618867   0.00019871749822265362  -405.429094439
1dma1nta             -415.8867138934598   -415.84317985734333  0.00014601387260263803  -415.974393321
1dma1fa1ma           -420.5708746732745   -420.5183776930559   0.00017607573442407772  -420.727548336
1nta1tma             -455.1609240646359   -455.1154268595441   0.00015259837360987775  -455.27663866
2dma1fa              -459.84066723473825  -459.78626540797933  0.00018246462102601183  -460.025228098
1fa1ma1tma           -459.8412807652103   -459.78706258063266  0.00018184868213179614  -460.02562602
1fa1nta              -470.5146400771653   -470.47408028404124  0.00013603821272534526  -470.546165348
2ma1nta              -472.4121576597665   -472.3626236254752   0.00016613796508911028  -472.53722532
2fa1ma               -475.2115866087132   -475.1624031673901   0.00016496207051181386  -475.311328417
1dma1fa1tma          -499.1135934929126   -499.05618477045067  0.0001925497986315044   -499.323742956
1dma1ma1nta          -511.68692675955623  -511.6342086276211   0.00017681748091609252  -511.838885388
1dma2fa              -514.4854803181247   -514.4340631855621   0.00017245390763903878  -514.613701382
1fa2tma              -538.3812171110796   -538.32149646847     0.0002003040168024894   -538.618153349
4dma                 -540.2525816797331   -540.1803020536076   0.00024242705391725716  -540.580331083
1ma1nta1tma          -550.9558035870986   -550.8997354365241   0.00018805349848875509  -551.132110097
2dma1nta             -550.9579079562008   -550.902133397184    0.0001870687875793945   -551.136112678
2fa1tma              -553.7543599478001   -553.7006827858812   0.00018003408324327236  -553.90963301
2nta                 -561.6135118513417   -561.5707023385689   0.00014358380940048625  -561.635906823
2fa2ma               -571.0093769878515   -570.9504672315807   0.00019758429069538     -571.171836794
1dma1nta1tma         -590.2307409681761   -590.1724166483515   0.00019562072723326742  -590.43507932
1dma2fa1ma           -610.2820089924603   -610.2198683472858   0.0002084207451767903   -610.468038179
1nta2tma             -629.4959565973251   -629.4352526779899   0.00020360194309972297  -629.727110028
2fa1ma1tma           -649.5527941500158   -649.4898707926427   0.0002110459747545073   -649.76969841
2dma2fa              -649.5603778167925   -649.496275017956    0.00021500184080679133  -649.777531558
1ma2nta              -657.4270911250272   -657.3760287876798   0.00017126391865642887  -657.513149776
1msa                 -664.1999349359539   -664.1639705971139   0.00012062498353195923  -664.233030186
1dma2fa1tma          -688.8219823995747   -688.7553881688617   0.00022335814426636185  -689.064544726
1dma2nta             -696.7035304925487   -696.6491568521427   0.0001823700835349447   -696.816054521
1sa                  -700.1144441779212   -700.0806352954795   0.0001133955473477488   -700.126012015
2fa2tma              -728.0889410275273   -728.0202087601853   0.00023052915425798815  -728.359172184
2nta1tma             -735.9767120335142   -735.9197478796932   0.0001910587081034723   -736.116121953
2ma2nta              -753.2475242877418   -753.1884876252075   0.00019800993638908232  -753.39894639
1ma1msa              -760.005125678166    -759.9604988088953   0.0001496792529621486   -760.102132495
1dma1ma2nta          -792.5235044823831   -792.4610374894463   0.0002095153209353622   -792.701457335
1ma1sa               -795.9266500887428   -795.8822239400575   0.00014900603282006758  -796.000115569
1dma1msa             -799.2790361047403   -799.231820215768    0.0001583628675908005   -799.402424017
1ma2nta1tma          -831.7903343035897   -831.7252714755081   0.00021822179467277683  -831.995100427
2dma2nta             -831.7998680876868   -831.7339469477699   0.00022110058667427126  -832.004289775
1dma1sa              -835.2031073811463   -835.1551171193199   0.00016096012687028972  -835.302995035
1fa1msa              -853.9109734196647   -853.8659848529265   0.00015089239221272017  -853.975498419
2ma1msa              -855.8110305678459   -855.7584449921626   0.00017637288506913937  -855.971673049
1dma2nta1tma         -871.0657476673036   -870.9975448641914   0.0002287533225300085   -871.297233511
1sa1tma              -874.4773618869434   -874.4277208560815   0.00016649683334542218  -874.604574491
1fa1sa               -889.8268789103928   -889.7829739654538   0.00014725790688915685  -889.868751489
2ma1sa               -891.7319074408076   -891.6785960441574   0.00017880730052072222  -891.867961565
1dma1ma1msa          -895.0862566557424   -895.0301361052908   0.00018822924853823596  -895.273249938
2nta2tma             -910.3317518020965   -910.260730866943    0.00023820538371111907  -910.589793104
1dma1ma1sa           -931.0069632437669   -930.9509013603235   0.00018803247842805063  -931.170299979
1ma1msa1tma          -934.3536140135814   -934.2941447792081   0.0001994607894460566   -934.565582557
2dma1msa             -934.3576758298141   -934.2986141995699   0.00019809367849779093  -934.570913621
1msa1nta             -945.0112531393402   -944.9638804918822   0.0001588886381284167   -945.06651187
1fa1ma1msa           -949.7239691151836   -949.6699545058607   0.00018116588738217225  -949.852541416
1ma1sa1tma           -970.2776489710542   -970.2194210048024   0.00019529755576660636  -970.467257674
2dma1sa              -970.2784997744244   -970.2186319955472   0.0002007975142619273   -970.4671762
1dma1msa1tma         -973.62779650936     -973.565792274404    0.00020796322306230666  -973.866807953
1nta1sa              -980.9253755252304   -980.879084855794    0.00015525966606220318  -980.958036247
1fa1ma1sa            -985.6442257296287   -985.5905987568062   0.00017986574818893052  -985.749371695
3ma1sa               -987.5344544239832   -987.471804477112    0.00021012895143788759  -987.733095982
1dma1fa1msa          -988.999495447114    -988.942516540135    0.00019110819043773223  -989.154737668
1dma1sa1tma          -1009.549974146802   -1009.4880935462794  0.00020754855114082945  -1009.7654254
1msa2tma             -1012.8920862679378  -1012.8275798928464  0.00021635544219815353  -1013.15818193
1dma1fa1sa           -1024.9205354626295  -1024.8633267082837  0.0001918791022836507   -1025.0518983
1fa1msa1tma          -1028.2675196515925  -1028.2084023181176  0.00019828050804897505  -1028.45027924
1ma1msa1nta          -1040.827715664444   -1040.7719688176996  0.00018697584016221275  -1040.94747599
1fa2ma1msa           -1045.5300621704419  -1045.466432932164   0.00021341351091033343  -1045.72079466
1sa2tma              -1048.8245583410599  -1048.7608738853007  0.00021359871124981546  -1049.06320677
1fa1sa1tma           -1064.1894974675986  -1064.131430256832   0.00019475837922762915  -1064.34901921
1ma1nta1sa           -1076.7469006234226  -1076.6913556778268  0.00018629866039145728  -1076.84298892
1dma1msa1nta         -1080.1034718951953  -1080.0446719718332  0.000197215909314228    -1080.24985571
1fa2ma1sa            -1081.4476799537176  -1081.3836093329526  0.00021489391502596658  -1081.61403118
4ma1sa               -1083.3328566975904  -1083.2611337613105  0.00024055990702638255  -1083.59386267
1dma1fa1ma1msa       -1084.804435912931   -1084.7376712001783  0.0002239299438290312   -1085.0220425
3dma1sa              -1105.349722905664   -1105.2784552215046  0.00023903298393272685  -1105.62734683
1dma1nta1sa          -1116.0234449980608  -1115.9645023502053  0.00019769460961102545  -1116.14605877
1msa1nta1tma         -1119.3767358520315  -1119.3156443390274  0.00020490193863507313  -1119.55007057
1dma1fa1ma1sa        -1120.7222752017865  -1120.6566988889842  0.00021994403086427795  -1120.91636012
1fa1ma1msa1tma       -1124.0702225368757  -1124.0015247981928  0.00023041334456788635  -1124.31349002
2dma1fa1msa          -1124.0778197758884  -1124.0087002135033  0.0002318281481975237   -1124.32303443
2ma1msa1nta          -1136.6490851865685  -1136.584644073602   0.0002161365519584189   -1136.83307739
1nta1sa1tma          -1155.2949339547713  -1155.2347576830668  0.00020183220427440218  -1155.4459464
1fa1ma1sa1tma        -1159.9933686426696  -1159.9278372751635  0.00021979328360267325  -1160.21461898
2dma1fa1sa           -1159.998321276305   -1159.9310367239236  0.00022567349448683027  -1160.22158407
1dma1fa1msa1tma      -1163.3400478012682  -1163.26901450771    0.00023824683400384394  -1163.61281099
2ma1nta1sa           -1172.5661979934946  -1172.5025630379482  0.00021343268672305827  -1172.72737631
1dma1ma1msa1nta      -1175.9245927161746  -1175.8575789525041  0.00022476526470031801  -1176.13644228
1dma1fa1sa1tma       -1199.2684421048043  -1199.1997697837846  0.0002303280933074428   -1199.51644828
1fa1msa2tma          -1202.6030119509976  -1202.5285266657368  0.0002498248709069337   -1202.90025996
1dma1ma1nta1sa       -1211.8423397581803  -1211.7779470862672  0.00021597407986914145  -1212.0328496
1ma1msa1nta1tma      -1215.1885343961765  -1215.1188254683373  0.00023380488961677022  -1215.42694093
2dma1msa1nta         -1215.2001797034316  -1215.130332665681   0.00023426811252906903  -1215.43901399
1fa1sa2tma           -1238.5357096383068  -1238.4638832097776  0.0002409070217313115   -1238.81064271
4dma1sa              -1240.41888652979    -1240.338362378932   0.00027007932536564523  -1240.78831569
1ma1nta1sa1tma       -1251.1133191568485  -1251.0464219306057  0.00022437439625275823  -1251.33091894
2dma1nta1sa          -1251.1186290516957  -1251.0506708468126  0.0002279329360492185   -1251.33554926
1dma1msa1nta1tma     -1254.4652232618698  -1254.3928090531867  0.00024287844602727919  -1254.73078342
1dma1nta1sa1tma      -1290.390313795089   -1290.3203156747034  0.00023477484617002593  -1290.63441537
1msa1nta2tma         -1293.7266374590415  -1293.65133896362    0.0002525523911506958   -1294.01840975
2msa                 -1328.4096832871908  -1328.3592972294045  0.0001689956658935432   -1328.49972875
1nta1sa2tma          -1329.652979950436   -1329.5810079580529  0.00024139524528969428  -1329.9246039
1msa1sa              -1364.3280331679482  -1364.2793608905042  0.00016324761846070029  -1364.39620597
2sa                  -1400.238637743068   -1400.1893190533083  0.00016541569599068533  -1400.28202879
1ma2msa              -1424.2292965654194  -1424.1706012217326  0.00019686514736458685  -1424.38386021
1ma1msa1sa           -1460.1545308244881  -1460.097284676151   0.00019200452234448794  -1460.28697482
1dma2msa             -1463.505523783549   -1463.4433725925944  0.00020845611589673905  -1463.68649641
1ma2sa               -1496.0701067071743  -1496.0133589433422  0.00019033293252433955  -1496.17958814
1dma1msa1sa          -1499.4308121094682  -1499.3702967397307  0.0002029695446501892   -1499.58996608
2msa1tma             -1502.773415016537   -1502.7090396720723  0.00021591596332275824  -1502.98211555
2ma2msa              -1520.0464894551524  -1519.9787953895063  0.00022704700870677683  -1520.26607464
1dma2sa              -1535.3469331177473  -1535.286839536959   0.0002015548575827248   -1535.48294397
1msa1sa1tma          -1538.6969353844786  -1538.6341650267295  0.00021053281150120018  -1538.88359708
2ma1msa1sa           -1555.9701714381358  -1555.9044313636296  0.00022049329031076034  -1556.16734049
1dma1ma2msa          -1559.3226182343492  -1559.2515782414835  0.00023826930359089932  -1559.56899455
2sa1tma              -1574.6168144505482  -1574.55443531721    0.0002092206383972546   -1574.78044974
2ma2sa               -1591.8892381689634  -1591.8238931752749  0.00021916818275570087  -1592.06320721
1dma1ma1msa1sa       -1595.2467274323105  -1595.1780567987885  0.00023032243341257155  -1595.47104059
1ma2msa1tma          -1598.5854641934802  -1598.5116098770848  0.00024770859096257534  -1598.85812352
2dma2msa             -1598.5965431550164  -1598.5228051256659  0.0002473185623025688   -1598.87009256
1dma1ma2sa           -1631.1653552884966  -1631.0973994250937  0.00022792508268635467  -1631.36693549
1ma1msa1sa1tma       -1634.513568657228   -1634.4429474099813  0.00023686482390306867  -1634.76537709
2dma1msa1sa          -1634.5221004132961  -1634.450430856269   0.00024038087213538157  -1634.77362907
1ma2sa1tma           -1670.4354447963963  -1670.3662585636728  0.00023205176160810142  -1670.66523335
2dma2sa              -1670.442006832063   -1670.371704438545   0.00023579538325642528  -1670.67147675
1dma1msa1sa1tma      -1673.7894741206494  -1673.715980456035   0.000246498958961608    -1674.06864013
2msa2tma             -1677.1234695582718  -1677.046440645654   0.0002583562388654821   -1677.45258974
3ma2sa               -1687.6919552492086  -1687.6163789155235  0.00025348426525275515  -1687.92757898
1dma2sa1tma          -1709.7124464278152  -1709.640314755823   0.00024193081332225336  -1709.96954253
1fa2ma2msa           -1709.7595974586934  -1709.6816050228779  0.0002615879115063881   -1710.00966611
1fa2ma1msa1sa        -1745.685733329093   -1745.6099621992607  0.00025413761473158105  -1745.91408023
2sa2tma              -1748.983082422099   -1748.9087702049524  0.00024924439760689595  -1749.26724323
1dma1fa1ma2msa       -1749.0353315343018  -1748.9554828084802  0.000267813938694031    -1749.31333084
2ma2sa1tma           -1766.2381390728372  -1766.1589292978554  0.000265670887076154    -1766.52941883
3dma1msa1sa          -1769.5914757259031  -1769.5077305698937  0.0002808826295800418   -1769.93146767
1fa2ma2sa            -1781.604170173865   -1781.5290907654355  0.00025181756977848155  -1781.80943302
4ma2sa               -1783.4955464979055  -1783.4116946323452  0.00028124053516789013  -1783.7945069
1dma1fa1ma1msa1sa    -1784.9576898698735  -1784.8793729652778  0.0002626761851279401   -1785.21341745
1fa1ma2msa1tma       -1788.30017187645    -1788.2173740730518  0.0002777051933524068   -1788.60422403
2dma1fa2msa          -1788.3041017021953  -1788.2210492781053  0.00027855919533779114  -1788.60911756
2ma2msa1nta          -1800.867524679468   -1800.7889683738467  0.00026347914010171235  -1801.10947315
3dma2sa              -1805.5214216180502  -1805.4396563193548  0.0002742421556109879   -1805.83951202
1dma1fa1ma2sa        -1820.8804101491069  -1820.802732127363   0.0002605333615424761   -1821.11330921
1fa1ma1msa1sa1tma    -1824.2249881576038  -1824.1450586695096  0.0002680848166833067   -1824.50823586
2dma1fa1msa1sa       -1824.231086180029   -1824.1497877654638  0.0002726762185650635   -1824.51336755
1dma1fa2msa1tma      -1827.5707875904207  -1827.486459251617   0.0002828386342568333   -1827.90378786
2ma1msa1nta1sa       -1836.7898529814654  -1836.712471466835   0.00025953887181041305  -1837.0091212
1dma1ma2msa1nta      -1840.1422517970182  -1840.0622226720193  0.0002684190004992053   -1840.41326149
1ma2sa2tma           -1844.7838199447497  -1844.7002883994924  0.00028016617560692184  -1845.12923763
1fa1ma2sa1tma        -1860.1471240424735  -1860.06778632606    0.0002661000047403566   -1860.40765382
2dma1fa2sa           -1860.1517665284207  -1860.0708819713354  0.000271288133776054    -1860.4113132
1dma1fa1msa1sa1tma   -1863.499146918703   -1863.4167349141828  0.00027641121757556293  -1863.81012696
1fa2msa2tma          -1866.8311033072819  -1866.7430131924277  0.0002954556929538445   -1867.1892916
2ma1nta2sa           -1872.7077504823183  -1872.6312383657325  0.00025662289648070827  -1872.9044929
1dma1ma1msa1nta1sa   -1876.0666528450163  -1875.9861951597989  0.0002698563985158176   -1876.31296704
1ma2msa1nta1tma      -1879.408307789971   -1879.3255448296757  0.000277588329013528    -1879.70356484
2dma2msa1nta         -1879.4147066975688  -1879.3316145258993  0.000278692509372961    -1879.71224676
1dma1fa2sa1tma       -1899.4213757256637  -1899.339396356308   0.00027496015212381174  -1899.70880095
1fa1msa1sa2tma       -1902.7609085652339  -1902.6755442790243  0.0002863132188815726   -1903.09786218
1dma1ma1nta2sa       -1911.9843629451098  -1911.9046651208212  0.00026730781247246     -1912.20788319
1ma1msa1nta1sa1tma   -1915.3330805392636  -1915.2524848222713  0.00027031935935719514  -1915.60846529
2dma1msa1nta1sa      -1915.3404022308944  -1915.2577704870778  0.0002771482267868309   -1915.61457373
1dma2msa1nta1tma     -1918.680883117498   -1918.5963701678304  0.0002834578221289307   -1919.00631751
1fa2sa2tma           -1938.6865623474168  -1938.6036088149913  0.0002782275110702775   -1939.00313821
4dma2sa              -1940.5930785626865  -1940.500626590866   0.00031008543290444106  -1941.00098653
1ma1nta2sa1tma       -1951.2535546082638  -1951.1736865732767  0.00026787870195230405  -1951.50646909
2dma1nta2sa          -1951.2589984912227  -1951.1766778459428  0.0002761047971825945   -1951.51001961
1dma1msa1nta1sa1tma  -1954.608079806629   -1954.5246166904951  0.0002799366632025435   -1954.91052524
2msa1nta2tma         -1957.9441925948047  -1957.8560841591257  0.00029551714130153544  -1958.29358569
1dma1nta2sa1tma      -1990.5263117509596  -1990.4446484098667  0.00027390018813663663  -1990.80721903
3msa                 -1992.6136752878415  -1992.548219974014   0.0002195381983141224   -1992.75940912
1msa1nta1sa2tma      -1993.8702995739427  -1993.7852640429317  0.0002852105685426489   -1994.2005235
2msa1sa              -2028.5347169531458  -2028.470781090712   0.00021444193336840733  -2028.65812343
1nta2sa2tma          -2029.795050173962   -2029.7103540977862  0.00028407203144660613  -2030.10126729
1msa2sa              -2064.4516753709013  -2064.3895160361153  0.00020848343044061214  -2064.55314572
3sa                  -2100.3608621093595  -2100.2989221211533  0.00020774773840775575  -2100.43912827
1dma3msa             -2127.715904317651   -2127.640002955154   0.0002545744172298134   -2127.95534914
1dma2msa1sa          -2163.6410173164268  -2163.566532178099   0.0002498243780917743   -2163.85855043
1ma3sa               -2196.200491852514   -2196.1310585314136  0.0002328805000849988   -2196.34522565
1dma1msa2sa          -2199.56314801193    -2199.4906356888205  0.00024320752342668072  -2199.75845742
1dma3sa              -2235.4789349138423  -2235.406323558111   0.00024353968046652907  -2235.65021473
2dma3msa             -2262.8069173632657  -2262.718740647727   0.000295746153072646    -2263.1372647
3sa1tma              -2274.7429721744556  -2274.6684265377735  0.00025002729056564814  -2274.94230389
2ma3sa               -2292.02747675651    -2291.9493835079497  0.0002619260391099296   -2292.23714955
2dma2msa1sa          -2298.7361455908485  -2298.6491561251532  0.00029176409758646573  -2299.04403012
2dma1msa2sa          -2334.6583377922534  -2334.5718448950324  0.00029009859876162467  -2334.94200453
1ma3sa1tma           -2370.5754143450336  -2370.48992396754    0.000286736131119746    -2370.83677247
2dma3sa              -2370.5796744865797  -2370.495942338093   0.00028083900213648046  -2370.84378375
3ma3sa               -2387.853254889928   -2387.7675924113883  0.0002873133608582304   -2388.12902406
3dma2msa1sa          -2433.8295113235554  -2433.732644561437   0.0003248927121187273   -2434.2307151
2ma3sa1tma           -2466.3942503163     -2466.3041901963943  0.00030206312227296035  -2466.72483781
3dma1msa2sa          -2469.7555188763044  -2469.6614097943125  0.0003156434076543524   -2470.13647726
4ma3sa               -2483.6698238205436  -2483.577691896954   0.00030901198587848257  -2484.01100178
1dma1ma3sa1tma       -2505.6735779046967  -2505.5819535910305  0.00030730945385293177  -2506.03281735
3dma3sa              -2505.6779372645624  -2505.584783326966   0.00031243983765407736  -2506.03494172
1ma3sa2tma           -2544.9389381468413  -2544.8446857808262  0.00031612398462189755  -2545.32470792
3sa3tma              -2623.477545217064   -2623.379146906726   0.00033002955001756727  -2623.91853948
2ma3sa2tma           -2640.748966460781   -2640.6470297004485  0.00034189756945411973  -2641.19987486
4dma3sa              -2640.7620543362978  -2640.6578782599486  0.0003494082721756873   -2641.21007376
4msa                 -2656.814715458917   -2656.7354578053955  0.0002658314724847403   -2657.01780278
3msa1sa              -2692.7398014980768  -2692.662696561834   0.000258611223354264    -2692.92126275
1ma3sa3tma           -2719.291628745351   -2719.1839400182434  0.00036118976054786355  -2719.79539288
2msa2sa              -2728.657742813927   -2728.581411912471   0.0002560150979570361   -2728.81581142
1msa3sa              -2764.5684180018757  -2764.4902560772907  0.0002621563796244836   -2764.70135828
4sa                  -2800.486455135994   -2800.413098264339   0.0002460401531272103   -2800.59996764
1dma3msa1sa          -2827.8448511247193  -2827.7557119413964  0.00029897428583847076  -2828.11801885
1dma2msa2sa          -2863.768751273197   -2863.6819261866685  0.00029121276715914654  -2864.01994333
1ma4sa               -2896.3233365477554  -2896.2409189303416  0.00027643004331277316  -2896.50325086
1dma1msa3sa          -2899.685739300203   -2899.599734396963   0.0002884618589301497   -2899.91347028
1dma4sa              -2935.60075681349    -2935.515890406283   0.0002846433245260767   -2935.80824662
2dma3msa1sa          -2962.94700054365    -2962.846774404199   0.00033616011890406054  -2963.31154316
2ma4sa               -2992.1590946054152  -2992.0694810710947  0.0003005652668815424   -2992.40551867
2dma2msa2sa          -2998.870174040039   -2998.7718837307966  0.0003296673125680542   -2999.21328584
2dma1msa3sa          -3034.7932933190177  -3034.695836640488   0.000326871301458401    -3035.11478013
2dma4sa              -3070.7089854856968  -3070.614883702366   0.00031561892782388027  -3071.00842504
3ma4sa               -3087.987052500916   -3087.8904662574582  0.00032395184792170816  -3088.29969831
3dma3msa1sa          -3098.047094657484   -3097.936868702047   0.00036969966606448804  -3098.50607946
3dma2msa2sa          -3133.9712176041494  -3133.8634200089023  0.000361554906078337    -3134.40951779
2ma4sa1tma           -3166.537821434388   -3166.4352450546016  0.00034404286361415493  -3166.90386567
3dma1msa3sa          -3169.895725903944   -3169.7895533886854  0.0003561043610882406   -3170.31112768
4ma4sa               -3183.8176947824168  -3183.7122843665547  0.0003535482671873832   -3184.19453742
3dma4sa              -3205.8093133085863  -3205.703964387074   0.0003533420141281991   -3206.20172648
4dma3msa1sa          -3233.1345116384337  -3233.0116348645643  0.00041213071899900733  -3233.68502228
1ma4sa2tma           -3245.083075673501   -3244.977528623171   0.00035400654143844543  -3245.50449474
4dma2msa2sa          -3269.0665056728335  -3268.9468780928514  0.0004012328693013108   -3269.59629946
4dma1msa3sa          -3304.989286147391   -3304.8719680480285  0.0003934868333472529   -3305.49842043
4dma4sa              -3340.9079415491638  -3340.790914822343   0.0003925095650534578   -3341.39279499
2ma4sa2tma           -3340.9097263908907  -3340.7952901952794  0.00038382088080211077  -3341.39699611
3msa2sa              -3392.859883105524   -3392.769650768581   0.0003026407410477205   -3393.0751572
1ma4sa3tma           -3419.4482821963757  -3419.3308365777507  0.0003939145350487263   -3419.99192119
2msa3sa              -3428.7761618002096  -3428.6864159416873  0.0003010090844279982   -3428.96786512
3msa3sa              -4092.985001637311   -4092.8824048798174  0.0003441112107786655   -4093.2349537
