#CLUSTER          ddG_298.15K_[kcal/mol]  ddH_298.15K_[kcal/mol]  ddS_298.15K_[cal/mol/K]  ddE_[kcal/mol]
2tma              6.943458745634416       -2.5264525786042213     -31.762238216535323      -3.963504844374256
2dma              6.029651226854185       -3.5167150629276875     -32.018669427402315      -5.033302199444734
2ma               5.992641099946923       -2.625309401220875      -28.904705521046438      -4.10875181609299
1dma1ma           5.831121827744937       -2.831168035430892      -29.05342046983062       -4.286066621418286
1ma1tma           5.61545532164746        -3.142378148273565      -29.373917390306893      -4.661173016007524
1dma1tma          5.493581688991981       -3.586876173314522      -30.4560049047124        -5.067794212009176
1am1dma           4.900032876321347       -2.3127815320767695     -24.191898066107676      -3.791310443470138
1am1tma           4.474322291061981       -2.7440015936736017     -24.21037694029851       -4.266005666780984
1am1ma            4.264497837946692       -1.8281986153742764     -20.43498298930068       -3.277075089594291
2am               3.3954250080278143      -1.6344319639902096     -16.870222948213993      -3.072396477946313
1isa1w            -1.083057627954986      -10.755878322248464     -32.44282062508804       -12.430804608513427
1ica1w            -1.5813828603713773     -10.783099402397056     -30.862708509340926      -12.398190999760118
1isa1ma           -2.0873322542684036     -12.709251236075943     -35.62609083293646       -14.42324663222098
1am1isa           -2.126243715232704      -11.201813329244033     -30.43963068589637       -12.998971505265217
1ica2w            -2.4935965214972384     -22.285718844708754     -66.38306145624685       -25.6687137066765
1dma1isa          -2.5814657665905543     -13.56068495666841      -36.82450264990777       -15.182027774688322
1ip1w             -2.6462742763687856     -12.989832927429234     -34.69244466211635       -14.628826184438367
1isa1ma2tma       -2.733101866557263      -36.20952723748633      -112.28048086832135      -41.1706355655333
2am1isa           -2.810127859818749      -21.500191764323972     -62.686802547341955      -24.92653669900028
1ip1nta           -3.010840969363926      -14.674151379877003     -39.11893479986583       -15.775399170990568
1isa2ma           -3.191059830991435      -25.072089440989657     -73.38931187311759       -28.5424560354586
1am1isa1ma        -3.3526920537042315     -23.977203381502477     -69.17492890404161       -27.507016104304057
1isa2w            -3.3818583931424655     -23.83966727394727      -68.6158061571692        -26.94699145494087
1it1w             -3.5147447035997175     -13.984400082335924     -35.115375159684696      -15.624939292792988
1ica1nta          -3.543170589400688      -16.44039034904563      -43.25750808234111       -17.137445021013264
1isa1tma          -3.5665639012295287     -13.987619172752602     -34.95241169401308       -15.617956257337937
1am1it            -3.6421529126819223     -13.97137939510867      -34.64439537990942       -15.6972698335303
1am1ip            -3.902403506799601      -14.071064521674998     -34.105835116048944      -15.837251697434112
2dma1isa1ma       -4.4016260685093584     -37.82606909094466      -112.10615226362569      -42.88880123623676
1ica1nta1w        -4.421994815900689      -25.389191807000316     -70.32432329733356       -27.993232730084856
1am1ica           -4.502120674063917      -13.89148571313126      -31.492105699178275      -15.683779638435226
1am1isa1w         -4.761160187423229      -24.785985723210615     -67.16361499510316       -27.833715519409452
1am1ica1w         -4.882368666934781      -24.36895350443956      -65.35832580080496       -28.08601844614168
1ip2w             -5.021680607809685      -25.650772707682336     -69.19029288827767       -28.940096391612315
1ica1nta2w        -5.372492435068125      -36.94120201043552      -105.88192864437366      -41.28905606306216
1dma1isa1ma       -5.606162002244673      -27.450990964156517     -73.26791535109848       -30.705476716982957
2dma1isa          -5.62017414427828       -27.97658120188862      -74.98377773852089       -31.190571304643527
2sa               -5.6460335430456325     -16.931442821631208     -37.85151133315449       -18.094648499856703
1am1dma1isa       -5.709235645073932      -26.694937699649017     -70.38638958433677       -30.034385877719615
1ica1ma           -6.011459914901934      -17.193601025057433     -37.50510610501424       -19.063155037940305
1isa1ma1tma       -6.091730098676635      -28.367810497351456     -74.71433975743756       -31.899326424550964
1isa1ma1w         -6.194107213108509      -26.713944765484484     -68.82387238752308       -30.07754546306387
1isa2tma          -6.200928170757834      -28.95945797592867      -76.33250404236128       -32.48823101789458
1am1sa            -6.240404384443536      -15.112035523459781     -29.755638735636445      -16.441962264769245
1am1isa1tma       -6.255602507124422      -27.25104968328378      -70.41909592886134       -30.864748219406465
2am1ica           -6.354609930480365      -25.493840482318774     -64.1933148646319        -28.962374744703993
1it1ma            -6.476282762239862      -18.37724738401448      -39.91600988341438       -20.327161472356238
1dma1isa1tma      -6.511724131618394      -29.059965131484205     -75.6272129797082        -32.556443266541464
1isa1nta          -6.6448614431137685     -18.470833181316266     -39.664503566124445      -19.29316682991339
1fa1ica           -6.810258683864959      -18.61823991104029      -39.60418414308236       -19.7784158103168
1isa1ma2w         -6.88768627907848       -37.279702228843234     -101.93527888552742      -42.379954445772455
1fa1ip            -6.98004844551906       -19.332652076613158     -41.43085663598857       -20.547215964412317
1dma1isa1ma1w     -7.146782267715025      -39.53766509882553      -108.63953230266647      -44.70637586498924
2dma1ica1ma       -7.298845069708477      -41.810851191599795     -115.75383572647993      -47.04911125149374
1fa1ica1w         -7.395988809177652      -29.268923630428617     -73.36218286533622       -32.294199186850165
1fa1ica2w         -7.457986105524469      -39.66275782187586      -108.01531256505112      -44.27960831615201
1isa1tma1w        -7.626376535597956      -28.99558959870774      -71.67269180976021       -32.60882807410235
1am1ica1ma        -7.831739442357502      -29.690881747774256     -73.31592254019787       -34.053718439019576
1fa1isa           -7.914588663494214      -19.809635931975208     -39.89618402978369       -20.94892294605961
1ica2ma           -8.013564711654908      -31.298757784752524     -78.09892025188663       -35.57771767869417
1ma1sa            -8.065283509029541      -18.15061840042472      -33.82637897538152       -20.31738240091363
1ip1msa           -8.07844852184644       -21.879768328974023     -46.289832406708         -22.808677839522716
1dma1ica          -8.212759263988119      -19.972755336842965     -39.44324114657053       -21.909174479311332
1isa1ma1tma1w     -8.226263128599385      -39.81039045263606      -105.93366107348648      -44.94566019901686
1isa1tma2w        -8.230122272012522      -39.54358245205367      -105.02586007066913      -44.80475481900794
1dma1isa1w        -8.638532599550672      -29.316795834354707     -69.35523473000168       -32.665054686665826
1ica1ma1w         -8.732193697353068      -30.8088975678329       -74.04560655864498       -35.18766976312327
1dma1it           -8.956563670188189      -21.505017262301408     -42.087719578467215      -23.522224586689845
2am1sa            -9.18764792487491       -28.026361014926806     -63.18537435908101       -31.094991868070792
1am1ica1nta       -9.423036850203061      -31.813529870734783     -75.09812366503438       -35.01292557833949
1ica1tma2w        -9.549541454965947      -41.89973699150141      -108.50306644816366      -47.56746981087781
1am1fa1ica        -9.773578850959893      -31.499339118716307     -72.86857804028173       -34.26908095635008
1dma1ica1ma1w     -9.796413685187872      -42.92256060647924      -111.1055990984404       -48.32965700067871
1ip1ma            -9.888957827693957      -21.905640277625935     -40.30412938108335       -23.919048312884115
1ica1tma1w        -10.051556405058363     -31.737256881184294     -72.73419579460003       -35.73110329526389
1ica1tma          -10.122865846002242     -21.815367696079193     -39.21684336790209       -23.80445792808314
1dma1ica1ma       -10.414391189631715     -34.17006091205258      -79.67690666570519       -38.51091330493364
1ica1ma1tma1w     -10.51543172277161      -44.26855454152974      -113.20850760929062      -49.513256089740025
1am1dma1ica       -10.535994996025693     -32.30359716375824      -73.00889541412042       -36.799000125029124
1ica1ma1tma       -10.609538347722264     -34.09119633503724      -78.75786680318632       -37.74970527322148
1am1ica1tma       -10.68230359556037      -32.15546880554757      -72.02137006570521       -35.89285374581232
1ip1sa            -10.868351959972642     -24.54016769793816      -45.855515723561965      -25.70780852471944
2am1fa1ica        -10.883286531374324     -43.36140482954215      -108.93216358598025      -48.74763077899115
1am1ma1sa         -10.898164627607912     -30.828626262198668     -66.84709587328527       -34.78100452572107
1dma1ica1tma      -10.980361245543463     -34.81784480900387      -79.95135372658058       -38.365445285948226
1ica1msa          -11.08092487626709      -25.01953606470488      -46.75033100271676       -25.984163026558235
1it1tma           -11.11204275014461      -23.606418133917032     -41.90634037826595       -25.680471223633504
2dma1ica          -11.123174653330352     -35.13811606517993      -80.54652922002349       -39.33380760619184
1am1fa1ica1w      -11.333406983409077     -43.88078278764442      -109.16445439969812      -49.43222456106014
2ma1sa            -11.345128739485517     -32.85321449144976      -72.13847309075967       -36.76015389361419
1dma1sa           -11.390741932555102     -21.88504562928574      -35.1980881159148        -24.386066256614868
1isa1msa          -11.444136162637733     -24.350253914948553     -43.28733104900218       -24.55657631525537
1ip3w             -11.4956541590509       -44.19241332751699      -109.66538342545695      -47.885532769869315
1fa1isa1w         -11.542886309849564     -33.65353181761748      -74.15946841442226       -36.27709493821749
1ica1msa1w        -11.554357064596843     -34.91100390448992      -78.3385352663089        -37.57808893814945
1ica2tma          -11.82011713529937      -34.839305411616806     -77.2067568385041        -38.27878016442992
1dma1ica1w        -11.824559856555425     -33.65294823983277      -73.21279442683215       -38.36771173327725
2isa              -11.853318318957463     -24.518901621340774     -42.480616643837024      -25.73287297191564
1ica1ma2w         -11.868183865037281     -42.94996366248233      -104.24875816662751      -48.96771890712262
1it1msa           -11.963959647982847     -26.20210939354729      -47.75498824588293       -26.201756643306
2am1fa1isa        -12.016167897556443     -42.7636078215437       -103.12743987603557      -47.20010419731261
1ica1msa2w        -12.286602865322493     -47.17005311316461      -116.99962333593827      -51.319767017281265
1am1fa1isa1w      -12.328871467499994     -43.944662593028625     -106.03988303025324      -47.68814308493893
1sa1tma           -12.397852872411022     -22.748069330205908     -34.714838195304395      -25.34960536166909
1dma1ip           -12.635958885657601     -25.279391332063824     -42.40628021599865       -27.365756612969562
1ip1isa           -12.642930443922523     -26.535062485258095     -46.59446022565825       -27.931661517126486
1fa1ica2ma        -13.010226775004412     -47.52211367122072      -115.75341479540502      -52.58520818258694
1ica1sa2w         -13.08445410488639      -46.43834068989963      -111.86950481328192      -51.037837996627786
1am1sa1tma        -13.096508437563898     -33.233908011432504     -67.54119016934432       -37.27536225665244
1ma1sa1tma        -13.105525655701058     -35.23276861777413      -74.21513654908604       -39.23445622398867
1isa1sa           -13.15566314541502      -25.283357150969096     -40.6765271031025        -25.3607851320412
1fa1isa1ma1w      -13.170352990557149     -45.87200668236619      -109.68186287704177      -50.257098246438545
1fa1ica1ma        -13.171281694951176     -36.424854891862196     -77.99284562099616       -40.46582712390955
1am1fa1ica1ma     -13.317420868603222     -45.91103109387768      -109.31950436116048      -50.98705078149942
1am1fa1isa        -13.449968327360693     -35.20977063279133      -72.98275559436527       -37.63752493989887
1isa1nta1w        -13.568133417255012     -35.313860830428894     -72.9355271277545        -37.91381664493383
1fa1ica1ma1w      -13.699482345247816     -47.139248990839405     -112.1574848082173       -52.235646336412174
1dma1sa1tma       -13.735293941601412     -36.07445094161085      -74.92592076226732       -39.89093938059523
1am1fa1isa1ma     -13.74391583265242      -46.376142592598626     -109.44900380637264      -50.86051074608258
1it1sa            -13.761140790069476     -27.82220291381236      -47.16105449911119       -28.828730910434388
1fa1isa2ma        -13.828823263567756     -47.78912247279368      -113.90338062783833      -52.193850695344736
1fa1ica1tma1w     -13.89716461536591      -48.1873923518433       -115.00998737736037      -53.391937987740675
1am1dma1sa        -14.020086177974008     -34.49038864352042      -68.65775193878922       -38.909057858458254
1am1ica1nta1w     -14.030854129436193     -47.15321093260718      -111.09292907308404      -52.30491191405599
1ica1sa           -14.069156912562903     -27.645949871162884     -45.53682880670803       -28.477068600070197
1fa1isa1ma        -14.195310115690518     -37.3919060402186       -77.80176395951703       -39.60523987218767
2am1ica1nta       -14.340006032463862     -47.0689561048348       -109.77345747895356      -52.1341021329863
1dma1ma1sa        -14.416661799070425     -36.04054067959078      -72.52684514707363       -40.2788218826754
1ica1ip           -14.501770030823536     -29.156299391994253     -49.151574412946474      -30.473572398070246
2dma1sa           -14.514960144006182     -36.59988430363592      -74.0732196371625        -40.770554242189974
1ica1ma1nta       -14.52097162269638      -38.707346854149364     -81.12152106842194       -42.29209312662715
2ica              -14.580753833404742     -28.13111636566464      -45.44815967576723       -29.470025207614526
1am1fa1isa1tma    -14.623850739531917     -47.06063541499316      -108.79352993644142      -51.18670569147798
1isa1nta2w        -14.647055800451199     -45.39953457348747      -103.1442981655878       -49.56004675333679
1fa1ica1tma       -14.676604916661745     -38.47823923380929      -79.83109371846385       -41.67681271917536
1sa2tma           -14.728405289410148     -36.70836702227825      -73.7211528860641        -38.52016658097273
1ica1sa1w         -14.748014758108184     -37.7281848978746       -77.07588936729834       -39.98149741214729
1dma1fa1ica1ma    -14.761104470635473     -50.39407567670423      -119.5135710414892       -55.07030049106834
1isa1it           -14.85488479421474      -29.145041988114826     -47.92944312990109       -30.555045389570296
1fa1it            -14.879953538882546     -28.186562530812807     -44.63060629542175       -29.222209344035946
1am1dma1fa1ica    -14.927530816348735     -48.495841451513115     -112.58870764796242      -53.286375333031174
1fa1isa1ma1tma    -14.987614228593884     -48.8816302959458       -113.68106588059703      -52.89517117032665
1ip1tma           -15.126518292730907     -27.68090806339751      -42.10762961831293       -29.88599313245504
1fa1isa1tma       -15.240981114882743     -38.86279189735069      -79.22794158115045       -41.51589520732523
1dma1fa1isa       -15.27895132143749      -39.038417436997406     -79.68966087727654       -41.39709503418999
1am1fa1ica1tma    -15.284134496207116     -48.98160407386604      -113.02188781720614      -53.84461294169887
1fa1isa2tma       -15.30309136188589      -50.08223178581102      -116.64982961264465      -54.45744568516966
1fa1ica1ma1tma    -15.419712794449879     -50.992274286516476     -119.3109558685561       -55.7569996266684
1dma1fa1ica1w     -15.645413073478267     -49.74600312836992      -114.37393947653865      -55.25290845993004
1dma1fa1ica       -15.665367668902036     -39.10181406507036      -78.6062474299849        -43.22286157781491
1dma1fa1ica1tma   -15.724729452718748     -51.0767110902525       -118.57114845775618      -56.07089745087433
1ica1isa          -15.733263493399136     -28.93560031184461      -44.28089675834313       -30.30975242232671
1am1dma1fa1isa    -15.861932983563747     -49.39801506471122      -112.48059150135839      -52.587138786679134
1am1ica1nta1tma   -15.872682109999005     -49.86369759100489      -114.00644560154288      -56.75318290918949
1dma1fa1isa1ma    -15.885828297869011     -50.149449907148664     -114.92074998946839      -54.552473776340776
1am1isa1nta1w     -15.98189273205935      -46.88933964607713      -103.6640638569512       -50.86497213168332
2dma1fa1ica       -16.081521383370273     -51.811968905502        -119.84050820741237      -56.85016563523095
2ica1w            -16.10874873859575      -39.95974871663202      -79.99666695680025       -42.98694700131455
1fa1ica2tma       -16.16122053936124      -51.88679863809375      -119.82417608170385      -56.418696221429855
2dma1fa1isa       -16.215612499509007     -51.54883179755416      -118.50819821549558      -54.61810878670076
1dma1fa1isa1tma   -16.362536051979987     -51.436791136773536     -117.63964903541842      -55.879011779412394
1it1nta           -16.42787793939351      -30.283119079103926     -46.47070648961931       -31.194900797388982
1am2isa           -16.507595920353197     -39.429546331986785     -76.88064048817714       -42.38876870437525
1it2w             -16.686741751851514     -38.462909335648874     -73.03760291343282       -41.754443579600775
1am1isa1nta       -16.72298005016637      -38.198542321653804     -72.02943089579072       -40.77834398037521
1ica1it           -17.001541181933135     -31.608355214935727     -48.99153641824584       -32.94278815703001
1ica1nta1tma      -17.018490037939046     -40.638443411444314     -79.22173284779473       -44.67807352935779
1isa1nta1tma1w    -17.144473815220408     -49.88751132991456      -109.82068594556435      -55.37879714536393
1ica1nta1tma1w    -17.30828347336501      -50.27798134666227      -110.58092956005368      -56.07546642758098
1am1ica1msa       -17.349102543434128     -41.06323156738654      -79.53757847989269       -44.44520673796069
2am1isa1nta       -17.90951292272075      -48.65449931009789      -103.11921067352006      -53.02017707953928
2ica2w            -18.056687476462685     -52.074114558665315     -114.09503054626865      -56.68725756254571
1isa1ma1nta1w     -18.06551644366118      -51.251784427280654     -111.30726717645481      -55.795291605412785
1dma1ica1nta      -18.1405093272042       -42.3041501249827       -81.04526940419254       -46.12772990198573
1ica1ma1nta1w     -18.42023761451128      -52.39846458444663      -113.9635106318967       -57.79399415123771
1am1ica1ma1nta    -18.590316027548397     -52.078118027886376     -112.31861722371295      -58.21591834066203
1am1isa1ma1nta    -18.679873255692655     -51.31343659712002      -109.45352881542848      -55.839990695996676
1isa1nta1tma      -18.78189269354334      -42.41729519085493      -79.27352841656887       -45.351794381887885
1isa1msa1w        -18.874085434305016     -41.72608181143005      -76.64595036733189       -44.77340425708826
1am1isa1nta1tma   -18.974021561967675     -51.004410194582306     -107.43047092949863      -55.303028406371595
1it1tma1w         -19.02740951740998      -42.20375591998163      -77.73382568401814       -45.60376016455848
1isa1ma1nta       -19.138621873949887     -41.8189648053376       -76.07024293610598       -44.43199059308972
1isa2ma1nta       -19.172983938158723     -52.5399476858729       -111.91334478473922      -57.05104464519536
1am2ica           -19.224690185394138     -43.120086000766605     -80.14559237112192       -46.44514530536253
1am1ica1msa1tma   -19.291368654201506     -55.2290992422204       -120.53573901737383      -62.453147374122636
1am1ip1w          -19.410042021481786     -41.440047118769144     -73.88897810565152       -44.74073968199809
1isa1nta2tma      -19.453088727401337     -54.56310520830448      -117.75957229867524      -59.22599993366748
1dma1isa1nta1w    -19.6599952915858       -53.41336911152757      -113.20934947144056      -58.067672402954486
1it3w             -19.705056282051373     -51.387325075338595     -106.2627870809995       -56.339580470725195
2isa2w            -19.759667868027464     -52.26721605696366      -109.03082982995139      -57.15257189668773
1am2sa            -19.795328863547184     -42.53762516612187      -76.27807765436862       -46.14353011827916
2isa1w            -20.036911243514623     -41.37662539056328      -71.57377300714407       -44.13287682610826
1isa1ma1nta1tma   -20.03748854639707      -54.61745951807825      -115.98179095012577      -58.98199747290346
1ica1ma1nta1tma   -20.057003889523912     -55.02420068759238      -117.28055273536813      -62.16914023380377
1am2isa1ma        -20.10293083416036      -53.43075721963396      -111.78209847556604      -58.38035578112613
1isa1sa1w         -20.117601854377426     -42.38547451382328      -74.6868529582425        -45.291469803203654
2isa1ma1tma       -20.118693709518993     -55.96826012613019      -120.24005598376661      -61.118213844980346
1ica1nta2tma      -20.180973382288357     -56.789542327373056     -122.78576293892334      -62.92204845388187
1dma1ica1nta1w    -20.329283716360806     -54.724762530982844     -115.36302226993126      -60.359354265041475
1am2isa1tma       -20.344701465015532     -54.45867615900352      -114.41887386879094      -59.2024390718143
1am2isa1w         -20.346941650786903     -51.72350353254296      -105.23752526171393      -56.53836845933256
2am2isa           -20.355306265759282     -52.20631061575841      -106.82883414405507      -57.19202932983171
1am1it1w          -20.409133473120164     -42.2880358480179       -73.38215604484319       -45.66847054975369
1am1isa1msa       -20.417542013223283     -43.0200494726887       -75.80918148341439       -46.10576726257568
2isa2ma           -20.465219691264792     -54.81940880852926      -115.2244938531612       -59.730571052306914
1dma1isa1nta      -20.491543442039983     -44.13276916727773      -79.29308066500084       -46.88423501269426
1it1tma2w         -20.553578388673486     -54.08197355805896      -112.45474633335564      -58.55262149705959
2isa1ma           -20.58108184509183      -43.63269320149993      -77.31550438172064       -46.374718283135735
1it1ma1w          -20.663083937186457     -43.82520484695124      -77.68609210011739       -47.40306226043322
2isa1ma1w         -20.735805259835615     -54.9073408040349       -114.61189181321484      -59.773175356633146
1ica1isa2tma      -20.763057715201285     -58.348981407878455     -126.06382682485327      -63.13283542508725
1am1dma1isa1nta   -20.839362079888815     -54.28475742749288      -112.17642670659069      -58.89844689925667
1ica1isa1w        -20.903066184546333     -44.13479600190476      -77.91962466050649       -47.28724946076545
2am1ica1msa       -20.990370676852763     -54.93759272363968      -113.8595196098273       -61.42156769474968
1isa1msa2w        -21.02756905462593      -53.67855187927489      -109.51189090897199      -58.39287242836144
1dma1isa1ma1nta   -21.063888928416418     -56.88160329259699      -120.13322367694116      -62.22848808270646
1am1ica1msa1w     -21.08967930165818      -54.96046520800155      -113.60315153862149      -60.48983782938012
2isa2tma          -21.3277476648218       -56.97222727589542      -119.5522125141708       -61.846179672924336
1ica1msa1tma      -21.456781106739072     -46.23664240058861      -83.11206202881101       -51.38124746576068
1am1ica1sa        -21.604056060838047     -44.94966512278188      -78.30157751792724       -48.29086356732296
1dma2isa1ma       -21.708497660227295     -57.975937149451056     -121.6416091375147       -62.80141274102061
1am1dma1ica1nta   -21.715619819267886     -56.303641654521925     -116.00881472513836      -62.86118619568879
1am1dma2isa       -21.82400213740766      -56.656367365736514     -116.82834648153622      -61.64534083683975
1ica1isa2w        -22.115973008214496     -55.86747059415211      -113.20307759842362      -60.566137600297225
1am2ica1w         -22.119072873087134     -56.92832716596604      -116.75083202408183      -62.668808766997245
2isa1tma          -22.138343490223633     -46.256364820030285     -80.89228200499753       -49.34688999198261
1am1it2w          -22.14480049617123      -54.02058493954246      -106.91184175203756      -58.74749805884494
1isa1ma1msa       -22.236911661340855     -46.31971752276877      -80.77410560570186       -49.62511435034685
2am2ica           -22.24538922694046      -56.675468557165004     -115.47909401385212      -62.341383548569866
1isa1sa2w         -22.258334613754414     -54.0970650051313       -106.78762499181623      -58.7304222908715
1dma2isa1tma      -22.266711778967874     -58.30115940418909      -120.86017164340103      -63.158379040512955
1ica1isa1ma       -22.280466644668195     -47.00365186758427      -82.92199060191183       -50.481674710179504
1am1isa1msa1w     -22.342300790187437     -56.005979331515846     -112.90851003216503      -60.95068143093522
1ica2ma1nta       -22.44000300744665      -58.25887825220707      -120.13709624283078      -64.82400998100638
1it1ma2w          -22.513991886167787     -55.971510591567494     -112.21700446221698      -60.54042783223849
1ica1ma1msa       -22.529296684311703     -47.813745690567885     -84.80441541569678       -51.81440985429799
1dma1isa1nta1tma  -22.541896944574546     -58.241257967893034     -119.73626462669799      -63.59967325479374
1ica1msa1tma1w    -22.55874539996148      -56.66763104479469      -114.40174197403991      -63.0060561460341
1dma2isa          -22.635576867498457     -47.3895034622401       -83.02511871527757       -50.26884112355765
2am1isa1sa        -22.64937565830769      -53.56705714634154      -103.69843287922188      -58.47667810146231
1dma1it2w         -22.69049593003001      -55.92270968333469      -111.46134899644477      -60.77647608135885
1it2tma1w         -22.692849066341296     -57.58756299271772      -117.03744399302363      -62.65556017874769
2ica1tma1w        -22.742177077074302     -58.86232906211808      -121.147604427939        -63.87916131583188
2dma2isa          -22.80035288014915      -59.68913956510369      -123.72563888965291      -64.23644507781137
1am1ip2w          -22.833635639282875     -55.227116332767764     -108.64820348281063      -60.800951102297404
1dma2isa1w        -22.836810804496054     -57.339234955448774     -115.72173973201413      -62.000106980216515
2am1ip1w          -22.87382720626192      -55.03503766442009      -107.86920738893176      -60.59673052782455
2ica1tma          -22.898224523087265     -48.335972512111766     -85.31866690997819       -52.904704762477195
1dma1ica1nta1tma  -22.926135856600013     -58.87355509074405      -120.56827698946842      -66.3402247823251
2am1it1w          -23.101648445648607     -54.81885033096478      -106.37999533882274      -59.84063241864351
2isa1tma1w        -23.116256715351483     -57.87879341006919      -116.59414043142715      -62.73085060725134
1dma1it1w         -23.135947759787086     -46.497081245834124     -78.3535835522388        -50.49731039128528
1ip1tma2w         -23.18865801152424      -56.26917918981053      -110.95256960613784      -62.91970347588358
1am1ica1sa1w      -23.280618576332927     -56.77105608904094      -112.32749886939462      -62.20430353406846
1fa1isa1tma1w     -23.296801878517726     -52.86690812387678      -99.17862232215327       -55.353212679772696
2am1isa1msa       -23.458371351007372     -57.133263370837085     -112.94614127026665      -62.039543621765915
1am1isa1sa        -23.47518215648597      -45.59499548294116      -74.19023847600205       -48.19572859548498
1ip1tma1w         -23.486678011337062     -46.602884526524576     -77.53211551289615       -51.042077982427145
1am1it1tma1w      -23.49111445757444      -56.95315745966218      -112.2322211205769       -62.1400245936602
1dma1fa1isa1w     -23.540360893122852     -53.66816670472326      -101.04917687962435      -56.1622639854977
1am2ica1tma       -23.580991712311516     -60.15031661975081      -122.65415883833646      -65.94435534448712
1am1ip1tma1w      -23.611783284432022     -58.05610693273775      -115.52678550464529      -63.18646443702892
2ica1ma           -23.68731582059263      -49.35979385693645      -86.10591325292637       -53.301189730475016
2dma1isa1nta      -23.7053565318638       -60.010992128780345     -121.76974055673324      -65.34261260024505
2am1ica1sa        -23.756221924966667     -56.84190117777325      -110.96997510608756      -63.35725157131674
1isa1ma1sa        -23.817943120200653     -48.57139281270793      -83.02351917719272       -51.98633267899277
1am1ica1isa1w     -24.206210601318162     -58.01845047781535      -113.40682928525911      -63.059359681974456
1ip1ma1w          -24.307000133259862     -47.58528439832298      -78.07570590310243       -51.37680674328294
1am1isa1sa1w      -24.355612790677696     -55.92981301721011      -105.90042856511826      -60.74906249077321
1it1ma1tma1w      -24.408963095833315     -59.06749116817082      -116.24525170994463      -63.97799416099588
1am1ip1ma1w       -24.50375997384981      -57.26302471620875      -109.87507024044945      -62.83516852949106
1isa1msa1tma      -24.56861240879516      -49.96199593608617      -85.16980463531783       -53.424479767360026
1am1ica1isa       -24.5923633974744       -48.63877408474218      -80.65209873362406       -52.12381683610147
1ip2ma1w          -24.639633198428783     -59.69687040196732      -117.5825076419923       -65.15785837420117
1ica1ip3w         -24.666766428097617     -71.0129708526656       -155.44588923146068      -76.7568281328131
2am1ica1isa       -24.670914223068394     -57.94691513571888      -111.60831708126786      -62.88193432887783
1fa1isa2w         -24.709342506714165     -53.16945869542542      -95.45565533654201       -55.704347448205226
2ip               -24.98113915603608      -42.09051672858186      -57.38513356508466       -43.26929818931967
2ica2tma          -25.091698909702245     -63.594580186356325     -129.1393597240651       -68.85828315169783
1am1ica1isa1tma   -25.119051765446784     -59.98794394356082      -116.95090056401145      -65.0289344979974
1dma1isa1msa      -25.139458163059317     -49.63799731200561      -82.16852397772935       -53.41072429489577
1ma2sa            -25.13964641408529      -49.1483880962478       -80.52575627147411       -53.080851540667936
1dma1ica1msa      -25.212235960992984     -49.9649201000575       -83.02090940452791       -54.117897635209374
1ica1ma1msa1w     -25.25993873900734      -59.99467077573354      -116.50082001210797      -65.76038398361561
1am1ica1ma1msa    -25.282968099112622     -60.6029784589191       -118.46387417330206      -67.47457852523075
1am1it1ma1w       -25.286130714397586     -58.42763890911738      -111.15712106201579      -63.48086154817429
1ica1ip1w         -25.314995852357242     -50.85666461319488      -85.66719784004695       -53.3263868067952
3ica              -25.319432298536412     -53.405600624275394     -94.20153329179945       -56.15859252435621
1ica1ip2w         -25.37115109572187      -62.081400627066614     -123.12675920275026      -66.44593881980109
1ica1msa2tma      -25.508618177846074     -62.88651835132623      -125.36609147499578      -69.81231568474323
1dma1ica1msa1w    -25.51573406200623      -60.92376426754345      -118.75911522928055      -67.1112469070431
1it2ma1w          -25.5781141352345       -59.830886217649095     -114.88429735837664      -64.80592683763098
1ip2tma1w         -25.694177090073936     -60.64764412249497      -117.23448182921348      -66.26272089855775
1isa1ma1msa1w     -25.768617770867422     -61.02284699132724      -118.2432221038068       -66.28257006791682
1dma1ica1ma1nta   -25.94545439144713      -61.85379273898434      -120.43715695961765      -68.70471970265498
1am1dma2ica       -25.98285357025452      -61.473563570994884     -119.03646671457321      -66.61592563509475
1ica1isa1tma1w    -26.022423909482313     -61.85728793060116      -120.19074390833475      -66.85161768695252
1am1isa1ma1sa     -26.198149849602487     -59.68387481482932      -112.31169290752979      -65.08963314356515
1am1isa1ma1msa    -26.204029552522115     -61.149232370604295     -117.20676351792721      -66.16623489640187
1am1isa1msa1tma   -26.250878926570294     -60.93094917698181      -116.31752557551573      -66.33056337400922
1dma2ica1w        -26.294226833910216     -62.200776797675644     -120.43117973835317      -68.50625566486997
1am2ica1ma        -26.305446587379265     -61.50566662448546      -118.06213755535805      -67.43025123660482
1ica1ma1sa        -26.350149901292752     -51.317258090304676     -83.74009119265472       -55.13897787441965
1ica1isa1tma      -26.37572692349204      -52.120054053346394     -86.34693838644982       -55.71251638632384
1dma1ica1isa      -26.389331188518554     -51.82515274337493      -85.31220561797754       -55.0873119943426
2ica1ma1w         -26.464298971979588     -62.096761900502315     -119.51186627063558      -68.0599934351194
1dma1it1tma1w     -26.539787583024008     -61.810915458991076     -118.2999215196042       -66.7546926687719
1isa1ma1sa1w      -26.564893978007603     -61.20359295538219      -116.17876564665437      -66.58925834246475
1ica1sa1tma       -26.706515129917534     -51.325748205854325     -82.57335443907432       -55.99951645822148
1isa1msa1tma1w    -26.779500003816793     -61.94668828304566      -117.9513064033205       -67.24964334574906
1ica1it1w         -26.802836840681266     -52.410995819212985     -85.89018607700822       -55.48807762435899
1ica1isa1ma1tma   -26.828344837442273     -63.96987718058517      -124.57333093496567      -69.05187777997344
1ip1ma2w          -26.93470032082405      -60.36951596790459      -112.14085803075628      -66.22934253509447
1am1ica1isa1ma    -26.965899769907992     -61.493706417466456     -115.80685199537149      -66.51678866556176
1dma2ica          -27.005181457847357     -52.76022633886896      -86.38286485369781       -57.01421380089596
1ip1ma1tma1w      -27.008971575967735     -62.618649870637455     -119.43540414086868      -68.05911323548207
2sa1tma           -27.033199466910446     -50.58028719187132      -78.97736131222544       -55.44911838634289
1dma1ip1w         -27.073491434392054     -50.7561762828409       -79.43209315250706       -54.99287508836278
1ica1isa1ma1w     -27.095422664242506     -62.0117415191271       -117.1099072775784       -67.08595057624916
1ica1isa2ma       -27.120604359646677     -63.190311378610204     -120.97839013580416      -68.03892106744752
1ica1ma1msa1tma   -27.202506051253295     -64.68160990832257      -125.70550924729159      -70.73748602115666
1isa1ma1msa1tma   -27.217001370474463     -63.86195293974015      -122.90776981100117      -69.1178267741634
1am1dma1ica1msa   -27.256697210250422     -63.061340686981566     -120.08934161237633      -70.1171035686275
1dma1ip2w         -27.337576071964577     -60.8176158600545       -112.29258263672645      -67.01963906445599
1dma1isa1sa       -27.35966417758027      -52.5215241976548       -84.39333412788866       -56.38411304820329
1ica1sa1tma1w     -27.39841248790617      -62.07911024118948      -116.31967232399802      -68.48524952235312
1isa2ma1msa       -27.415455469337758     -64.46389774250565      -124.26104217045112      -69.43015440442832
2am2sa            -27.5360740958713       -59.45900283975061      -107.07009078966965      -65.99408561433665
2ica1ma1tma       -27.626773379539372     -65.72985994484043      -127.79837855200407      -71.38720229259343
1am1dma1it1w      -27.646615024481434     -61.3448501558305       -113.02441340365587      -66.41586407635623
1ica1ma1sa1w      -27.697135291120503     -62.1827862868231       -115.66544020073789      -67.91267657833669
1am1dma1ip1w      -27.76152337383246      -60.92768616131798      -111.23985506479957      -66.76670077280869
1ip1it            -27.82710998749826      -45.11120949499309      -57.971174854200854      -46.324549496290274
1isa1sa1tma       -27.93020873030764      -52.2947132383415       -81.71899063622341       -55.991773256420856
1isa1sa1tma1w     -28.03855339830625      -62.120613289574976     -114.31178900332054      -67.99551849891577
1dma2ica1ma       -28.050394379875797     -66.08431756446225      -127.56640343659234      -72.05328133452713
1isa2ma1sa        -28.091313850600272     -63.35128472332144      -118.26252179359389      -68.64011983573437
1dma1it1ma1w      -28.091332675707235     -62.99934339061292      -117.08199954730841      -68.0218169446598
3ica1w            -28.18767321127234      -65.71931161936664      -125.8817741349321       -70.00265137013776
1dma1isa1msa1w    -28.187748511496466     -63.95403900493693      -119.96072612242162      -69.3040887712923
1am1dma1isa1sa    -28.226716447912622     -63.09096510359086      -116.93530506768413      -68.63388284377288
1isa1msa2tma      -28.24658319284208      -65.50816940999357      -124.97597255472081      -71.02778493706137
2dma1it1w         -28.28349291923223      -63.87425827347033      -119.37196982787188      -68.80228654982784
1am1ica1sa1tma    -28.334854039858328     -63.6399298280885       -118.41384651504283      -70.51502304754104
2ica2ma           -28.560673544285237     -65.17900643618486      -122.8184903300017       -72.55733112258895
1am1ica1ma1sa     -28.58117406751262      -62.81081011419883      -114.8067829009224       -68.53544305823743
1am1dma1isa1msa   -28.896958677098155     -64.17209002235904      -118.31337026744933      -69.34589529078221
2it               -28.912357600871474     -46.29505037982017      -58.30181621358378       -47.53119652508758
1dma1isa1ma1msa   -28.99794900987763      -65.9963604688528       -124.09325904397113      -70.97273173264693
1ica1it2w         -29.013316558557563     -65.86641714783036      -123.6058839988261       -70.33502680076344
1am1isa1sa1tma    -29.020106140786083     -62.54671920169494      -112.44885329830628      -67.85505571318208
2dma1ica1nta      -29.120337195083266     -65.30868620626279      -121.37633837407347      -72.32976526638959
1dma2sa           -29.13267390418332      -53.165524251409806     -80.60661713097437       -57.42996786313597
1dma1ica1isa1tma  -29.192945567221614     -66.9010252689186       -126.47354008666781      -72.01140731960186
1am1dma1ica1isa   -29.35750195395667      -64.71012991969474      -118.57333729934601      -69.70947789162165
1dma1ica1msa1tma  -29.426659059448866     -67.01221880069352      -126.06260612473591      -73.42336982049164
1dma1ica1isa1w    -29.44336946454132      -65.1561778770556       -119.78136739138017      -70.21088380780566
2ip1w             -29.472548353893217     -55.839132558743586     -88.43393570266642       -58.40204345086386
1dma1ica1isa1ma   -29.532154863925825     -66.27334029305348      -123.230560805836        -71.18639972003439
1dma1isa1sa1w     -29.625062958104536     -64.35820113711816      -116.49553732711726      -69.92965069809725
1ica2ma1msa       -29.719464509456884     -65.98044699284947      -121.61988909404666      -73.19586230133427
1dma1isa1msa1tma  -29.819469662586926     -66.34006896216306      -122.49066920882106      -72.09974728352972
1dma1ica1sa       -29.825870193133596     -54.80473151325714      -83.7795534809324        -59.02721925399965
2dma1ica1isa      -29.917077754274942     -66.89916158514097      -124.03855905077984      -71.7679193893564
1dma1ica1sa1w     -30.16915198438801      -65.03578515148547      -116.94328171155459      -70.77380978508882
2dma1isa1msa      -30.304893433349207     -67.4360468769446       -124.53847784195875      -73.1335291127325
1dma1isa1ma1sa    -30.397870552784298     -66.08591769711347      -119.69831769029011      -71.21624461613828
1ica1it3w         -30.434278277039994     -76.8037818876328       -155.52403508552743      -83.24939077851013
1dma1ip1ma1w      -30.449099897690758     -65.06400396142999      -116.09891502173403      -72.45581654047419
1ica2ma1sa        -30.7278681055177       -68.17116036632797      -125.58541761160487      -74.34431540279184
1dma2ica1tma      -30.865335187787423     -68.97288329919684      -127.81338474482644      -74.94016536694835
1isa1ma1sa1tma    -30.871076840121532     -66.33090114334482      -118.93285453047127      -71.6558296805888
1isa1it1w         -30.939098165312316     -56.264843143944745     -84.94296487902065       -58.859970467288804
1am1dma1ica1sa    -31.06980704033049      -65.76793055189773      -116.37811860375653      -71.48307988612214
1isa1sa2tma       -31.118400872510392     -67.32649740303168      -121.4426139718263       -72.84071449626936
1dma1ip1tma1w     -31.359010622807546     -67.21782643352344      -120.27103651088376      -73.10088976563566
1ica1sa2tma       -31.417500177689362     -68.21379292017082      -123.41543373395946      -75.67283278953983
3ica2w            -31.45627358800266      -80.29234716601786      -163.7970354793896       -86.52913097666169
1dma1ica1ma1msa   -31.763750057900324     -68.63087533909129      -123.65292304645311      -76.07475743739633
1ip1isa1w         -31.827585938037373     -56.84295538296283      -83.90196023753145       -59.64003724198119
2it1w             -31.832198085205164     -59.12480729208619      -91.5398387789368        -61.846701524693344
2dma1ip1w         -31.85891716281185      -67.0316274684883       -117.96982737061876      -74.56912424381153
1am2sa1tma        -31.893385902658338     -66.13920525179128      -114.86108300959256      -73.37673185273889
1am1ma2sa         -32.00254632451106      -65.0103650050005       -110.70880842062718      -71.84677146654576
2dma2ica          -32.017575021251105     -68.8825291423127       -123.64570407851755      -76.65832405351102
2ip2w             -32.451574921025895     -69.98717914838926      -125.89499137068584      -74.34150292586128
1ica1ma1sa1tma    -32.74483844838687      -69.75716792370076      -124.139982393292        -76.89962006753194
3isa              -32.77820905786939      -59.34071224916261      -89.09113539000509       -61.33809647336602
1ip1isa2w         -33.480246864201035     -67.95576368659385      -115.63142896988091      -72.56126697199943
1dma1isa1sa1tma   -33.55845256315661      -69.44484085551812      -120.36357820771424      -75.16511243532295
2dma1ica1msa      -33.612857073079795     -70.91338612663094      -125.10656642072783      -78.5868073188467
1ip1isa3w         -33.81008126609959      -79.6009580855025       -153.58331131786014      -86.27080202070647
2dma1isa1sa       -34.195606559107546     -70.3846834738506       -121.37877977430826      -76.15814854577184
1dma1ica1sa1tma   -34.79758901221794      -71.93070026507485      -124.54510750638944      -79.59231909221853
1isa1it2w         -35.131031556404196     -70.98323976053507      -120.248874489787        -75.46022522579005
1dma1ica1ma1sa    -35.3593359728693       -72.40309707348933      -124.24540458101632      -79.79676608496811
1am1dma2sa        -35.370618476881646     -70.02828686998691      -116.24243147174244      -76.72194132115692
2ip3w             -35.576382985396776     -84.32010694697965      -163.48718811510986      -90.36041279466008
2ica1isa2w        -35.63251312886132      -83.18177257993375      -159.481018702264        -89.22893805989588
1isa1it3w         -36.21242630138295      -82.47198511147872      -155.1552784173067       -88.74115925355
2ma2sa            -36.71631121041719      -70.61493942455854      -113.69655614415565      -77.79595813679043
2ica1isa          -36.95610520680202      -65.19035796553362      -94.69821091370122       -68.05553386791144
1ica2isa1w        -37.18235768849263      -74.45766739624378      -125.02204346087544      -78.91717326222715
1ma2sa1tma        -37.19830881469534      -72.76032825637958      -119.27561870481307      -80.10453279336798
1ip1it1w          -37.47509411309147      -64.428500298367        -90.40214626952877       -67.17501099652873
3isa1w            -37.54688045621151      -74.17249238277145      -122.84294642545703      -78.21030853398406
1ica2isa2w        -37.81055094185285      -85.68901101654046      -160.58516300499753      -92.08154855623434
2ica1isa1w        -38.45919451781083      -76.48310275441327      -127.53285522991786      -80.98042272055318
2sa2tma           -38.81814505887451      -75.40295674040681      -122.70610173298678      -83.69570448686136
1ica2isa          -38.90434514603112      -66.29264228534885      -91.86086186325677       -69.09149138862267
1ip1it2w          -39.302207148168236     -77.51775480099604      -128.17553279517017      -82.1542220252013
2dma1ica1sa       -39.59363209136063      -76.93078221974429      -125.22945724806307      -84.26887727464782
4ica              -39.643468379508704     -81.90368701936677      -141.74155203769914      -85.73559444141574
1dma1ma2sa        -40.106935820542276     -76.03381060657557      -120.49934952594333      -83.06913315330166
4ica2w            -40.42319105740171      -103.90600668420666     -212.92244902602715      -111.38322368894296
3isa2w            -40.6690969329793       -88.69033276548726      -161.06403524242836      -94.49748898229154
1ip1it3w          -40.88935676118126      -89.16051448823418      -161.90219319889314      -95.31527249576175
1dma2sa1tma       -41.62084955829778      -77.63784005012712      -120.80162013087374      -85.1893435883976
4ica1w            -41.62607038294664      -95.6848828051734       -181.31420844326686      -101.49067851342988
2it2w             -42.215634551947005     -80.19618233121582      -127.38733935730336      -84.54949089536967
2dma2sa           -43.62174327438697      -80.0332637274405       -122.12485905812514      -87.49472831294406
2it3w             -43.882433120685164     -92.23716797248926      -162.1825122482643       -98.76687336576288
4isa              -46.78072515176609      -86.75660697068088      -134.079848797451        -90.81189867248759
2ica2isa2w        -47.60304273327347      -111.24861381333903     -213.46831244403825      -118.9291032395704
3ica1isa2w        -48.45792144507868      -110.81318948164699     -209.14063587613617      -118.41213238229102
1ica3isa          -49.9978012572974       -90.82533014763612      -136.93628707214495      -95.15731625806075
3ica1isa          -50.01677067304263      -92.96743713866454      -144.05732539315784      -97.31292403640691
2ica2isa          -50.34063752135262      -91.93658776022494      -139.51358490447768      -95.97498423501384
4isa1w            -50.610081034421455     -99.9849600635498       -165.60421886352515      -105.97935447819327
3ica1isa1w        -50.85532175679691      -104.42363390915853     -179.6690835229918       -110.57996663952508
1ica3isa1w        -50.985032902040984     -102.6967770281044      -173.44212385175254      -108.76265817730018
1ica3isa2w        -51.370037367683835     -112.57682431329158     -205.28861142294153      -120.48795582925959
2ica2isa1w        -52.81348251848249      -104.55209632329934     -173.5322241483482       -110.4166086403493
4isa2w            -57.53422523767222      -118.63002572781988     -204.91636102679865      -126.33968834324332
