#CLUSTER          dG_298.15K_[Eh]  dH_298.15K_[Eh]  dS_298.15K_[Eh/K]       dE_[Eh]
1am               -56.58896886     -56.56712818     7.325399966459837e-05   -56.605461327433
1w                -76.4730721      -76.45165569     7.18309575716921e-05    -76.476937576719
1ma               -95.89960323     -95.87224235     9.176880764715747e-05   -95.941054347304
2am               -113.17252671    -113.13686102    0.00011962331041422104  -113.215818880825
1dma              -135.21503768    -135.1841911     0.00010345993627368774  -135.282572330162
1am1ma            -152.48177611    -152.44228398    0.00013245725306054002  -152.551738080191
1tma              -174.5332393     -174.50058905    0.00010950947509642799  -174.628001858595
1fa               -189.8691586     -189.84097117    9.454110347140701e-05   -189.87916530728
2ma               -191.78965648    -191.74866844    0.00013747455978534298  -191.888656474963
1am1dma           -191.79619776    -191.75500497    0.0001381612946503438   -191.894075557703
1dma1ma           -231.10534833    -231.06094525    0.0001489286936105987   -231.230457029865
1am1tma           -231.1150778     -231.07209012    0.00014418138520878754  -231.240261568931
2dma              -270.4204664     -270.3739865     0.00015589434848230758  -270.5731658207
1ma1tma           -270.42389364    -270.37783915    0.00015446748281066578  -270.576484334555
1nta              -281.04415819    -281.01405382    0.00010097055173570352  -281.045549612829
1dma1tma          -309.73952231    -309.69049626    0.0001644341774274694   -309.918650316221
2tma              -349.05541338    -349.0052043     0.0001684020794901895   -349.262320029374
1isa              -446.81344401    -446.78063626    0.00011003776622505453  -446.801322110465
1am1isa           -503.40580129    -503.36561585    0.00013478262619486838  -503.427498831299
1ica              -522.02349266    -521.98799064    0.00011907439208452123  -522.012898426884
1isa1w            -523.28824209    -523.24943271    0.00013016726479959755  -523.29806963966
1isa1ma           -542.71637365    -542.6731323     0.00014503219855777294  -542.765361601477
2am1isa           -559.99586       -559.94915571    0.00015664695623008557  -560.051968139879
1am1ica           -578.61963618    -578.57725654    0.0001421420090558444   -578.643353705961
1am1isa1w         -579.88307244    -579.83891952    0.00014808958577897032  -579.928077321311
1dma1isa          -582.03259556    -581.98643791    0.0001548135166862318   -582.10808879153
1ica1w            -598.49908488    -598.45683047    0.00014172198557772935  -598.509593982449
1am1isa1ma        -599.30735901    -599.25821729    0.00016482217004863326  -599.391673457867
1isa2w            -599.7649776     -599.72193896    0.00014435230588629886  -599.798140471274
1ica1ma           -617.93267586    -617.88763302    0.00015107439208452125  -617.984332158889
1isa1ma1w         -619.19599038    -619.14710612    0.00016395857789703168  -619.267246148698
1isa1tma          -621.35236705    -621.30351623    0.00016384645312762038  -621.454213023387
2am1ica           -635.2115572     -635.16287444    0.00016328277712560795  -635.269976039965
1fa1isa           -636.69521544    -636.65317642    0.00014099959751802784  -636.7138719959
1isa2ma           -638.6177358     -638.56507629    0.0001766208619822237   -638.728916573325
1am1dma1isa       -638.62654889    -638.57449707    0.00017458269327519707  -638.737219102383
1am1ica1w         -655.09331425    -655.04560931    0.00016000315277544863  -655.140055712185
1dma1ica          -657.25161834    -657.20401068    0.0001596768740566829   -657.330385609213
1dma1isa1w        -658.51532031    -658.46320282    0.0001748029179942982   -658.612887632517
1msa              -664.51157737    -664.47596399    0.00011944782827435855  -664.545270716002
1am1ica1ma        -674.52454555    -674.47467709    0.00016725963441220867  -674.613682716176
1ica2w            -674.9736107     -674.92681694    0.00015694707362066076  -675.007679701419
1dma1isa1ma       -677.937019      -677.8808161     0.00018850545027670635  -678.073881584614
1am1isa1tma       -677.94562121    -677.89178125    0.00018058011068254235  -678.08397191109
1am1fa1isa        -693.29300558    -693.24484653    0.00016152624517860138  -693.345928577848
1ica1ma1w         -694.41008377    -694.36098629    0.00016467375482139864  -694.486966050566
1isa1ma2w         -695.67016778    -695.61559959    0.00018302260607076977  -695.763789064328
1ica1tma          -696.57286394    -696.52334505    0.00016608720442730168  -696.678835495236
1isa1tma1w        -697.83190894    -697.77908889    0.00017715931578064732  -697.958227557215
1sa               -700.447511      -700.41373473    0.0001132861982223713   -700.459318641478
1fa1ica           -711.90350421    -711.85863217    0.00015050155961764212  -711.92358297122
1fa1isa1w         -713.17406966    -713.12689399    0.00015822797249706526  -713.21523682156
1ica2ma           -713.83546968    -713.7823536     0.0001781521717256415   -713.951704408483
1am1dma1ica       -713.84428955    -713.79078951    0.0001794400469562301   -713.959575629012
2dma1isa          -717.25247578    -717.19360244    0.00019746214992453467  -717.41617262288
1isa1ma1tma       -717.25599443    -717.19867511    0.0001922499413047124   -717.421213653286
1isa1nta          -727.86819157    -727.82412553    0.00014779825591145398  -727.877617658899
1fa1isa1ma        -732.60482774    -732.55343819    0.00017236139527083684  -732.684657383416
1dma1ica1w        -733.73044627    -733.67746737    0.00017769206775113198  -733.833551805164
2am1fa1isa        -749.87968951    -749.82401264    0.00018674113701157137  -749.966629002556
1dma1ica1ma       -753.15473013    -753.09887811    0.00018732859299010567  -753.297896784334
1am1ica1tma       -753.16272433    -753.1069514     0.00018706332383028676  -753.303561106374
1dma1isa1ma1w     -754.41254626    -754.35173333    0.00020396756666107664  -754.573131244539
1dma1isa1tma      -756.57209819    -756.51172689    0.00020248629884286437  -756.763778829292
1am1sa            -757.04642468    -757.00494572    0.00013912107999329196  -757.090982173944
1am1fa1ica        -768.49719547    -768.4462879     0.00017074482642964953  -768.55213688171
1am1fa1isa1w      -769.76429108    -769.7104223     0.00018067677343618988  -769.838882999339
1ica1ma2w         -770.88815344    -770.8319902     0.00018837242998490697  -770.985863759976
1dma1fa1isa       -771.9219891     -771.86801085    0.00018104393761529433  -772.029030898697
1ica1tma1w        -773.0458224     -772.99081244    0.0001845043099111186   -773.17477958725
1isa1tma2w        -774.30594318    -774.24755405    0.00019583806808653366  -774.454600780847
1am1isa1nta       -784.4732211     -784.42269214    0.0001694749287271508   -784.517318148775
1fa1ica1w         -788.37750974    -788.32726098    0.00016853516686231765  -788.420465924099
1am1fa1isa1ma     -789.19307725    -789.13488381    0.0001951817876907597   -789.308055311748
1fa1isa2w         -789.66812406    -789.60965061    0.00019612094583263458  -789.723134015221
2dma1ica          -792.47129411    -792.41236957    0.0001976338755659903   -792.640726146263
1ica1ma1tma       -792.47324274    -792.41515038    0.00019484273016937784  -792.642113238038
1isa1ma1tma1w     -793.73246816    -793.6685659     0.0002143292302532283   -793.918942100765
1isa2tma          -795.88980452    -795.82796467    0.00020741187321817877  -796.109099653466
1ma1sa            -796.35996721    -796.31490223    0.0001511486835485494   -796.432751132633
1ica1nta          -803.07329731    -803.02824416    0.00015110900553412713  -803.085758578501
1isa1nta1w        -804.35229672    -804.30262257    0.00016660791547878586  -804.384229436084
1fa1ica1ma        -807.81324448    -807.75925146    0.00018109350997819887  -807.897605147066
1fa1isa1ma1w      -809.07626645    -809.01860792    0.00019338765721952037  -809.178569952086
1fa1isa1tma       -811.24013021    -811.18412892    0.00018782928056347478  -811.37464974921
2dma1isa1ma       -813.15013711    -813.08154111    0.00023007207781318133  -813.375869478557
2am1sa            -813.64009032    -813.5926544     0.00015910085527419087  -813.719794831336
1isa1ma1nta       -823.78770508    -823.73357588    0.00018155022639610937  -823.858733685212
2am1fa1ica        -825.08793278    -825.03231968    0.00018652725138353177  -825.180671485004
1fa1isa2ma        -828.50384693    -828.44224973    0.00020659802113030356  -828.645773166001
1am1dma1fa1isa    -828.51188701    -828.45164827    0.00020204172396444744  -828.652324879922
1dma1ica1ma1w     -829.62681741    -829.56448194    0.00020907422438369946  -829.790481686557
1dma1ica1tma      -831.78926814    -831.72825713    0.00020463189669629384  -831.984612475189
1dma1sa           -835.68070117    -835.63280223    0.00016065383196377665  -835.780753042828
2am1isa1nta       -841.06408084    -841.00648312    0.00019318369948012748  -841.142288280308
1am1fa1ica1w      -844.97275334    -844.91767488    0.00018473402649672987  -845.053238715181
1dma1fa1ica       -847.13265355    -847.07546626    0.00019180711051484153  -847.243516789323
1dma1fa1isa1w     -848.40822673    -848.34298077    0.00021883598859634415  -848.529498512645
1ica1tma2w        -849.51809448    -849.45866324    0.00019933335569344293  -849.670579809272
1am1ma1sa         -852.9534506     -852.90223431    0.0001717802783833641   -853.061261946881
1am1ica1nta       -859.67163643    -859.61987125    0.00017362123092403155  -859.719706591348
1am1isa1nta1w     -860.94511219    -860.88819764    0.00019089236961261112  -861.010329956456
1dma1isa1nta      -863.10529557    -863.04921195    0.0001881053831963777   -863.204159608621
1am1fa1ica1ma     -864.40244623    -864.34149698    0.00020442478618145233  -864.51983328463
1fa1ica2w         -864.85068064    -864.79548047    0.00018514227737715918  -864.916503663095
1dma1fa1isa1ma    -867.82255946    -867.75795994    0.0002166678517524736   -867.991049892771
1am1fa1isa1tma    -867.8281156     -867.76432133    0.0002139670300184471   -867.995522653136
1ica1ma1tma1w     -868.94616487    -868.88302489    0.0002117725306054      -869.13779741966
1ica2tma          -871.10880801    -871.04468928    0.00021505527419084358  -871.329903892535
1sa1tma           -875.00050774    -874.95057551    0.00016747348650008386  -875.127718084406
1ica1nta1w        -879.54776992    -879.49416082    0.000179805802448432    -879.579996132605
1am1isa1ma1nta    -880.37594287    -880.31583462    0.00020160402481972167  -880.482375005574
1isa1nta2w        -880.82708821    -880.77035097    0.00019029763541841355  -880.879726653328
1fa1ica1ma1w      -884.28715833    -884.2279818     0.0001984790877075298   -884.393299318116
1fa1ica1tma       -886.44927946    -886.39087047    0.00019590471239309075  -886.586482506653
1fa1isa1tma1w     -887.72604021    -887.65810182    0.00022786647660573542  -887.873638722452
2dma1ica1ma       -888.36480282    -888.29524571    0.0002332956900888815   -888.594075739399
1isa1ma2tma       -891.78388136    -891.71176086    0.00024189334227737717  -892.063990435891
2ma1sa            -892.26479726    -892.2105749     0.00018186265302699985  -892.40000897457
1am1dma1sa        -892.2738602     -892.22001851    0.00018058591313097435  -892.409358469336
1it               -892.36646228    -892.32209482    0.00014880919000503101  -892.342260643905
2isa              -893.64577768    -893.60034628    0.00015237766225054505  -893.643652587379
1ica1ma1nta       -898.99039496    -898.93597153    0.00018253704511152105  -899.066899822769
1isa1ma1nta1w     -900.25906706    -900.20026388    0.00019722683213147746  -900.35378002159
1isa1nta1tma      -902.42077266    -902.36287609    0.0001941860808317961   -902.547147012266
1fa1ica2ma        -903.71259105    -903.6491786     0.00021268639946335737  -903.857973156709
1am1dma1fa1ica    -903.72044658    -903.65756493    0.00021090605399966467  -903.865015512203
2dma1fa1isa       -907.13851946    -907.07213877    0.00022264195874559787  -907.332672472755
1fa1isa1ma1tma    -907.13932967    -907.07233747    0.00022469297333556934  -907.33383831414
2am1ica1nta       -916.26844106    -916.21131075    0.00019161599865839344  -916.35245253185
1isa2ma1nta       -919.68736307    -919.62290338    0.0002161988260942479   -919.819897982671
1am1dma1isa1nta   -919.69481872    -919.63251852    0.00020895589468388395  -919.82876699892
1dma1fa1ica1w     -923.60569385    -923.54408472    0.0002066380345463693   -923.73962566384
1dma1ma1sa        -931.58512656    -931.52760303    0.00019293486500083853  -931.747134369646
1am1sa1tma        -931.59058999    -931.53441411    0.0001884148247526413   -931.752184511249
1am1ica1nta1w     -936.15205163    -936.09597253    0.0001880902230420929   -936.224200986657
1dma1ica1nta      -938.31159757    -938.25365221    0.00019434968975347977  -938.41453034497
1dma1isa1nta1w    -939.5770425     -939.51565737    0.0002058867684051652   -939.698919311115
1dma1fa1ica1ma    -943.03081573    -942.96570416    0.00021838527586785176  -943.203451427101
1am1fa1ica1tma    -943.03921649    -942.974737      0.0002162652691598189   -943.21133465807
1dma1fa1isa1tma   -946.45695522    -946.38835817    0.0002300756330706021   -946.680111398741
1am1it            -948.96123534    -948.91148804    0.00016685326178098278  -948.972737421198
1am2isa           -950.24216368    -950.19123633    0.0001708111688747275   -950.275657048044
1am1ica1ma1nta    -955.5858488     -955.52440761    0.00020607479456649335  -955.697737642767
1ica1nta2w        -956.02235675    -955.964226      0.00019497152440046955  -956.078122171105
1dma1isa1ma1nta   -959.0058109     -958.94177107    0.0002147906087539829   -959.169666831959
1am1isa1nta1tma   -959.0100477     -958.94368885    0.0002225686734865001   -959.16846680416
1fa1ica1tma1w     -962.92110943    -962.85799884    0.00021167395606238473  -963.082089516456
1ip               -967.57292767    -967.52710228    0.0001536991111856448   -967.551821425781
1it1w             -968.84513554    -968.7960363     0.0001646796578903237   -968.844098403241
1ica1isa          -968.86200948    -968.81473919    0.00015854532953211474  -968.862522700721
2isa1w            -970.1318913     -970.07886674    0.00017784524568170387  -970.149912739216
2dma1sa           -970.90071766    -970.84044316    0.00020216166359215165  -971.089435985984
1ma1sa1tma        -970.90123873    -970.8427137     0.00019629391246017109  -971.090899578293
1ica1ma1nta1w     -975.469681      -975.40944563    0.00020203042092906256  -975.568541506121
1ica1nta1tma      -977.62801112    -977.56739566    0.00020330524903572033  -977.757649675089
1isa1nta1tma1w    -978.89123534    -978.82643645    0.00021733654200905585  -979.040063799863
2dma1fa1ica       -982.34835442    -982.27991249    0.0002295553915814188   -982.547805834875
1fa1ica1ma1tma    -982.35006692    -982.28305541    0.0002247577058527587   -982.549975291554
1fa1isa2tma       -985.77346849    -985.70259747    0.00023770256582257256  -986.02327549403
1it1ma            -988.27638623    -988.22362348    0.00017696713063894014  -988.315708719163
2isa1ma           -989.55928963    -989.50304871    0.00018863296998155292  -989.617602148429
1ica2ma1nta       -994.9026181     -994.83937155    0.00021212993459667954  -995.043861435623
1am1dma1ica1nta   -994.90626379    -994.84309023    0.00021188515847727658  -995.046658407532
1isa1ma1nta1tma   -998.32237683    -998.25456084    0.00022745594499413052  -998.509922694912
2dma1isa1nta      -998.32545484    -998.25870687    0.0002238737548213986   -998.516147539326
2am2isa           -1006.83726432   -1006.77872579   0.00019633919168203924  -1006.904709116279
1dma1sa1tma       -1010.21767679   -1010.15600377   0.00020685232265638104  -1010.433463744447
1dma1ica1nta1w    -1014.78815774   -1014.72510161   0.00021149126278718767  -1014.914147692723
1dma1fa1ica1tma   -1021.66598745   -1021.59513872   0.00023762780479624353  -1021.891993507597
1am1ip            -1024.16811547   -1024.11665436   0.00017260144222706693  -1024.182521280675
1am1it1w          -1025.4610276    -1025.40826966   0.0001769510313600537   -1025.497437639237
1am1ica1isa       -1025.46509636   -1025.4132667    0.00017383753144390408  -1025.50274731122
1am2isa1w         -1026.72135423   -1026.66248389   0.0001974520878752306   -1026.775143679915
1dma1it           -1027.5957733    -1027.5405567    0.00018519738386718094  -1027.662318411725
1dma2isa          -1028.87799816   -1028.82098438   0.00019122515512326013  -1028.965325875069
1am1ica1nta1tma   -1034.215154     -1034.14922537   0.00022112570853597183  -1034.382354112722
1dma1ica1ma1nta   -1034.2236389    -1034.15704922   0.0002233428811001174   -1034.391563786877
1dma1isa1nta1tma  -1037.64180235   -1037.57228454   0.00023316387724299853  -1037.858799488456
1ip1w             -1044.05021692   -1043.9994588    0.00017024356867348652  -1044.052071761458
2ica              -1044.07022147   -1044.02081153   0.00016572178433674328  -1044.072760812837
1it2w             -1045.33919877   -1045.28670138   0.00017607707529766897  -1045.362676425164
1ica1isa1w        -1045.34332027   -1045.29061659   0.00017676900888814357  -1045.366515920263
1am2isa1ma        -1046.1474965    -1046.08579126   0.00020696038906590643  -1046.242195874429
2isa2w            -1046.60452158   -1046.54787787   0.00018998396780144224  -1046.64759873478
1sa2tma           -1049.53746105   -1049.47341194   0.0002148218011068254   -1049.776708784838
1ica1nta1tma1w    -1054.10154504   -1054.03441309   0.00022516163005198726  -1054.252750340906
1fa1ica2tma       -1060.98488467   -1060.91282764   0.00024168049639443234  -1061.237977294369
1ip1ma            -1063.48829012   -1063.43425385   0.00018123853764883446  -1063.530993596128
1ica1isa1ma       -1064.77204645   -1064.71577511   0.0001887349991614959   -1064.835723384039
1it1ma1w          -1064.77206667   -1064.71583349   0.00018860700989434848  -1064.835794935471
2isa1ma1w         -1066.0326083    -1065.97267188   0.00020102773771591483  -1066.115891745893
1it1tma           -1066.91740993   -1066.86030348   0.000191535971826262    -1067.011187360586
2isa1tma          -1068.19540738   -1068.13557654   0.00020067362066074126  -1068.309286165695
1ica1ma1nta1tma   -1073.53245658   -1073.46256341   0.00023442284085192018  -1073.726578099018
2dma1ica1nta      -1073.5441329    -1073.47450375   0.00023353731343283583  -1073.738858707158
1isa1nta2tma      -1076.95508159   -1076.88282092   0.00024236350830119063  -1077.197259052887
2am1ica1isa       -1082.0541904    -1081.9952285    0.0001977591480798256   -1082.125352967035
2am1it1w          -1082.0542873    -1081.99536717   0.00019761908435351336  -1082.12548397721
1fa1it            -1082.25933384   -1082.2079846    0.00017222616132819054  -1082.267994986463
2isa2ma           -1085.45870822   -1085.39311841   0.0002199893342277377   -1085.579940621497
1am1dma2isa       -1085.46567368   -1085.4028804    0.00021060972664766056  -1085.588916995847
1am1ip1w          -1100.66590082   -1100.61192575   0.00018103327184303204  -1100.705519972615
1am2ica           -1100.66659099   -1100.6118264    0.00018368133489854102  -1100.705273995158
1am1it2w          -1101.93686569   -1101.87862255   0.00019534848230756333  -1101.995218188036
1am1ica1isa1w     -1101.93755308   -1101.87987001   0.00019346996478282748  -1101.997111964536
1dma1ip           -1102.80810224   -1102.75157907   0.0001895796411202415   -1102.878004314957
1dma1it1w         -1104.09144192   -1104.03204019   0.00019923441220861984  -1104.182243967473
1dma1ica1isa      -1104.09402886   -1104.03540749   0.0001966170384034882   -1104.184580992818
1dma2isa1w        -1105.35139095   -1105.28849614   0.000210950192855945    -1105.460958606802
1isa1msa          -1111.34325896   -1111.29540525   0.00016050212980043605  -1111.385726625533
1dma1ica1nta1tma  -1112.85246333   -1112.78064656   0.0002408745933255073   -1113.074743196788
1ip2w             -1120.52707451   -1120.47129119   0.00018709813852087878  -1120.551816034252
2ica1w            -1120.54572861   -1120.49131754   0.00018249562300855278  -1120.571239197797
1am1it1ma1w       -1121.3684029    -1121.30623237   0.0002085209793727989   -1121.466878131306
1am1ica1isa1ma    -1121.3684821    -1121.3059949    0.00020958309575716923  -1121.466738555765
1it3w             -1121.81708091   -1121.75895365   0.00019495978534294817  -1121.862857136802
1ica1isa2w        -1121.81832528   -1121.76096968   0.00019237162502096263  -1121.864614970536
1dma2isa1ma       -1124.77612398   -1124.71009746   0.00022145403320476272  -1124.926352352574
1am2isa1tma       -1124.78151786   -1124.71577607   0.00022049904410531614  -1124.93045347235
2ica1ma           -1139.98433708   -1139.92688428   0.00019269766895857793  -1140.051792930005
1ip1ma1w          -1139.98433907   -1139.92683308   0.00019287603555257423  -1140.051688347602
1it1ma2w          -1141.24808841   -1141.18684575   0.00020540888814355192  -1141.33366845285
1ica1isa1ma1w     -1141.25279175   -1141.19134796   0.0002060834814690592   -1141.339121831648
1ip1tma           -1142.13027286   -1142.07180412   0.00019610511487506288  -1142.227450137367
1it1tma1w         -1143.4030961    -1143.34159622   0.0002062716082508804   -1143.519875046772
1ica1isa1tma      -1143.4122088    -1143.3522754    0.00020101760858628207  -1143.531006858148
2isa1tma1w        -1144.6700379    -1144.60575394   0.00021560945832634583  -1144.807552661344
1isa1sa           -1147.28192011   -1147.234663     0.00015850112359550562  -1147.301056152558
1ica1nta2tma      -1152.16629021   -1152.09372339   0.00024339030689250385  -1152.41472545831
2am2ica           -1157.26037369   -1157.20055668   0.00020062723461344961  -1157.336067852066
2am1ip1w          -1157.26038963   -1157.20071915   0.00020013577058527587  -1157.336249690551
1fa1ip            -1157.4532098    -1157.39888231   0.0001822152607747778   -1157.463731143788
1ica1isa2ma       -1160.67936301   -1160.61381281   0.00021985644809659568  -1160.804757273046
1it2ma1w          -1160.67950258   -1160.61358278   0.0002210960925708536   -1160.804582798913
1am1dma1it1w      -1160.68759906   -1160.62283004   0.00021723635753815196  -1160.813073386668
1am1dma1ica1isa   -1160.68772785   -1160.6230694    0.00021686550394096934  -1160.813344465256
2isa1ma1tma       -1164.09179206   -1164.02329594   0.00022973711219184974  -1164.269099505152
2dma2isa          -1164.09329843   -1164.0247764    0.0002298240147576723   -1164.270157228621
1am1isa1msa       -1167.946528     -1167.89228595   0.0001819287271507631   -1168.02552912894
1it1nta           -1173.43680023   -1173.38440836   0.00017572319302364584  -1173.437523008382
1am2ica1w         -1177.14427563   -1177.08548715   0.00019717752808988767  -1177.208065892034
1am1ip2w          -1177.14442882   -1177.08555276   0.00019747130638940135  -1177.208051389396
1dma1ip1w         -1179.30418225   -1179.24383502   0.00020240560120744598  -1179.398968961627
1dma2ica          -1179.30505894   -1179.24425202   0.00020394744256246858  -1179.399228054407
1dma1it2w         -1180.56380414   -1180.49871673   0.00021830424283078982  -1180.675562606418
1dma1ica1isa1w    -1180.57196793   -1180.50830774   0.00021351732349488519  -1180.685619763975
1ica1msa          -1186.55272879   -1186.50382621   0.00016402005701827939  -1186.599577969659
1isa1msa1w        -1187.82817156   -1187.77475137   0.0001791721952037565   -1187.894882100719
1am1ip1ma1w       -1196.57362149   -1196.50938388   0.00021545399966459836  -1196.675409925243
1am2ica1ma        -1196.57747824   -1196.51336834   0.00021502565822572532  -1196.679770582469
1ip3w             -1197.01046365   -1196.95249517   0.00019442726815361398  -1197.058945397111
2ica2w            -1197.02190498   -1196.9622789    0.00019998681871541174  -1197.070009834376
1dma1ica1isa1ma   -1199.99864055   -1199.93067473   0.00022795847727653866  -1200.151291134159
1dma1it1ma1w      -1199.99894214   -1199.93058084   0.0002292849236961261   -1200.151225681743
1am1ica1isa1tma   -1199.999175     -1199.93194199   0.0002255005869528761   -1200.151314996053
1am1it1tma1w      -1199.9991784    -1199.93222931   0.00022454834814690595  -1200.151688860853
1dma2isa1tma      -1203.41064963   -1203.33896244   0.00024044001341606575  -1203.613868731742
1am1isa1sa        -1203.88733434   -1203.83416017   0.00017834707362066076  -1203.942907654163
1isa1ma1msa       -1207.26006175   -1207.20265853   0.00019253134328358208  -1207.366730643253
1ip1ma2w          -1216.46159872   -1216.39886195   0.00021042015763877246  -1216.552295190909
2ica1ma1w         -1216.46183463   -1216.39883783   0.00021129230253228242  -1216.552250400182
1ip1tma1w         -1218.61666786   -1218.55361421   0.00021148297836659404  -1218.738102429155
2ica1tma          -1218.61671564   -1218.5535994    0.0002116929062552407   -1218.738108595762
1it1tma2w         -1219.87860033   -1219.81218125   0.00022277068589636099  -1220.017448160425
1ica1isa1tma1w    -1219.88471787   -1219.81944852   0.00021891447258091566  -1220.025695905857
1ica1sa           -1222.49342452   -1222.44578245   0.00015979228576220027  -1222.517598634028
1isa1sa1w         -1223.76608688   -1223.71357293   0.00017613261780982732  -1223.809755624712
2am1isa1msa       -1224.54034278   -1224.4819052    0.00019600060372295828  -1224.656382807261
1ip2ma1w          -1235.88447239   -1235.81837667   0.0002216860976018782   -1236.014704425178
2ica2ma           -1235.89170658   -1235.82433641   0.0002259606573872212   -1236.023534208514
1am1dma2ica       -1235.8923986    -1235.82526593   0.0002251640784839846   -1236.019990841489
1am1dma1ip1w      -1235.89424757   -1235.8271727    0.00022497018279389572  -1236.023193268176
1it1ma1tma1w      -1239.31127547   -1239.24071292   0.00023666791883280233  -1239.490210901888
1ica1isa1ma1tma   -1239.31253333   -1239.24340184   0.0002318681536139527   -1239.493319050265
2dma1it1w         -1239.31468282   -1239.24392387   0.00023732671474090226  -1239.493987434918
2dma1ica1isa      -1239.31468842   -1239.2436208    0.00023836196545363073  -1239.493735837159
2isa2tma          -1242.7273549    -1242.65324258   0.0002485739392923025   -1242.957207115802
1am1ica1msa       -1243.15168673   -1243.09652191   0.0001850237128961932   -1243.234459146418
1isa1ma1sa        -1243.19851494   -1243.14401758   0.00018278500754653697  -1243.284541448474
1am1isa1msa1w     -1244.42266743   -1244.36463625   0.00019463753144390407  -1244.526123826292
1dma1isa1msa      -1246.58012175   -1246.51989535   0.00020200030186147912  -1246.714281441802
1ip1nta           -1248.62188399   -1248.56454109   0.00019232902901224216  -1248.622510996779
1dma2ica1w        -1255.77699805   -1255.71095234   0.00022151839678014425  -1255.894479554508
1dma1ip2w         -1255.7776752    -1255.7115248    0.0002218694952205266   -1255.895072604446
2am1isa1sa        -1260.47498718   -1260.41399277   0.00020457628710380686  -1260.564752886543
1ica1msa1w        -1263.02655536   -1262.97124512   0.0001855114875062888   -1263.094991834
1am1isa1ma1msa    -1263.85535268   -1263.79341929   0.00020772560791547883  -1263.998552196129
1isa1msa2w        -1264.30467549   -1264.24545473   0.00019862740231427136  -1264.39352390542
1am1ip1tma1w      -1275.20583609   -1275.13899445   0.00022418799262116388  -1275.362917267973
1dma2ica1ma       -1275.20632784   -1275.13772788   0.0002300854267985913   -1275.364248928618
1am2ica1tma       -1275.20677257   -1275.13955513   0.00022544839845715242  -1275.3643501435
1dma1ip1ma1w      -1275.20916491   -1275.13887858   0.00023574150595337916  -1275.367852564651
1dma1it1tma1w     -1278.63010564   -1278.55703364   0.00024508468891497575  -1278.836153881133
1dma1ica1isa1tma  -1278.63173605   -1278.56002172   0.00024053107496226734  -1278.839553392311
1am1ica1sa        -1279.09440113   -1279.04048614   0.0001808317960758008   -1279.154635579374
1am1isa1sa1w      -1280.36180951   -1280.30228561   0.00019964410531611606  -1280.43985044822
1ica1ma1msa       -1282.47057635   -1282.41239382   0.00019514519537145735  -1282.58179586013
1dma1isa1sa       -1282.51959354   -1282.46226133   0.00019229317457655545  -1282.633067812757
1isa1ma1msa1w     -1283.73876204   -1283.67774539   0.00020465084688914978  -1283.870213839224
1isa1msa1tma      -1285.89741366   -1285.83680963   0.00020326694616803621  -1286.059732891202
1ip1tma2w         -1295.08926503   -1295.02067428   0.00023005450276706357  -1295.233968402222
2ica1tma1w        -1295.08953906   -1295.02203008   0.00022642622840851918  -1295.232535262658
1ica1sa1w         -1298.96757846   -1298.91350537   0.00018136203253395943  -1299.012869874191
2am1ica1msa       -1299.74645838   -1299.68576052   0.00020358165353010228  -1299.866974306194
1am1isa1ma1sa     -1299.79127694   -1299.72885481   0.0002093648499077646   -1299.910884429803
1isa1sa2w         -1300.24257049   -1300.18389242   0.00019680721113533455  -1300.308109756392
1isa2ma1msa       -1303.1679176    -1303.10381577   0.00021499859131309746  -1303.339346656484
1am1dma1isa1msa   -1303.17507863   -1303.11018532   0.00021765322824081836  -1303.345137342641
1ip1ma1tma1w      -1314.52188428   -1314.45137957   0.0002364739560623847   -1314.706275428088
2ica1ma1tma       -1314.52385437   -1314.45356096   0.00023576528592990104  -1314.708616981581
2dma1ip1w         -1314.52684607   -1314.45396297   0.0002444511152104646   -1314.712738352449
2dma2ica          -1314.52808446   -1314.45413591   0.0002480246520207949   -1314.713105589887
1ica1isa2tma      -1317.93650365   -1317.86279098   0.00024723354016434687  -1318.170833869832
1it2tma1w         -1317.94217671   -1317.86670118   0.0002531461344960591   -1318.175050958741
1ica1ma1sa        -1318.41259896   -1318.35574782   0.00019067969143048803  -1318.501141876643
1am1ica1msa1w     -1319.63071988   -1319.57032448   0.00020256716417910452  -1319.736965734108
1isa1ma1sa1w      -1319.67596463   -1319.61580417   0.00020177917155794064  -1319.784750508618
1dma1ica1msa      -1321.79028638   -1321.72777072   0.00020967855106490026  -1321.9269847223
1isa1sa1tma       -1321.83870439   -1321.77829783   0.00020260459500251552  -1321.977872101483
1dma1isa1msa1w    -1323.05805166   -1322.99436534   0.00021360493040415899  -1323.21654696831
2am1ica1sa        -1335.68679972   -1335.626566     0.000202024853261781    -1335.784106972104
1am1ica1ma1msa    -1339.06393351   -1338.99990315   0.0002147588797585108   -1339.212213512347
1isa2ma1sa        -1339.10492829   -1339.03981343   0.00021839631058192182  -1339.252135568746
1am1dma1isa1sa    -1339.10994415   -1339.04623316   0.00021368770752976687  -1339.258050592351
1isa1it           -1339.2035793    -1339.14917714   0.00018246573872211973  -1339.192275821
1ica1msa2w        -1339.50079438   -1339.44243705   0.00019573144390407516  -1339.593828394595
3isa              -1340.49256797   -1340.4364752    0.000188136072446755    -1340.501715818606
1dma1isa1ma1msa   -1342.48587394   -1342.41820668   0.00022695710212980048  -1342.683322918152
1am1isa1msa1tma   -1342.48906341   -1342.42141813   0.00022688338084856616  -1342.68576158422
1dma1ip1tma1w     -1353.84425103   -1353.77065765   0.00024683340600368945  -1354.055828076167
1dma2ica1tma      -1353.84444985   -1353.77067785   0.0002474325004192521   -1354.055797029918
1am1ica1sa1w      -1355.57014503   -1355.51098061   0.00019843843702834144  -1355.653745862784
1dma1ica1sa       -1357.73357238   -1357.67325427   0.00020230793224886807  -1357.848856230482
1ica1ma1msa1w     -1358.94800005   -1358.88346125   0.00021646419587455982  -1359.080957990563
1dma1isa1sa1w     -1358.99627582   -1358.93278016   0.00021296548717088712  -1359.131591800457
1ica1msa1tma      -1361.10250324   -1361.03822722   0.00021558282743585445  -1361.268053076094
1isa1msa1tma1w    -1362.37400907   -1362.30756434   0.0002228567164179104   -1362.558702495781
1am1ica1ma1sa     -1375.00512322   -1374.94119233   0.00021442525574375315  -1375.12795205051
1ica1sa2w         -1375.43799948   -1375.37904172   0.000197745262451786    -1375.507427032943
1ica2ma1msa       -1378.38163796   -1378.31358695   0.00022824420593660905  -1378.556924072335
1am1dma1ica1msa   -1378.38251333   -1378.31576959   0.00022385963441220864  -1378.55794267036
1dma1isa1ma1sa    -1378.42403851   -1378.35612014   0.00022779932919671315  -1378.597758910113
1am1isa1sa1tma    -1378.42941013   -1378.36176379   0.0002268869361059869   -1378.602238967944
1isa1ma1msa1tma   -1381.80123741   -1381.7312032    0.0002348958577897032   -1382.025796436879
2dma1isa1msa      -1381.80339116   -1381.73244974   0.00023793872211973842  -1382.028284386348
1ip2tma1w         -1393.15342507   -1393.07658524   0.00025772205265805803  -1393.390360176433
2ica2tma          -1393.1534505    -1393.07850484   0.00025136894180781486  -1393.391534362114
1ica1ma1sa1w      -1394.88781764   -1394.82471901   0.00021163384202582593  -1394.998435847999
1ica1sa1tma       -1397.04680294   -1396.98410805   0.00021027969143048802  -1397.189460757607
1dma1ica1msa1w    -1398.26384214   -1398.19689062   0.00022455646486667786  -1398.424628732728
1isa1sa1tma1w     -1398.31194915   -1398.24561225   0.00022249508636592316  -1398.473939061237
2sa               -1400.90401962   -1400.85445171   0.000166251551232601    -1400.947473238322
1ica2ma1sa        -1414.3191786    -1414.25484885   0.0002157630387388899   -1414.472802193207
1am1dma1ica1sa    -1414.3245236    -1414.2578536    0.00022361227570015093  -1414.474167440118
1ip1isa           -1414.40651968   -1414.35002529   0.00018948311252725135  -1414.397655931433
1ica1it           -1414.4170489    -1414.3604571    0.0001898097937279893   -1414.407657286984
1isa1it1w         -1415.70228349   -1415.64405143   0.0001953112862653027   -1415.71432063239
1ica2isa          -1415.71237934   -1415.6549083    0.00019275881267818217  -1415.725648083786
3isa1w            -1416.97323951   -1416.91176708   0.00020617954049974847  -1417.005541254125
1am1ica1msa1tma   -1417.68802126   -1417.61968594   0.00022919778634915313  -1417.891158781177
1dma1ica1ma1msa   -1417.70033022   -1417.62975947   0.00023669545530773103  -1417.903029913954
1isa1ma1sa1tma    -1417.74299424   -1417.6729085    0.0002350687237967466   -1417.943888969164
2dma1isa1sa       -1417.7455251    -1417.67491948   0.0002368124434009727   -1417.94715239943
1dma1isa1msa1tma  -1421.1208192    -1421.04710112   0.00024725168539325846  -1421.372066461575
1dma1ica1sa1w     -1434.20719154   -1434.14121435   0.00022128857957403995  -1434.34451338389
1ica1msa1tma1w    -1437.57733145   -1437.50650592   0.00023754999161495894  -1437.763516155767
1am1ica1sa1tma    -1453.63836675   -1453.57086033   0.0002264176421264464   -1453.818054255865
1dma1ica1ma1sa    -1453.64199384   -1453.57354169   0.00022958963608921682  -1453.823009298957
1ica1ma1msa1tma   -1457.01126296   -1456.9398638    0.00023947395606238478  -1457.239953871232
2dma1ica1msa      -1457.01871144   -1456.94534567   0.00024607003186315614  -1457.248551144416
1dma1isa1sa1tma   -1457.06271134   -1456.98981968   0.00024447982559114544  -1457.290999407763
1am2sa            -1457.51553705   -1457.46238636   0.0001782682877746101   -1457.597633764991
1isa1msa2tma      -1460.43651424   -1460.36217334   0.0002493406003689418   -1460.715787691647
1ica1sa1tma1w     -1473.52097766   -1473.45290049   0.00022833191346637597  -1473.686295821771
1ica1ip           -1489.61953061   -1489.56155692   0.00019444467549890998  -1489.613283082479
1ica1it1w         -1490.90574052   -1490.84526425   0.00020283840348817709  -1490.920523440088
1ip1isa1w         -1490.91016479   -1490.84998018   0.00020186017105483818  -1490.925124542625
2ica1isa          -1490.91932324   -1490.86050606   0.00019727378836156294  -1490.935573479778
1isa1it2w         -1492.18203593   -1492.11916262   0.00021087811504276376  -1492.21771267189
1ica2isa1w        -1492.18270725   -1492.11957592   0.00021174351836324     -1492.218244042813
1ica1ma1sa1tma    -1492.95602895   -1492.88572304   0.00023580717759517022  -1493.163821883698
2dma1ica1sa       -1492.96417614   -1492.89270584   0.00023971256079154788  -1493.171654118164
3isa2w            -1493.45128723   -1493.38655866   0.00021710068757336914  -1493.508434372807
1dma1ica1msa1tma  -1496.33024186   -1496.25552665   0.00025059600872044273  -1496.585752126534
1isa1sa2tma       -1496.37702445   -1496.3028418    0.00024880979372798927  -1496.632724734082
1ma2sa            -1496.83468822   -1496.77803556   0.00019001391916820392  -1496.944282224314
2am2sa            -1514.1168417    -1514.05648075   0.0002024515847727654   -1514.234729292573
1dma1ica1sa1tma   -1532.2747347    -1532.20113557   0.0002468526915981888   -1532.509630999865
1ica1msa2tma      -1535.64219962   -1535.56534981   0.0002577555257420762   -1535.925427014534
1dma2sa           -1536.15648603   -1536.09638609   0.00020157618648331376  -1536.292731036702
1am1ma2sa         -1553.43459392   -1553.37044167   0.00021516766728156976  -1553.579649257259
1it1msa           -1556.89710563   -1556.83981496   0.00019215381519369448  -1556.929286947758
1ica1ip1w         -1566.10983486   -1566.0477947    0.0002080836827100453   -1566.126639312828
3ica              -1566.11082748   -1566.04908004   0.00020710192855944996  -1566.128190617765
1ica1it2w         -1567.38233528   -1567.31836274   0.0002145649505282576   -1567.421121380465
1ip1isa2w         -1567.3858706    -1567.31934544   0.00022312647995975182  -1567.422653622062
2ica1isa1w        -1567.39479069   -1567.33015807   0.0002167788696964615   -1567.433108390458
1ica2isa2w        -1568.65678045   -1568.58913008   0.0002269004527922187   -1568.716160603368
1isa1it3w         -1568.65683136   -1568.58912698   0.0002270816032198558   -1568.715814982527
1ica1sa2tma       -1571.58754975   -1571.51161019   0.00025470249874224384  -1571.848814364849
2sa1tma           -1575.47134189   -1575.40866416   0.00021022213650846887  -1575.635003847993
2ma2sa            -1592.75274023   -1592.68448739   0.00022892114707362063  -1592.924723007374
1am1dma2sa        -1592.75539579   -1592.69038707   0.0002180403152775449   -1592.928936397961
1it1sa            -1592.83590328   -1592.78016751   0.00018693868857957405  -1592.847521266394
1am2sa1tma        -1632.06805603   -1632.00058731   0.00022629119570685891  -1632.269034940776
1dma1ma2sa        -1632.07357804   -1632.00507175   0.00022977122253899044  -1632.274644416218
1ip1msa           -1632.097379     -1632.03793426   0.0001993786349153111   -1632.133440458587
1ica1ip2w         -1642.58299645   -1642.51733833   0.00022021841355022642  -1642.624484442201
3ica1w            -1642.58847046   -1642.52035908   0.00022844668790877073  -1642.62719033418
1ica1it3w         -1643.85767185   -1643.78744841   0.00023553057185980212  -1643.918639518516
1ip1isa3w         -1643.85946833   -1643.78955912   0.00023447663927553245  -1643.921438958949
2ica1isa2w        -1643.86335814   -1643.79248888   0.0002376966627536475   -1643.923190948698
1ip1sa            -1668.03775867   -1667.97994466   0.0001939091396947845   -1668.052108490557
1ma2sa1tma        -1671.38714442   -1671.31625302   0.00023777092067751128  -1671.615349504513
2dma2sa           -1671.39461375   -1671.3233941    0.00023887191011235956  -1671.623215106648
1dma2sa1tma       -1710.70962671   -1710.63597466   0.00024703018614791216  -1710.964970732766
1ica1ip3w         -1719.05494603   -1718.98322753   0.0002405450276706356   -1719.117853636479
3ica2w            -1719.06675146   -1718.99523862   0.00023985520711051485  -1719.130464804279
2sa2tma           -1750.02336189   -1749.94881106   0.0002500447090390743   -1750.308019971222
2it               -1784.77899981   -1784.71796626   0.0002047075633070602   -1784.760267852408
4isa              -1787.32832664   -1787.26080192   0.00022647902062720112  -1787.350007907221
1ip1it            -1859.98373573   -1859.92108713   0.00021012440046956236  -1859.967905700005
2it1w             -1861.25672502   -1861.19006768   0.00022356981385208784  -1861.260018873843
1ica3isa          -1862.54350208   -1862.47464029   0.00023096357538151938  -1862.568509158797
4isa1w            -1863.80750127   -1863.73353855   0.0002480721784336743   -1863.851116612693
2ip               -1935.18566573   -1935.12128076   0.00021594824752641287  -1935.172597578773
1ip1it1w          -1936.47218303   -1936.4035272    0.00023027278215663252  -1936.478070944959
2it2w             -1937.74634435   -1937.67530309   0.00023827355358041252  -1937.773136021609
2ica2isa          -1937.75409708   -1937.68376559   0.00023589297333556934  -1937.781388525523
1ica3isa1w        -1939.01814745   -1938.94521453   0.000244618178769076    -1939.06712845165
4isa2w            -1940.29160781   -1940.21490735   0.0002572546033875566   -1940.360500781484
2ip1w             -2011.66589542   -2011.59484649   0.00023829927888646655  -2011.673650968901
1ip1it2w          -2012.94816685   -2012.87604216   0.00024190739560623852  -2012.978879660188
3ica1isa          -2012.96362961   -2012.89276275   0.0002376886131142043   -2012.995097006731
2it3w             -2014.22207269   -2014.14614751   0.0002546543015260775   -2014.272730673227
2ica2isa1w        -2014.23110995   -2014.15552558   0.000253511219184974    -2014.281340533098
1ica3isa2w        -2015.4918331    -2015.41261524   0.0002656980043602214   -2015.562751672345
2ip2w             -2088.14371495   -2088.06904876   0.00025043162837497907  -2088.175989953223
4ica              -2088.15714718   -2088.08248574   0.00025041569679691436  -2088.188223483715
1ip1it3w          -2089.42376826   -2089.34625196   0.0002599909441556264   -2089.476790922245
3ica1isa1w        -2089.43803804   -2089.36267524   0.00025276803622337754  -2089.493177179745
2ica2isa2w        -2090.6958786    -2090.61785296   0.00026169931242663096  -2090.771843773406
2ip3w             -2164.6217668    -2164.54354566   0.0002623549890994465   -2164.678455551113
4ica1w            -2164.63337879   -2164.55610339   0.0002591829615965118   -2164.690268644098
3ica1isa2w        -2165.9072896    -2165.82451344   0.00027763260103974514  -2165.982596235824
4ica2w            -2241.10453396   -2241.02086041   0.0002806424618480631   -2241.182971157679
