#CLUSTER            dG_298.15K_[Eh]      dH_298.15K_[Eh]      dS_298.15K_[Eh/K]
1am1fa              -246.23827359716435  -246.20220210637316  0.00012098437293704236
1fa1ma              -285.5045119560119   -285.46490065825736  0.00013285694366775718
2am1fa              -302.76735581455125  -302.72425278363875  0.00014456827406516033
1dma1fa             -324.7757153789853   -324.7341709289128   0.00013934076831282317
1am1fa1ma           -342.0335770599287   -341.9876633615151   0.00015399529905611514
1fa1tma             -364.0499911275413   -364.005706205019    0.00014853235794843567
1eda1fa             -380.1098863571329   -380.06610605831474  0.00014683984175123947
1fa2ma              -381.28910782865603  -381.2383316128749   0.00017030426222082085
1am1dma1fa          -381.29323386008474  -381.24243196165554  0.00017039040224455768
1dma1fa1ma          -420.5631021892578   -420.5105201016484   0.00017636118601168673
1am1fa1tma          -420.57336039321314  -420.5208953137136   0.00017596873888822028
1am2fa              -435.93189397760926  -435.88394964145925  0.00016080609139706498
1am1eda1fa          -436.6344421111761   -436.5826989525578   0.00017354740438812373
2dma1fa             -459.83141468273635  -459.77554064121847  0.00018740245352302396
1fa1ma1tma          -459.83207298398656  -459.77661847111426  0.00018599534755090854
2fa1ma              -475.19605712129396  -475.14610286105034  0.00016754740983947574
1eda1fa1ma          -475.9030574237304   -475.84990841042355  0.00017826266411813873
2am2fa              -492.4737262156572   -492.4203458040419   0.0001790387778478247
1dma1fa1tma         -499.1051149226892   -499.04655770034384  0.00019640188611565
1dma2fa             -514.4695220154845   -514.4179522673114   0.00017296578290459545
1dma1eda1fa         -515.1737528004688   -515.1163945127611   0.0001923806396371177
1am2fa1ma           -531.7430903511345   -531.6884008798497   0.00018342938549284772
1fa2tma             -538.3815113062784   -538.3214114054626   0.0002015760550587299
2fa1tma             -553.7385659330729   -553.6837509743043   0.00018385027257634718
1eda1fa1tma         -554.4415433342275   -554.3812649349185   0.00020217474193881882
1eda2fa             -569.8131719726268   -569.7592346222466   0.00018090675961825802
2eda1fa             -570.5039601650511   -570.4451487382852   0.0001972544919201174
2fa2ma              -571.0084944090031   -570.9496588169061   0.00019733554283739903
1am1dma2fa          -571.0107937481531   -570.9522531454603   0.00019634614352789169
1am2fa1tma          -610.2810939542934   -610.2200124571496   0.0002048683452753116
1dma2fa1ma          -610.281283136038    -610.2199276799626   0.00020578720803445408
1am1eda2fa          -626.345049282882    -626.2843301913052   0.00020365283104739623
2fa1ma1tma          -649.5438351620261   -649.4788448780064   0.00021797848069666652
2dma2fa             -649.5458149143685   -649.4820670949495   0.00021381123400663154
1eda2fa1ma          -665.5992374621405   -665.5363367580107   0.0002109699954041498
1dma2fa1tma         -688.8209458807866   -688.7549683632216   0.0002212896782323278
1dma1eda2fa         -704.8684033790848   -704.8023419776225   0.00022157102620262037
2fa2tma             -728.072630960734    -728.0046888868206   0.0002278788325117133
1eda2fa1tma         -744.1518124560885   -744.0842049655133   0.0002267566344967187
2eda2fa             -760.2098001635298   -760.1427924190418   0.00022474507626383478
1am1fa1msa          -910.4386528244198   -910.3860293125028   0.00017650012382024232
1am1fa1sa           -946.3695414543716   -946.3188801437018   0.0001699188685892007
1fa1ma1msa          -949.7110516069589   -949.656515433924    0.0001829152206435131
2am1fa1msa          -966.9896223137509   -966.9335230744489   0.00018815777059233676
1fa1ma1sa           -985.6438971391578   -985.5905610319311   0.00017889018020043906
1dma1fa1msa         -988.9842014816039   -988.926537196087    0.0001934069613179327
2am1fa1sa           -1002.9087298742415  -1002.8529259024515  0.0001871674385042482
1am1fa1ma1msa       -1006.2538931173136  -1006.1922065801983  0.00020689765928336688
1dma1fa1sa          -1024.9193496544085  -1024.8629232654553  0.00018925503589904016
1fa1msa1tma         -1028.2650739819485  -1028.206055850693   0.00019794778217481875
1am1fa1ma1sa        -1042.1805959640858  -1042.1210108682087  0.00019984939083368626
1eda1fa1msa         -1044.3004894341695  -1044.2413538087158  0.00019834185964679395
1fa2ma1msa          -1045.501416345061   -1045.4365701245856  0.00021749528920170295
1am1dma1fa1msa      -1045.5291064179073  -1045.4655663749734  0.00021311434826082012
1fa1sa1tma          -1064.1855497108395  -1064.1279336576351  0.00019324518934898228
1eda1fa1sa          -1080.2531095912655  -1080.1945486980953  0.0001964141981220762
1fa2ma1sa           -1081.4479743415027  -1081.38388876614    0.00021494407299237094
1am1dma1fa1sa       -1081.4545019378243  -1081.3925006491668  0.00020795334112839626
1dma1fa1ma1msa      -1084.7822049254987  -1084.7152605982221  0.00022453237389461828
1am1fa1msa1tma      -1084.7960465828307  -1084.7297653861324  0.00022230822303674885
1am1eda1fa1msa      -1100.856825915594   -1100.7916725681869  0.0002185253979781847
1am1fa1sa1tma       -1120.71743712735    -1120.6527524578662  0.00021695344452008812
1dma1fa1ma1sa       -1120.7185584537908  -1120.6534196462312  0.00021847663109020752
2dma1fa1msa         -1124.0437373110851  -1123.9746010342824  0.0002318842086291443
1fa1ma1msa1tma      -1124.060094495077   -1123.9920324640984  0.0002282811704796689
1am1eda1fa1sa       -1136.7875044273585  -1136.7238695325213  0.0002134324831032399
1eda1fa1ma1msa      -1140.0914929971989  -1140.0233463169745  0.00022856508544135044
1fa1ma1sa1tma       -1159.9897222723387  -1159.921521005884   0.00022874816855520926
2dma1fa1sa          -1159.9908162534243  -1159.9232562528582  0.00022659735222603955
1dma1fa1msa1tma     -1163.3101465801612  -1163.2383443385543  0.00024082589839690438
1eda1fa1ma1sa       -1176.048495458816   -1175.9801592711933  0.00022920069636982477
1dma1eda1fa1msa     -1179.360174368566   -1179.2903714853219  0.0002341200175886498
1dma1fa1sa1tma      -1199.259566297591   -1199.1894972139232  0.00023501285818424645
1fa1msa2tma         -1202.6019179555565  -1202.5287789736185  0.000245309347435876
1dma1eda1fa1sa      -1215.3275111558005  -1215.2590276897593  0.0002296946706061019
1eda1fa1msa1tma     -1218.6337577821332  -1218.560055709528   0.00024719796278864715
2eda1fa1msa         -1234.7134593341827  -1234.641255237367   0.00024217372737114887
1fa1sa2tma          -1238.5345812140893  -1238.46302096563    0.00024001424940253463
1eda1fa1sa1tma      -1254.5779575821828  -1254.506323968391   0.00024026031793365795
2eda1fa1sa          -1270.6543091629976  -1270.5834377223205  0.00023770397678043903
2am1fa2msa          -1631.1948701890567  -1631.1235540418977  0.00023919552962915454
2am1fa1msa1sa       -1667.1177070371916  -1667.0482514910746  0.0002329550431566384
1am1fa1ma2msa       -1670.4711074622087  -1670.3984944691797  0.00024354517199024975
2am1fa2sa           -1703.01197625323    -1702.938691774871   0.00024579734482324485
1am1fa1ma1msa1sa    -1706.3899504035028  -1706.3170385041005  0.00024454770887910636
1fa2ma2msa          -1709.758687438876   -1709.6812975120067  0.00025956708659836253
1am1dma1fa2msa      -1709.7632826941035  -1709.6866832653861  0.00025691574280501105
1am1fa1ma2sa        -1742.3232354541285  -1742.2522890757764  0.00023795531897408159
1fa2ma1msa1sa       -1745.6589732119573  -1745.5817879925055  0.00025888049455573015
1am1dma1fa1msa1sa   -1745.6650547059435  -1745.5895023715834  0.00025340377112174044
1dma1fa1ma2msa      -1749.0092587377937  -1748.9286290924779  0.0002704331555115719
1am1fa2msa1tma      -1749.0263420146614  -1748.9484569615197  0.00026122774825343154
1am1eda1fa2msa      -1765.0834504562276  -1765.005523321834   0.0002613688894635044
1fa2ma2sa           -1781.5703279034644  -1781.4950760386553  0.00025239599131035134
1am1dma1fa2sa       -1781.6075519921167  -1781.5337409030328  0.0002475636058488127
1am1fa1msa1sa1tma   -1784.9268765972151  -1784.8465248930572  0.0002695009363001362
1dma1fa1ma1msa1sa   -1784.933349686085   -1784.8540542491921  0.000265958198533461
1fa1ma2msa1tma      -1788.2996562572757  -1788.2170185289972  0.0002771682987711754
2dma1fa2msa         -1788.3034728945881  -1788.2198293977053  0.0002805416631994614
1am1eda1fa1msa1sa   -1801.0052936645666  -1800.9279691881652  0.00025934756465290424
1eda1fa1ma2msa      -1804.367079387468   -1804.2852960580408  0.0002743026309822361
1am1fa2sa1tma       -1820.8240341725682  -1820.7454231245763  0.00026366274691228794
1dma1fa1ma2sa       -1820.857137882068   -1820.778584268346   0.00026347011142688315
1fa1ma1msa1sa1tma   -1824.1997287716754  -1824.116781794218   0.00027820552559914804
2dma1fa1msa1sa      -1824.2064742903005  -1824.1246191872792  0.00027454336079567126
1dma1fa2msa1tma     -1827.569348561086   -1827.4846876636757  0.00028395404128850647
1am1eda1fa2sa       -1836.9321753320955  -1836.8571766161756  0.0002515469257757448
1eda1fa1ma1msa1sa   -1840.291475845146   -1840.2135278331589  0.0002614389132554409
1dma1eda1fa2msa     -1843.640336325783   -1843.5571494316055  0.00027901021022118063
1fa1ma2sa1tma       -1860.123681603643   -1860.0456897648721  0.0002615859090086449
2dma1fa2sa          -1860.1506751060172  -1860.071460084946   0.0002656884825460483
1dma1fa1msa1sa1tma  -1863.4793077359234  -1863.3953546842235  0.000281579915142466
1fa2msa2tma         -1866.8075412732749  -1866.7191507273626  0.0002964633436599221
1eda1fa1ma2sa       -1876.204040750198   -1876.1226094219337  0.0002731220132960163
1dma1eda1fa1msa1sa  -1879.55760252118    -1879.4744537282465  0.0002788824180224369
1eda1fa2msa1tma     -1882.903497769418   -1882.8177287718856  0.00028767062730916925
2eda1fa2msa         -1898.9674043801592  -1898.881594862333   0.000287806533041204
1dma1fa2sa1tma      -1899.4209116693753  -1899.3392063353442  0.00027404103314129834
1fa1msa1sa2tma      -1902.735221126063   -1902.6499493948884  0.00028600278777336986
1dma1eda1fa2sa      -1915.4834041435     -1915.400465539669   0.00027817744031768846
1eda1fa1msa1sa1tma  -1918.8206753792065  -1918.7352439998735  0.000286538250320192
2eda1fa1msa1sa      -1934.873038189506   -1934.788123635647   0.00028480480918636504
1fa2sa2tma          -1938.6820984472554  -1938.597837548094   0.00028261244058794456
1eda1fa2sa1tma      -1954.7525588838719  -1954.670511454218   0.0002751884274825265
2eda1fa2sa          -1970.811660717695   -1970.7264266771572  0.0002858763727582838
