#CLUSTER            ddG_298.15K_[kcal/mol]  ddH_298.15K_[kcal/mol]  ddS_298.15K_[cal/mol/K]  ddE_[kcal/mol]
1fa2tma             0.45256630453513935     -20.41304973702063      -69.98361912313403       -22.743401335348608
1am1fa1tma          -1.338550759581267      -20.47211567944032      -64.174291195189         -23.238045446923934
1fa1ma1tma          -1.363657999492716      -22.74094051316206      -71.69975687949929       -25.427559724950697
2dma1fa             -1.7954151420126436     -24.462204240408028     -76.02478315751235       -27.25154227312305
1dma1fa1tma         -1.8344033245375613     -23.758769873937126     -73.53468572665037       -26.390273070544936
2fa2tma             -2.0923085669928696     -35.41472613037331      -111.76393615084271      -40.51802558579948
1fa2ma              -2.1397346950980136     -23.350779003376374     -71.14219120670889       -26.032500729110325
1eda1fa1tma         -2.171110831972328      -24.123544477217365     -73.62882322738984       -26.5654361404886
1fa1nta             -2.779816760972608      -13.89345407957444      -37.27532221573563       -15.32667543462594
1eda1fa1ma          -2.782793992795632      -25.461467214787262     -76.06464270336045       -28.41939613845898
1am1dma1fa          -2.8178528674761765     -23.374177099234657     -68.94624930999954       -25.95336827103165
1am1fa1ma           -3.015383814301458      -22.722236037967377     -66.09710623411209       -25.483621282241074
1dma1fa1ma          -3.0604753266234184     -24.21502365170454      -70.95270275047156       -26.639128084789263
2eda1fa             -3.076169866209966      -27.383507243182976     -81.5272090456151        -30.54584642770351
2am1fa              -3.0914194487268105     -21.148889273565146     -60.56505056118982       -24.16025127764442
1am1eda1fa          -3.2710772679856746     -23.593875830687466     -68.16300037798561       -26.23030354245566
1dma1eda1fa         -3.4320678794319974     -25.935692082173773     -75.47752541599125       -28.37095554237021
1fa1ma              -3.5317906586424215     -13.483317555874237     -33.37758476359017       -14.994317717646481
1am1fa              -3.597087539252243      -12.356769237638218     -29.38011637900449       -14.0160687155294
1dma1fa             -4.04030541976681       -14.218797546986025     -34.138829874899         -15.566793850070098
1am2fa1tma          -4.041569930588594      -36.41517534208833      -108.58160460010633      -40.58784138128976
1eda1fa             -4.703076929159579      -16.157604877647827     -38.41867499078539       -17.711160479462706
1fa1tma             -4.736573364105425      -15.07916854674113      -34.68923421977621       -16.320122496632393
2fa                 -4.934579568274785      -16.128376744309207     -37.54417969490082       -17.598240059625823
1fa1msa             -5.129801208793651      -17.25730275682872      -40.675839503394954      -18.59485224686796
2am2fa              -5.5022971075668465     -34.1495534433634       -96.08336855887794       -38.426256508828374
1dma2fa1tma         -5.559178850002354      -39.27304121138877      -113.07684843670914      -43.856329623173224
2fa1tma             -5.565881758957403      -27.815626544266706     -74.62600967724879       -31.087058980221627
1am2fa              -5.95521330437623       -25.605811369925505     -65.90842886327067       -28.343563593167346
1fa1sa              -6.139950328390114      -17.473364462843165     -38.0124572678003        -18.76784290128853
2fa1ma              -6.334452564798994      -27.904478213647963     -72.34622052273201       -30.042143369093537
2fa2ma              -7.206335092982044      -39.87400198428077      -109.56789163605484      -44.293570325069595
2fa1ma1tma          -7.30011029590969       -40.653066231447156     -111.86636235293557      -45.01982610774576
1am2fa1ma           -7.468711033434374      -38.95112296893785      -105.59252703522284      -43.5345526735764
1eda2fa1tma         -7.516681195033016      -42.255647280282574     -116.51506317383004      -46.93224579127855
1eda2fa             -7.583299813122721      -30.848289502726402     -78.03115777160198       -33.893242356105475
1dma2fa             -7.815179432014702      -30.511379913485143     -76.12342941957601       -33.62941373983631
1dma2fa1ma          -8.004221398819936      -41.29465936306224      -111.65667604973086      -44.16774292156333
1am1dma2fa          -8.508357803948456      -40.462348691537045     -107.17421059078421      -45.55824683653191
1am1eda2fa          -8.551727845304413      -42.27050006884383      -113.09331619503033      -46.32988037317409
1eda2fa1ma          -10.408388669340638     -45.400248881211155     -117.36327423047152      -49.58913101791404
2eda2fa             -11.727436144690728     -48.78419523968478      -124.28897902065009      -53.73228370619472
1fa1msa2tma         -12.324680454097688     -47.33921611402184      -117.4393280562755       -53.59374861395918
1am1fa1msa          -12.353692147822585     -34.29963541083271      -73.60705437859536       -37.88181438675383
1dma1eda2fa         -12.590667942567961     -47.27357555081835      -116.32704212061724      -52.32766404838185
2dma2fa             -12.890703067590948     -46.81223109731218      -113.77336250122357      -51.92412000661716
1am1fa1sa           -14.618026749580167     -35.75480856210925      -70.8931135753342        -39.39053741982207
1fa1msa1tma         -14.66029786731815      -38.078138273296645     -78.54382158659324       -42.617385817546165
1fa1ma1msa          -16.270033832173795     -39.25962001865264      -77.10744989603216       -43.13170283846557
1am1fa1msa1tma      -16.321981898567174     -49.17744346297695      -110.19775805633952      -54.67800646703108
2am1fa1msa          -17.024717934255023     -49.557563643029425     -109.11569917405178      -55.024212861259
1dma1fa1msa         -18.559507242345717     -42.44670101365773      -80.11804048737262       -46.58276678045513
1eda1fa1msa         -18.56048352754442      -43.5036463176948       -83.65977793098479       -47.65687809808878
1dma1fa1msa1tma     -18.81357123941416      -54.41941714062705      -119.42259232331915      -61.36712525723851
1fa1ma1sa           -19.48065364564536      -41.830078388622496     -74.9603378932861        -45.60219846450491
1fa1ma1msa1tma      -19.71235353400698      -54.50412160062115      -116.69216188711624      -59.75021807171288
1eda1fa1msa1tma     -19.845667643647175     -56.11876434387523      -121.66056246951295      -61.60982020010124
2am1fa1sa           -19.96500118635595      -51.272554711671546     -105.00604905348726      -56.805811848840676
1am1fa1ma1msa       -20.274120017886162     -53.31271318497602      -110.81198446105262      -58.961617920780554
1fa1sa1tma          -20.278522943146527     -43.28301316362922      -77.15743827085097       -47.445429039682494
1am1dma1fa1msa      -20.78460905404063      -54.7620736634708       -113.96097470889659      -60.45898578496417
1fa2ma1msa          -21.88984609034378      -56.47662512672832      -116.00462531091327      -62.23529925203184
1am1eda1fa1msa      -22.211353995196987     -58.659271718759555     -122.24691505466146      -64.49511206365423
1am1fa1sa1tma       -22.324219482718036     -55.284343697625445     -110.54879830594773      -61.36237926388276
1dma1fa1sa          -22.660563570680097     -45.16032943257596      -75.46458447790853       -49.286091119633056
1eda1fa1sa          -22.914868894033134     -45.634637891547754     -76.2024786096973        -49.59740351536311
1am1fa1ma1sa        -23.449740343203302     -55.277706719061825     -106.75152230689855      -61.11318514699815
1fa2ma1sa           -24.082233849039767     -56.903365977690555     -110.08261656472403      -62.43334296368994
1fa1sa2tma          -24.14024029643042      -58.52022074890556      -115.31101946189995      -63.95639339630725
1dma1fa1ma1msa      -24.24480317265261      -58.955445535015315     -116.42006494178975      -65.10095623275265
1fa1ma1sa1tma       -24.680680375546217     -60.31843040921376      -119.5295993078598       -64.87401600778685
1dma1eda1fa1msa     -25.508775994123425     -62.26621321059065      -123.28504852123353      -68.63366333505837
1am1eda1fa1sa       -25.653240469517186     -59.29565278266091      -112.8372038006061       -65.08391444350127
1dma1fa1ma1sa       -25.737993826449383     -60.71286424220307      -117.30629017507823      -66.24398181232391
1am1dma1fa1sa       -25.83898523892276      -58.58221151458565      -109.82131905313543      -64.29906945885159
2dma1fa1msa         -25.84121280751424      -61.314263044681866     -118.97719348324416      -67.80668779887492
1eda1fa1ma1sa       -26.184870643599425     -62.40502983418992      -121.48300919196649      -68.27720009029144
1eda1fa1ma1msa      -26.20196402561851      -63.79206085356418      -126.07780254202237      -69.93024630332366
2eda1fa1msa         -26.30790031788638      -65.2254187046201       -130.52999626615747      -71.68949187692488
1eda1fa1sa1tma      -26.42079611797817      -62.624728943017544     -121.4285856950915       -67.74972746908315
1dma1fa1sa1tma      -27.862271914607845     -63.253253315604525     -118.70193325842256      -68.07733862780151
2eda1fa1sa          -28.05888126359787      -65.54379022668581      -125.72500071433842      -71.30749691580422
1dma1eda1fa1sa      -28.127026769449003     -65.56121120881289      -125.55486982830762      -71.93968548055273
2dma1fa1sa          -29.045807255548425     -64.70645220554434      -119.6063892338617       -71.3824860341847
1fa2msa2tma         -29.807493343832903     -78.76599093171535      -164.2076055272112       -88.61495522287441
2am1fa2msa          -32.32168911222834      -79.52612799860071      -158.32446381498812      -87.50836962088943
1am1fa2msa1tma      -33.81414421374211      -82.04372855336987      -161.76281851331265      -90.82792154679191
1am1fa1ma2msa       -36.802477068966255     -84.4514191984199       -159.81533499716147      -92.54178899002727
1fa1ma2msa1tma      -38.188985624408815     -86.84933674547938      -163.2076173775982       -95.91006652431679
1dma1fa2msa1tma     -38.20408727071481      -88.15943452567444      -167.55105569369385      -97.69739724954707
1eda1fa2msa1tma     -38.3978852427681       -89.19227362508536      -170.3652134249634       -98.44776721953531
2am1fa1msa1sa       -38.46681201091269      -85.28637781558791      -157.03359317339346      -93.48853345116368
1am1eda1fa2msa      -39.26488635886926      -88.51247974915896      -165.1772376004597       -96.9530818676576
1fa2ma2msa          -39.81446303881239      -88.44404343969654      -163.10441187612014      -97.29652800201438
1am1dma1fa2msa      -39.92582548735663      -87.8140617357567       -160.6179314057555       -96.34153438662179
1fa1msa1sa2tma      -40.20954429352423      -88.42681087675737      -161.72150455607238      -97.98478985863039
2am1fa2sa           -40.7575931007741       -86.09361844405066      -152.05777408453426      -94.29593905119691
2dma1fa2msa         -41.885969142545946     -91.41007650841493      -166.1046700186045       -101.07716103771236
1am1fa1ma1msa1sa    -43.44613382575335      -90.77890924672829      -158.75490666081032      -98.75232799682999
1dma1fa1ma2msa      -43.46294663101435      -92.75380351522472      -165.32234407045627      -101.60448807838839
1eda1fa1ma2msa      -43.62053879164159      -93.1178675913252       -166.0148542675367       -101.97752166900318
1fa1ma1msa1sa1tma   -44.21115814859513      -93.69572476568283      -165.9720496968755       -102.82590007773251
1dma1eda1fa2msa     -44.445483978954144     -95.7120686887065       -171.9489676664702       -104.85862149880268
1am1eda1fa1msa1sa   -44.86356433428591      -93.74390479183057      -163.9454652282649       -102.27346394368215
1am1fa1ma2sa        -45.32860541075934      -91.4325862324331       -154.63350938076547      -99.76064750738442
1am1fa2sa1tma       -45.48935516079655      -92.518370848411        -157.73609152365316      -101.42638572157011
1am1dma1fa1msa1sa   -46.29401247407077      -94.47594176762505      -161.60298270612748      -103.22986448352458
1fa2sa2tma          -46.64527714182623      -95.98295140132541      -165.47937031604832      -106.13056694233092
2eda1fa2msa         -46.84486484644003      -99.75647932733409      -177.46642455499975      -109.17283200693782
1dma1fa1msa1sa1tma  -47.0215432572877       -96.60692090159864      -166.3101715384719       -106.12003493183875
1fa2ma1msa1sa       -47.08849527098937      -95.72564756666543      -163.1298081362755       -104.4655527411378
1am1fa1msa1sa1tma   -47.74737128207926      -94.37159096557298      -156.3783990724588       -103.71004734924645
1dma1fa1ma1msa1sa   -47.90410580398748      -97.06381822848925      -164.88248339639776      -106.11197766807163
1am1eda1fa2sa       -49.08521642605774      -96.77666261536069      -159.9578943124214       -105.20556332648266
1eda1fa1ma1msa1sa   -49.137857284455094     -100.1055822786293      -170.9465872684291       -108.97138522082241
1am1dma1fa2sa       -49.6054062419571       -96.42218710912857      -157.02425244850815      -105.04466339992359
1fa2ma2sa           -49.83840555022471      -98.2239370206371       -162.28586775320508      -106.90243303135503
2dma1fa1msa1sa      -49.98748876102036      -99.12950504996115      -164.82313026707328      -108.14316860918188
2eda1fa1msa1sa      -50.215341338247526     -102.59967688348843     -175.69792233855844      -111.44663681747625
1dma1eda1fa1msa1sa  -50.30700538790552      -100.48462465644116     -168.2965596800768       -109.70818807388423
1fa1ma2sa1tma       -50.38724921102403      -97.77016411992372      -158.9230753266463       -106.8950599966629
1eda1fa2sa1tma      -51.08434518886497      -101.39288171383669     -168.73565830910852      -111.11754977182136
1dma1fa2sa1tma      -51.81345238996437      -100.02561028095079     -161.70436991776967      -109.02545916233794
1eda1fa1msa1sa1tma  -53.09068864246365      -102.60644320366555     -166.0766545743          -112.33176431190805
1eda1fa1ma2sa       -53.38305815064814      -101.34895013575442     -160.87839002231408      -109.94097524648532
2dma1fa2sa          -53.38542660931125      -101.75318573974073     -162.22625903188992      -111.30341553292237
1dma1fa1ma2sa       -53.48838617268484      -101.43904348369688     -160.82729267479687      -110.49209042359143
1dma1eda1fa2sa      -54.11107278498821      -104.08297136169858     -167.60656909834228      -113.27637469780166
2eda1fa2sa          -54.20568487618584      -104.67048297345173     -169.25976219071325      -113.59962847549468
