#CLUSTER            ddG_298.15K_[Eh]     ddH_298.15K_[Eh]     ddS_298.15K_[Eh/K]
2tma                6.113290116452845    -3.2966592404118273  -31.56112479277796
1dma1ma             5.793385725395638    -2.737831336016825   -28.613842231737443
2dma                5.4815428396104835   -4.173524723039009   -32.38325528307156
1eda1ma             5.443910681526177    -4.744983027710987   -34.17371695209744
1eda1tma            5.435122013019281    -4.58109897164104    -33.5945697958483
1dma1eda            5.259799436680623    -5.341366096414276   -35.55648342470896
1ma1tma             5.203627076742123    -3.685470626631286   -29.81417978657833
1am1eda             5.035362973445444    -3.2545868898305343  -27.804628084102077
2ma                 4.976623207578086    -2.7209116273297695  -25.817658342903073
2eda                4.663140546850627    -7.058482345455559   -39.31451582177911
1am1ma              4.557959769481386    -2.459805522179522   -23.537700123072376
1dma1tma            4.500349979149178    -4.31436189415399    -29.564688490136334
1am1dma             4.259742303314852    -2.1610951940820087  -21.53559449067643
1am1tma             4.13703882903792     -3.179116611048812   -24.538505584865575
2am                 3.673806263366714    -1.9733443176664878  -18.940635857864493
1tma                0.0                  0.0                  0.0
1sa                 0.0                  0.0                  0.0
1nta                0.0                  0.0                  0.0
1msa                0.0                  0.0                  0.0
1malonic            0.0                  0.0                  0.0
1ma                 0.0                  0.0                  0.0
1fa                 0.0                  0.0                  0.0
1eda                0.0                  0.0                  0.0
1dma                0.0                  0.0                  0.0
1am                 0.0                  0.0                  0.0
3dma1malonic        -1.703337399463635   -36.564559390506474  -116.9251114915116
2dma1malonic        -3.280282937368611   -25.967253277660348  -76.09247137434288
1dma1malonic        -4.037767860048916   -15.601291847793618  -38.78424949747391
1malonic1sa         -5.610310722258873   -18.47550794784911   -43.150082929272514
2sa                 -5.721720378496684   -17.12328772433102   -38.24104425846781
1am1sa              -6.116759483818896   -14.880628811719362  -29.394161756854004
1ma1sa              -7.595669706061017   -17.809580632543657  -34.257625109289044
2am1sa              -9.45321576675633    -27.76692597020883   -61.42448500202717
1am1ma1sa           -10.441064724815078  -30.837336800759658  -68.40943174831006
1eda1sa             -11.057829496974591  -22.941492753278     -39.85800186532762
2ma1sa              -11.058187910937704  -32.7165475107613    -72.6424940458831
1dma1sa             -11.396639700629748  -21.720065496105235  -34.62493978008028
1malonic2sa         -12.359039225033484  -38.46612955944147   -87.56361004244197
1sa1tma             -12.830358812119812  -23.245695859921398  -34.93321163097359
1am1eda1sa          -13.225253685202915  -34.3648463258869    -70.9025411390286
1am1sa1tma          -13.482933809864335  -33.83474301875685   -68.26030256157601
1am1dma1sa          -13.791645806166343  -34.112212764506694  -68.1555155400087
1ma1sa1tma          -13.871831819647923  -36.06149633278255   -74.42449945642588
1eda1ma1sa          -14.088790194771718  -37.799066137115005  -79.52465518144649
1dma1sa1tma         -14.601125282468274  -36.46126780324266   -73.31927727888113
1dma1ma1sa          -14.712565385969356  -36.49478271609405   -73.05791490846795
2dma1sa             -14.99002351280069   -37.13678171578795   -74.28059098758239
1eda1sa1tma         -15.666572977672331  -38.8415091263887    -77.72911671432217
1sa2tma             -16.01029319560621   -38.06056466384325   -73.95697289403424
2eda1sa             -17.028465425944887  -41.67033861001255   -82.64924763968455
1dma1eda1sa         -17.82729696930619   -41.595029918302316  -79.71736692495634
1malonic3sa         -18.12713564815931   -58.15129976393655   -134.24170422763416
1am2sa              -19.337896757409908  -41.900320601766     -75.67474037945804
1dma1malonic1sa     -19.68966139666736   -44.477548582013696  -83.1389810011162
1ma2sa              -24.87649607518688   -48.823636619141325  -80.31910294779152
2am2sa              -27.010169907356612  -58.83605606353376   -106.74454521562659
2sa1tma             -27.930351504823193  -51.788907202513656  -80.0219879169203
1eda2sa             -28.56006989441812   -52.913296901388094  -81.68112361854276
1dma2sa             -29.27773324411828   -53.295543847372755  -80.556131487679
3am2sa              -29.92984337755479   -72.75876968598459   -143.64892271690587
1am1ma2sa           -31.195681354030967  -65.3527206464205    -114.56327114615826
2dma1malonic1sa     -33.19130386901088   -71.31050062808208   -127.85241240666495
1am2sa1tma          -33.509657380287535  -67.37284657763666   -113.5776930977556
1dma1malonic2sa     -34.12756830465514   -72.2233042762382    -127.77372453872294
3dma1malonic1sa     -34.23410942545161   -84.2368367096642    -167.7099690892863
1am1eda2sa          -34.494947214610875  -69.67234603711404   -117.985573779054
2am1ma2sa           -34.95529207459185   -79.54207425774075   -149.54480021093187
1am1dma2sa          -35.68669478292577   -70.13552946853451   -115.54195769091804
2ma2sa              -36.144611365161836  -71.82135464414023   -119.66038329255305
2am1eda2sa          -37.17005274724215   -83.90721932880115   -156.75722482433417
2am2sa1tma          -37.21458123403136   -82.57068055702257   -152.12510254274585
1ma2sa1tma          -38.657532212673686  -75.19768870269763   -122.55628539346824
1am2sa2tma          -38.75500973267481   -85.5168759720982    -156.84006788335952
2am1dma2sa          -39.08836258330848   -84.21906846074853   -151.36912922066074
3ma2sa              -39.16599414194934   -88.44607015536167   -165.2861848509702
1am2ma2sa           -39.31018728367053   -84.77685559808742   -152.49595275572676
2am3sa              -39.37996387062594   -85.84867921704426   -155.85683497073623
1eda1ma2sa          -39.817194579169154  -76.70926916145254   -123.73662445745964
1dma1ma2sa          -40.509018225828186  -76.17780332744587   -119.63369143499591
1am1eda1ma2sa       -40.92388371145353   -88.60854465782177   -159.9351364950853
2sa2tma             -41.34034161432646   -77.92402916966239   -122.70228930115496
1am1ma2sa1tma       -41.45138661528472   -88.13517424810561   -156.57819095317856
1eda2sa1tma         -41.829559291363694  -79.37031617129105   -125.9123155454198
2sa3tma             -41.893784431391396  -89.7262676176615    -160.43093471879334
2eda2sa             -42.198091739439406  -79.8597482094774    -126.31781475607852
1eda2ma2sa          -42.28399081667885   -92.78895958233625   -169.39449527265197
1am1eda2sa1tma      -42.29169056087267   -89.99281534340116   -159.99035647245267
2ma2sa1tma          -42.43041743815411   -91.49828318794607   -164.57442813881778
1ma2sa2tma          -42.60644525056705   -91.19123528484488   -162.954184249399
1dma2ma2sa          -43.04140813450795   -92.67750140046701   -166.4802725672178
1am2eda2sa          -43.04532573639881   -91.12065221217927   -161.24543510124008
1dma2sa1tma         -43.046448475448415  -78.54183716673288   -119.052117025377
1am1dma2sa1tma      -43.363331517670304  -90.17323626086      -157.00118981387305
1eda2sa2tma         -43.70566266938113   -93.7999499438447    -168.01706280201483
1am1dma1eda2sa      -43.842205868451856  -91.43257973517757   -159.61889608127007
1am1dma1ma2sa       -43.970893468824215  -89.63419975631405   -153.15547974889057
1dma1eda2sa         -44.35050172766205   -81.32952571159694   -124.02825417911741
2dma2sa             -44.99551801639609   -81.17778952594381   -121.35593328645768
1dma1malonic3sa     -45.34156308299862   -97.3557234571781    -174.45634873137936
1eda1ma2sa1tma      -45.36830583575647   -95.24892488386831   -167.3004160600755
1am1ma3sa           -45.756387962261215  -93.18024683068506   -159.060402040011
1dma2sa2tma         -46.10160023113713   -95.54664536315249   -165.83949398611077
1dma1ma2sa1tma      -46.145882185548544  -95.58219054350047   -165.81019070159724
1dma1eda1ma2sa      -46.34909101994708   -96.6200926481979    -168.60976564751016
2dma1ma2sa          -46.670110488310456  -96.5183037482202    -167.19165943189998
2eda1ma2sa          -46.78092585375998   -98.18050683196634   -172.39503933502536
1am2dma2sa          -47.04691944504157   -93.20256062329281   -154.80677906370747
2eda2sa1tma         -47.699169924715534  -100.0891958452703   -175.71700794960805
1dma1eda2sa1tma     -48.501564417616464  -99.14153130722116   -169.84728119934266
3eda2sa             -49.13244952436071   -100.01115979033057  -170.6480304067213
1dma2eda2sa         -49.20686408539768   -101.0852631215239   -174.0010029718465
3dma2sa             -50.00731113436632   -100.22650306217838  -168.43599506174516
2dma2sa1tma         -50.02635713794734   -99.00665878233849   -164.28073669055541
2dma1eda2sa         -50.247932175174356  -101.24044675799087  -171.02973195567952
1am1dma3sa          -50.43247550167143   -98.82841018517502   -162.3207602987295
2ma3sa              -50.75477205100469   -99.99327203747816   -165.14673817212974
3am3sa              -51.17479129554704   -107.24979856540449  -188.07649595570484
1am3sa1tma          -51.35529812297318   -100.11782793697785  -163.55032638997687
1am1eda3sa          -52.64909102907404   -103.31608914560638  -169.93794437710713
2dma1malonic2sa     -52.80679668660741   -104.45641115831677  -173.2336557828349
1eda1ma3sa          -53.355933150975034  -103.44901573867537  -168.01302226051249
4am3sa              -54.70728920632973   -123.8204038226977   -231.80652227404778
3sa2tma             -54.91185788298026   -106.50616635096958  -173.04815853688936
2am1ma3sa           -55.24132258351892   -113.89413559157401  -196.7224987686267
1dma1ma3sa          -55.25985977216624   -105.02375717018731  -166.9089297263407
1ma3sa1tma          -56.080607701907866  -106.1204324052378   -167.83439444202213
2am3sa1tma          -57.265527433832176  -117.13175644280273  -200.79231598013774
1dma3sa1tma         -58.636422002571635  -108.25593825962278  -166.4246730060271
2dma3sa             -58.94490210595541   -108.66788766137324  -166.77171073519335
1eda3sa1tma         -59.14311203348916   -111.29337580196443  -174.91284175297915
3am1ma3sa           -59.17657629167661   -129.93278289446607  -237.31747980139883
2am1eda3sa          -59.587898787809536  -118.57194874738343  -197.83347294793649
2am1dma3sa          -60.00840752921067   -118.51359304902144  -196.22735374592105
2eda3sa             -60.10286256019026   -114.5537738034036   -182.62925119178865
3am1eda3sa          -60.994603500235826  -131.63519962131977  -236.92972034479868
3am3sa1tma          -61.272340914350934  -132.05602579234983  -237.4096423890498
1dma1eda3sa         -61.496340725105256  -113.35101619036868  -173.92143372405496
1am2ma3sa           -61.603868931531906  -120.62359450943768  -197.95312955965613
3am1dma3sa          -61.789287405088544  -131.27279643551446  -233.04883122704604
1am1ma3sa1tma       -62.316323015023954  -123.29795602496597  -204.53339932702733
2am2ma3sa           -64.06908118911088   -135.93548746709712  -241.0411077568666
1am1eda1ma3sa       -64.43337113107555   -124.82534527708776  -202.55567380547086
1am3sa2tma          -64.86180233815685   -125.74330567888683  -204.19756277117372
1am1dma1ma3sa       -65.10792802390642   -125.15819650911726  -201.4095874057124
2am3sa2tma          -65.3872719919309    -137.9038885793998   -243.22192382065185
2am1eda1ma3sa       -65.43991815974005   -135.98229591571726  -236.6002943333129
3dma1malonic2sa     -65.44162424455862   -130.0609419014072   -216.73425341774453
3ma3sa              -65.53327529574744   -126.3254815354012   -203.8980588280039
1am1eda3sa1tma      -65.71375827805605   -127.8514152536809   -208.41072270793
2am1ma3sa1tma       -66.19794110150542   -137.3990831260744   -238.8098005188091
3am4sa              -66.45408300682902   -137.20155518967658  -237.28818441231854
1am2eda3sa          -66.45675855828449   -128.7881445856765   -209.06049313032258
1am1dma3sa1tma      -66.94943391287234   -128.3003691881604   -205.77204519569696
2ma3sa1tma          -67.12157976755407   -129.737675362936    -210.01541370113026
3sa3tma             -67.40377056167927   -129.93026453105267  -209.71488837684763
2dma1malonic3sa     -67.84285093587823   -132.9111147664953   -218.2400262631927
2am1dma1ma3sa       -68.05526352324523   -140.00090057658963  -241.30684907884043
1am3ma3sa           -68.39760414604098   -138.75480552623048  -235.9792097265872
1am1dma1eda3sa      -69.01495740166865   -130.37446370907128  -205.80079257826714
1eda2ma3sa          -69.32694461150095   -130.5127859718632   -205.21831749087966
2am1eda3sa1tma      -69.3549231045181    -142.17731519645895  -244.24749988907467
1ma3sa2tma          -69.89016291778535   -132.12632237625076  -208.7411016551945
1am2dma3sa          -69.93363872775808   -130.9409171936568   -204.61941460977818
2am1dma3sa1tma      -70.18404004967306   -143.12331175847794  -244.63951604493954
3sa4tma             -70.33512757415883   -145.9602073553251   -253.64776046080462
1eda3sa2tma         -70.33605625270866   -134.07410208083456  -213.77845322151163
1dma2ma3sa          -70.55329496925697   -132.26854624552652  -206.99396705148266
1eda1ma3sa1tma      -70.60575608105864   -134.0801781047776   -212.89425464884104
2am2eda3sa          -70.78631513682194   -145.05825155810453  -249.10929539049243
1dma1ma3sa1tma      -70.83987073285971   -133.50555063711363  -210.18172028836136
1dma3sa2tma         -70.92078134533949   -133.69307768921135  -210.53931357963137
1am1ma3sa2tma       -70.9481349226553    -144.72334645077353  -247.4432719359348
1am3sa3tma          -71.11039420065936   -144.78439625387546  -247.10381369352694
2am1dma1eda3sa      -71.21642450871877   -144.66175149008632  -246.3368337456132
2eda1ma3sa          -71.33891033031978   -134.7664080131799   -212.73686963687487
2am4sa1tma          -71.35579506598879   -144.23073736621882  -244.4237541513161
1am2ma3sa1tma       -71.39064515091013   -143.76552180174622  -242.7465257429436
2am1ma4sa           -71.67679722653702   -143.49139564600773  -240.86734334663777
1am1dma2ma3sa       -71.94491149135865   -144.4623453284148   -243.2246648905448
2eda3sa1tma         -72.001747902832     -137.10566786394338  -218.35961751067677
2am2dma3sa          -72.57459694729187   -144.74785691243596  -242.07030006771592
1am1eda2ma3sa       -73.00011605303735   -147.17339192237705  -248.7783862786444
1dma1eda1ma3sa      -73.54763006139547   -135.99517083796673  -209.45007806945108
2dma3sa1tma         -73.56589456053916   -136.99062954608235  -212.72760350520147
1am1eda3sa2tma      -73.673147179652     -149.52524087572237  -254.4091688620125
2am1dma4sa          -73.92749890661798   -146.23913705348969  -242.53442276326678
2ma3sa2tma          -73.95002471888438   -148.58086002379423  -250.3130481475426
1dma1eda3sa1tma     -74.05306698137429   -138.61889832650195  -216.55485944943598
4ma3sa              -74.26883123535663   -148.53834025957622  -249.10115386275533
1am1eda1ma3sa1tma   -74.27821045054588   -148.50905729734222  -248.97148028258786
1dma2eda3sa         -74.45881778909825   -138.362314180471    -214.33337712972548
1am1dma3sa2tma      -74.50893606967293   -148.7150069977506   -248.88838144457674
1am2eda1ma3sa       -74.8369159437716    -149.20159584865905  -249.4203585619982
1ma3sa3tma          -74.90253039693926   -149.85747988091316  -251.40013242741355
2dma1ma3sa          -75.22700856183656   -137.33642327948473  -208.315997710383
1am1dma1eda1ma3sa   -75.52086953422986   -149.58184310863726  -248.4017225370324
1am1dma1eda3sa1tma  -75.785632664687     -151.51849399341154  -254.009261541803
1am3eda3sa          -75.79312035860494   -151.5590706539806   -254.1202424782907
1am1ma4sa1tma       -75.80155786022078   -150.89639877688023  -251.8693305935658
2dma1eda3sa         -75.89271309622563   -139.87429620418698  -214.59528126011588
1am2ma4sa           -75.95109834731556   -148.6302828937769   -243.76717942677595
1am2eda3sa1tma      -76.03486005857121   -151.2422530243348   -252.24683201515145
2am1eda4sa          -76.0789435042534    -149.7658734647557   -247.14717410752974
1am1dma1ma3sa1tma   -76.16877046728041   -149.3610948889691   -245.48825900238953
1dma3sa3tma         -76.18248532281723   -151.30277223524172  -251.95467688089533
3eda3sa             -76.56643783207983   -143.70938638132066  -225.1985529049323
1eda1ma3sa2tma      -76.71332594635896   -151.97896379436133  -252.4421863074044
1eda3ma3sa          -76.79981014993973   -151.43970780540258  -250.34344342087
3ma3sa1tma          -76.80560055735987   -151.4247250519402   -250.27376989342747
3dma3sa             -76.92268993053585   -140.2031148634851   -212.2435852168141
1am1dma2eda3sa      -77.09721238585189   -152.41473003732972  -252.61619202271362
1eda3sa3tma         -77.37809749448206   -153.63090726535302  -255.75317716228352
1am2dma1ma3sa       -77.75961916078813   -151.17874072142877  -246.2489403330822
1dma3ma3sa          -78.1238311000634    -152.09673471399583  -248.1063344414515
4am4sa              -78.2056312118657    -157.16427617683075  -264.82859287070096
2eda3sa2tma         -78.39389161905274   -155.89041025046026  -259.924597121271
1am1dma1ma4sa       -79.03569158748724   -152.3452097272966   -245.88132865725967
1am4sa2tma          -79.18830463383347   -154.4656886893208   -252.48158327970117
1am2dma1eda3sa      -79.22621859051287   -154.02788400813006  -250.8860151508534
2eda1ma3sa1tma      -79.49455333396327   -156.61769041905063  -258.6722692782911
1dma1ma3sa2tma      -79.56024788250215   -154.38028095959453  -250.947620583462
1eda2ma3sa1tma      -80.00807842088398   -154.99407187264296  -251.50425440451383
1am2dma3sa1tma      -80.0285243842518    -153.5741674026649   -246.673295382077
3eda3sa1tma         -80.20555933762807   -159.9865856503311   -267.58687342757844
2eda2ma3sa          -80.2363933576271    -156.05998784466647  -254.31358204570466
1am3dma3sa          -80.25371172232553   -154.6127104908228   -249.4013039366524
1dma1eda2ma3sa      -80.31385794095695   -155.6144699268043   -252.55949014225064
3eda1ma3sa          -80.44956220104359   -157.7411157276947   -259.2371407892436
1dma2ma3sa1tma      -80.45362455828581   -155.43205939393374  -251.47890268559038
3am1ma4sa           -80.48757796501741   -162.5345404110849   -275.1868604572777
1dma1eda1ma3sa1tma  -80.7051496146014    -157.77577716155793  -258.4961514220329
4eda3sa             -80.78022477892227   -159.02948672231287  -262.44931056091036
1am1dma4sa1tma      -80.79403629282024   -153.79158807729254  -244.83498837524687
2dma3sa2tma         -81.07409813674167   -156.3549557690858   -252.49323371539614
1am1eda1ma4sa       -81.71691764541902   -156.712461655261    -251.53628713316013
1dma1eda3sa2tma     -81.88669612701051   -160.02470899367472  -262.07617932600465
1dma2eda1ma3sa      -81.97328004008159   -158.6579627529718   -257.20168610759276
1dma2eda3sa1tma     -82.03617364296224   -159.15686241394724  -258.66405759025656
2dma2ma3sa          -82.25709516066127   -157.50261703319848  -252.3747169958399
1am2dma4sa          -82.32235893118195   -155.97173779574223  -247.0212271142389
2dma1ma3sa1tma      -82.91813956701662   -158.18303975785966  -252.43971219471828
3ma4sa              -83.00455015711486   -157.11392950173467  -248.56407628429727
3am1eda4sa          -83.11008053109981   -166.3983788706828   -279.35032144634954
2ma4sa1tma          -83.2484355600318    -158.39265579960193  -252.0349496540347
2dma1eda3sa1tma     -83.96692279994022   -162.04225324487197  -261.86594145429126
4sa3tma             -84.00989607779775   -161.22319954109844  -258.974688791379
2dma1eda1ma3sa      -84.31795018073171   -159.7653422129806   -253.05179282871765
1dma2ma4sa          -84.37462437176146   -158.75281148171052  -249.46566194886015
3am4sa1tma          -84.80479847977404   -167.3630728320859   -276.90180899367886
1dma3eda3sa         -84.9021275578998    -164.2802249842789   -266.23544331839753
1ma4sa2tma          -84.9399672569707    -161.49392214015825  -256.76322281651386
1am1eda4sa1tma      -84.96474648534786   -162.55696852967958  -260.2455879363506
3dma1ma3sa          -85.10158951184712   -160.2943745253142   -252.19783670425076
3dma3sa1tma         -85.32448701665271   -161.13349676664802  -254.26466459989422
1dma4sa2tma         -85.40367479412816   -162.9384592109709   -260.05294119267495
3dma1eda3sa         -85.69834307814017   -162.52017408562824  -257.661683739949
1am2eda4sa          -86.22702866070904   -162.27911683451384  -255.07995362732822
1eda2ma4sa          -86.31974855670705   -162.51315312064253  -255.5539311201597
1am1dma1eda4sa      -86.42484645894729   -161.38263260875829  -251.40964665334906
4dma3sa             -86.68833899591118   -161.91218619886786  -252.3020197993465
2am2ma4sa           -86.9128985721618    -170.2414488531649   -279.4853271203347
1dma1eda1ma4sa      -87.00881982408464   -163.76043104892597  -257.42616543463316
2am1dma1ma4sa       -87.12526500644162   -170.6143718585372   -280.02383649640774
1eda1ma4sa1tma      -87.33976823475678   -164.3479620278522   -258.28674758446755
2dma2eda3sa         -87.34551954944618   -166.06253971764818  -264.01817933173334
1dma1ma4sa1tma      -87.49397519079503   -162.5921350682329   -251.88046244276632
3am1dma4sa          -87.57230606488883   -170.19188823061995  -277.10743640836284
2dma1ma4sa          -87.80777830141596   -162.82930766162463  -251.62344242894162
2am1eda1ma4sa       -88.21218949975446   -173.50061221187934  -286.0587714627938
3dma4sa             -88.58320498163812   -165.44136943877675  -257.78354672738794
2eda4sa1tma         -89.54665325128008   -168.60477489532786  -265.1622392888436
1dma1eda4sa1tma     -89.95047820999753   -169.2838104145776   -266.0853000318272
2am1eda4sa1tma      -89.96799221949186   -177.55581300353515  -293.77099038578933
2am4sa2tma          -90.3529369623866    -175.02934137982083  -284.0060520440786
2am1ma4sa1tma       -90.69407955615316   -175.92926959876786  -285.8802282137749
2dma4sa1tma         -90.8966552343918    -168.23602424768615  -259.3975147173811
1am3ma4sa           -91.00044509605505   -175.863166480558    -284.6309622158609
2eda1ma4sa          -91.08412819122896   -169.19207634427585  -261.9753417836264
2am2eda4sa          -91.09086921741255   -178.43568331282586  -292.9559419575222
2am1dma1eda4sa      -91.82677596574649   -178.78674493986182  -291.665165096822
2am1dma4sa1tma      -92.22101799293887   -176.63085299517843  -283.1119738448667
1am1ma4sa2tma       -92.3148047127761    -180.00635738665005  -294.11890884885713
1eda4sa2tma         -93.2602576946374    -173.0826455684728   -267.7256007827034
2am2dma4sa          -93.52396541880444   -178.9898763075471   -286.65406972752544
1dma2eda4sa         -93.62066400935873   -174.35314207035117  -270.7780582288952
1am1eda2ma4sa       -93.6992237791419    -179.64012466766872  -288.2471939908596
1am1dma2ma4sa       -94.52200524392538   -179.32669708598405  -284.43633017448076
1am1eda1ma4sa1tma   -95.36252195120323   -181.63840800893377  -289.37073975249183
1am2eda4sa1tma      -96.41040203592274   -188.68141116967308  -309.4784810767421
2dma1eda4sa         -96.48854518216103   -175.38817305257544  -264.63064856640176
1am1dma4sa2tma      -96.6217874684371    -184.2457895206171   -293.8923429534104
4ma4sa              -96.72433744883165   -182.68169141793624  -288.3023778935959
1am2dma1ma4sa       -96.74972268054262   -183.66322319582105  -291.5093091209347
1am2eda1ma4sa       -96.82000963622704   -185.65974513394758  -297.96993290963917
1am1eda4sa2tma      -97.07056410051882   -186.4649277042481   -299.8301646917939
1am1dma1eda4sa1tma  -97.07413799397182   -186.03669948523748  -298.38189331408773
3eda4sa             -97.17887225328013   -179.4096896436531   -275.8035129646063
1am2ma4sa1tma       -97.20960672933143   -183.93144303534064  -290.8664642154638
1am4sa3tma          -97.317088442971     -185.24375949020032  -294.90749973923664
1am1dma1eda1ma4sa   -97.39556362549774   -186.08320751879364  -297.45981516850713
1am2dma4sa1tma      -98.3598124141572    -184.39803267663228  -288.5736047716112
1am1dma1ma4sa1tma   -98.50327614566777   -183.71627012753743  -285.8057822625728
1am3eda4sa          -98.63009990053251   -194.0381847114768   -320.0002844579712
1eda3ma4sa          -99.06539609562606   -188.07527909008786  -298.54061041045685
1am1dma2eda4sa      -99.25384330679663   -191.49437079997733  -309.37624515418815
2eda2ma4sa          -99.68639350822195   -192.69513625488617  -311.952851741968
1am3dma4sa          -99.79088090523146   -187.00325978174806  -292.5117520593453
1am2dma1eda4sa      -99.89975189836696   -189.8102985881269   -301.56145124638886
1dma3ma4sa          -100.045805048896    -187.41631058068015  -293.0421114584768
4sa4tma             -100.18622722197324  -189.56109777803067  -299.76478469260786
1dma1ma4sa2tma      -100.67550088977441  -189.24328591529047  -297.0578065559158
2ma4sa2tma          -100.84492066083476  -188.04150931391632  -292.4587913883922
1eda4sa3tma         -101.71615121734794  -191.23297049163375  -300.2408830233034
1ma4sa3tma          -101.86322429555003  -191.2095394450007   -299.66900938713127
1dma4sa3tma         -102.17192915256601  -192.51615682488773  -303.0160243922563
1dma1eda2ma4sa      -102.23696652590297  -190.41571456450038  -295.75297011083677
2dma2ma4sa          -102.6271211586427   -191.20922892168164  -297.10584525701705
3ma4sa1tma          -102.95493936480489  -190.26813484259765  -292.84989259385134
1eda1ma4sa2tma      -103.44213675241917  -193.4759652208886   -301.9749403569332
1dma2ma4sa1tma      -103.54383889224846  -191.95252874071593  -296.5241987203358
2dma1ma4sa1tma      -103.62061441305559  -192.7703791607346   -299.00977611106134
1dma1eda4sa2tma     -103.6337683943566   -194.51720145967556  -304.8245281400543
1eda2ma4sa1tma      -103.79185240215156  -194.26302161064814  -303.44178838810853
2eda1ma4sa1tma      -104.47026122768875  -199.02804531363654  -317.14836185138176
2dma4sa2tma         -104.55966464383528  -193.91110559127992  -299.6862013979185
2dma1eda1ma4sa      -104.63922844082117  -195.20012877346016  -303.7427480521497
3eda4sa1tma         -105.05316792998929  -199.31636004938628  -316.160295555389
1dma1eda1ma4sa1tma  -105.08310692885425  -196.02129123124178  -305.0081646876872
3dma4sa1tma         -105.08594090992119  -194.2567710778385   -299.0804298762086
2eda4sa2tma         -105.23122126492672  -200.49954930966487  -319.53153796637145
1dma2eda1ma4sa      -105.95123191480525  -199.54976134723984  -313.9310059763166
3dma1ma4sa          -106.28434751345776  -195.52873347955756  -299.3271372321927
3eda1ma4sa          -106.7960963610094   -200.62669222499244  -314.70936060114707
4dma4sa             -107.6623192303814   -196.8843958263751   -299.2523112367559
3dma1eda4sa         -107.77350301365368  -199.9671366326511   -309.2189623282858
1dma2eda4sa1tma     -108.35855441738386  -200.39363207362476  -308.6871630257418
2dma1eda4sa1tma     -108.39900228509214  -200.18200574626098  -307.8417020330478
4eda4sa             -108.80618557124399  -203.8776025341358   -318.8710949605059
1dma3eda4sa         -110.45703563513234  -202.80527164950036  -309.7375013044476
2dma2eda4sa         -110.51854076539166  -204.0202720060479   -313.60634325083913
