1am                 0.0                  0.0                  0.0
1ma                 0.0                  0.0                  0.0
1sa                 0.0                  0.0                  0.0
1dma                0.0                  0.0                  0.0
1eda                0.0                  0.0                  0.0
1tma                0.0                  0.0                  0.0
2sa                 -5.72506346181035    -17.12483701016754   -38.23502783256444
2ma                 4.976623207578086    -2.7209116273297695  -25.817658342903073
2am                 3.673806263366714    -1.9733443176664878  -18.940635857864493
2tma                6.097684306965675    -3.3146631283452734  -31.569167986903935
2eda                4.6640868427057285   -7.058722557179863   -39.318495387720986
2dma                5.4795835315890145   -4.177286905265646   -32.38930215286108
1ma1sa              -7.59734124771785    -17.810355275461916  -34.25461689633736
1am1sa              -6.118431025475729   -14.88140345463762   -29.39115354390232
1am1ma              4.557959769481386    -2.459805522179522   -23.537700123072376
1sa1tma             -12.83983325852023   -23.25547244680638   -34.93422501508489
1am1tma             4.129235924294335    -3.188118555015535   -24.542527181928563
1ma1tma             5.195824171998538    -3.694472570598009   -29.818201383641316
1am1dma             4.258762649304117    -2.1629762851953274  -21.538617925571188
1eda1sa             -11.059027890732978  -22.94238750205841   -39.856983435346876
1eda1ma             5.444383829453727    -4.745103133573139   -34.17570673506838
1dma1ma             5.792406071384903    -2.7397124271301436  -28.6168656666322
1dma1sa             -11.39929089625366   -21.72272123018047   -34.624955002023356
1am1eda             4.909320214748732    -4.046715486605535   -30.038690931849075
1dma1eda            5.259292930597439    -5.343367293389747   -35.56149664257465
1eda1tma            5.427792256203247    -4.590221021469915   -33.600581175882226
1dma1tma            4.491567420394858    -4.325244929234032   -29.57173352209408
1am2sa              -19.341239840723574  -41.901869887602516  -75.66872395355466
1ma2sa              -24.879839158500545  -48.82518590497784   -80.31308652188815
2ma1sa              -11.059859452594537  -32.71732215367956   -72.63948583293141
2am1sa              -9.454887308413163   -27.76770061312709   -61.421476789075484
2sa1tma             -27.941497492880444  -51.7994584323169    -80.01999308807991
2eda1sa             -17.029190671804827  -41.67135346465511   -82.65021899267474
2dma1sa             -14.993654362449888  -37.14131854096195   -74.28362964442022
1sa2tma             -16.027570546750212  -38.07934319469496   -73.96200787520853
1dma2sa             -29.282055981457233  -53.29897422424983   -80.55313849667039
1eda2sa             -28.562939829775132  -52.91496629314497   -81.67709697561033
1am1ma1sa           -10.442736266471911  -30.838111443677917  -68.40642353535839
1am1sa1tma          -13.492408256264753  -33.844519605641835  -68.26131594568731
1eda1ma1sa          -14.089988588530105  -37.799960885895416  -79.52363675146574
1am1dma1sa          -13.794297001790255  -34.11486849858193   -68.15553076195177
1dma1ma1sa          -14.715216581593268  -36.497438450111076  -73.05793013041102
1ma1sa1tma          -13.881306266048341  -36.071272919667535  -74.42551284053718
1am1eda1sa          -13.226452078961302  -34.36574107466731   -70.90152270904785
1eda1sa1tma         -15.675574276116095  -38.85140581919404   -77.73211988140442
1dma1eda1sa         -17.829475017089862  -41.597805758123286  -79.71937192987035
1dma1sa1tma         -14.611579382893979  -36.472925481168204  -73.32331409788719
2am2sa              -27.01351299067028   -58.83760534937028   -106.73852878972322
2ma2sa              -36.1479544484755    -71.82290392997675   -119.65436686664968
2dma2sa             -45.000820407643914  -81.18310099409427   -121.35596373034383
2sa2tma             -41.3592905071273    -77.94358234343235   -122.70431606937757
2eda2sa             -42.20048852695618   -79.86153770703822   -126.31577789611703
1am1ma2sa           -31.199024437344633  -65.35426993225701   -114.55725472025489
1eda1ma2sa          -39.820064514526166  -76.71093855320942   -123.73259781452722
1am2sa1tma          -33.52080336834479   -67.3833978074399    -113.57569826891522
1dma1ma2sa          -40.51334096316714   -76.18123370432295   -119.63069844398728
1ma2sa1tma          -38.66867820073094   -75.20823993250087   -122.55429056462786
1am1eda2sa          -34.49781714996789   -69.67401542887092   -117.98154713612156
1am1dma2sa          -35.69101752026472   -70.13895984541159   -115.53896469990943
1dma1eda2sa         -44.35435131704435   -81.33307619439438   -124.02725097107974
1eda2sa1tma         -41.84023213146429   -79.38098750701465   -125.91231049955036
1dma2sa1tma         -43.05857411753095   -78.55426948757668   -119.05314563143138
3ma2sa              -39.16933722526301   -88.44761944119819   -165.28016842506682
3am2sa              -29.933186460868455  -72.7603189718211    -143.6429062910025
2ma3sa              -50.759786675916985  -99.99559596623294   -165.13771353327468
2am3sa              -39.384978495538235  -85.85100314579904   -155.84781033188116
2dma3sa             -58.95187603891827   -108.67397377220914  -166.7687329661278
3dma2sa             -50.013593179755844  -100.2336956213694   -168.43904894052605
2sa3tma             -41.920536228921264  -89.75482273544185   -160.43698308407895
3eda2sa             -49.13437316392083   -100.01306939369533  -170.64798332973075
2eda3sa             -60.10693088918924   -114.5563379439991   -182.62420611887546
3sa2tma             -54.93247831737972   -106.5264941676578   -173.04717709216027
1am2ma2sa           -39.313530366984196  -84.77840488392394   -152.48993632982337
1am1ma3sa           -45.76140258717351   -93.18257075943984   -159.05137740115595
2am1ma2sa           -34.95863515790552   -79.54362354357727   -149.5387837850285
2ma2sa1tma          -42.44156342621136   -91.50883441774931   -164.57243330997738
1ma3sa1tma          -56.09342523156374   -106.1317582779593   -167.82939140023007
1ma2sa2tma          -42.625394143367885  -91.21078845861484   -162.9562110176216
1eda2ma2sa          -42.286860752035864  -92.79062897409312   -169.39046862971952
2am2sa1tma          -37.22572722208861   -82.58123178682581   -152.12310771390548
1dma1ma3sa          -55.265854051103815  -105.02796219009906  -166.90292852238036
2eda1ma2sa          -46.783322641276754  -98.18229632952716   -172.39300247506387
1am1dma3sa          -50.43846978060901   -98.83261520508677   -162.31475909476922
2am1eda2sa          -37.172922682599165  -83.90888872055802   -156.75319818140173
1dma2ma2sa          -43.0457308718469    -92.68093177734409   -166.47727957620918
2dma1ma2sa          -46.67541287955828   -96.52361521625426   -167.19168987578612
1eda1ma3sa          -53.36047462793067   -103.45145977311768  -168.00598740462837
2am1dma2sa          -39.09268532064743   -84.22249883762561   -151.36613622965214
1am1eda3sa          -52.65363250602968   -103.31853318004869  -169.930909521223
1am2sa2tma          -38.77395862547564   -85.53642914586817   -156.84209465158213
1am2dma2sa          -47.05222183628939   -93.20787209132686   -154.8068095075936
1am3sa1tma          -51.36811565262906   -100.12915380969935  -163.5453233481848
1am2eda2sa          -43.04772252391558   -91.12244170974009   -161.24339824127858
2eda2sa1tma         -47.70936961697589   -100.09998728679784  -175.71899268670956
1dma2eda2sa         -49.21024052693974   -101.08893371024169  -174.00198954677975
2dma2sa1tma         -50.03946243393875   -99.02097219433927   -164.28478873150453
1dma1eda3sa         -61.50186185608618   -113.35534131596796  -173.91742230306562
2dma1eda2sa         -50.252761418465525  -101.24587833194528  -171.0317521825366
1eda2sa2tma         -45.219027430255665  -95.10213624083553   -167.30876676329922
1eda3sa1tma         -59.15545641518838   -111.30482178037346  -174.909828494158
1dma3sa1tma         -58.6502191862528    -108.26914522350125  -166.4226933991298
1dma2sa2tma         -46.12152877796325   -95.56807962807943   -165.84454418922815
1am1dma1ma2sa       -44.368208626285195  -89.97345990641043   -152.96076230139954
1am1ma2sa1tma       -41.46253260334197   -88.14572547790885   -156.5761961243382
1am1eda1ma2sa       -40.92675364681054   -88.61021404957864   -159.93110985215287
1dma1ma2sa1tma      -46.15800782763108   -95.59462286434427   -165.81121930765158
1eda1ma2sa1tma      -45.37897867585707   -95.25959621959191   -167.30041101420608
1am1dma2sa1tma      -43.37545715975284   -90.1856685817038    -157.00221841992743
1am1eda2sa1tma      -42.30236340097326   -90.00348667912476   -159.99035142658323
1am1dma1eda2sa      -43.846055457834154  -91.436130217975     -159.6178928732324
1dma1eda1ma2sa      -46.35294060932938   -96.62364313111175   -168.60876243947249
1dma1eda2sa1tma     -48.51321691174235   -99.15408373410173   -169.850299588368
3am3sa              -51.17980592045933   -107.25212249415927  -188.06747131684978
3ma3sa              -65.53828992065974   -126.32780546415597  -203.88903418914884
3dma3sa             -76.930643517524     -140.21108206547797  -212.2436308826433
3sa3tma             -67.43219390080776   -129.95959429175127  -209.71792852918153
3eda3sa             -76.57003301335499   -143.71207062760368  -225.19549761499007
2am1ma3sa           -55.246337208431214  -113.89645952032879  -196.71347412977164
1am2ma3sa           -61.6088835564442    -120.62591843819246  -197.94410492080107
2am1dma3sa          -60.01440180814825   -118.51779806893319  -196.22135254196073
1am3sa2tma          -64.88242277255631   -125.76363349557505  -204.19658132644463
1am2dma3sa          -69.94061266072094   -130.94700330449268  -204.61643684071262
1ma3sa2tma          -69.91078335218481   -132.14665019293898  -208.74012021046542
2am3sa1tma          -57.27834496348805   -117.14308231552423  -200.78731293834568
2am1eda3sa          -59.59244026476517   -118.57439278182574  -197.82643809205234
2eda1ma3sa          -71.34297865931876   -134.7689721537754   -212.73182456396168
1am2eda3sa          -66.46082688728347   -128.790708726272    -209.0554480574094
2dma1ma3sa          -75.23398249479942   -137.34250939032063  -208.31301994131744
1eda2ma3sa          -69.33148608845659   -130.5152300063055   -205.21128263499554
1dma2ma3sa          -70.63015005155466   -132.33823642251082  -206.96993584002092
2ma3sa1tma          -67.13439729720994   -129.7490012356575   -210.01041065933816
1eda3sa2tma         -70.35620353915147   -134.09455000321032  -213.77946155975346
2eda3sa1tma         -72.01361913657456   -137.1172339485056   -218.35859403482658
2dma1eda3sa         -75.89921388123184   -139.8805024207104   -214.59429327402125
2dma3sa1tma         -73.58067139824561   -137.00571760088496  -212.72864733319892
1dma2eda3sa         -74.46386577212252   -138.36675941222347  -214.33135549170706
1dma3sa2tma         -70.94238143376424   -133.71528659705655  -210.54135556979702
1am1eda1ma3sa       -64.43791260803118   -124.82778931153007  -202.54863894958675
1am1ma3sa1tma       -62.32914054467983   -123.30928189768747  -204.52839628523526
1am1dma1ma3sa       -65.49872000073083   -125.60209449916147  -201.5877058461539
1eda1ma3sa1tma      -70.61810046275787   -134.09162408318662  -212.8912413900199
1am1eda3sa1tma      -65.72610265975527   -127.86286123208993  -208.40770944910884
1am1dma1eda3sa      -69.02047853264958   -130.37878883467056  -205.7967811572778
1dma1ma3sa1tma      -70.85366791654087   -133.5187576009921   -210.17974068146407
1am1dma3sa1tma      -66.9632310965535    -128.31357615203888  -205.77006558879964
1dma1eda1ma3sa      -73.55315119237639   -135.999495963566    -209.44606664846174
1dma1eda3sa1tma     -74.0663910170988    -138.63222539606795  -216.55486962550958
4am3sa              -54.712303831242025  -123.82272775145248  -231.7974976351927
3am4sa              -66.46076917345636   -137.20465376134962  -237.2761515605118
3ma4sa              -83.0112363237422    -157.1170280734077   -248.55204343249054
4ma3sa              -74.27384586026892   -148.540664188331    -249.09212922390026
4sa3tma             -84.03999095864128   -161.2533039447153   -258.9747207307612
4eda3sa             -80.78334681224078   -159.03229107451625  -262.4482450539391
4dma3sa             -86.69727223669179   -161.9220344920177   -252.30508890007047
3eda4sa             -97.1841389760375    -179.4131485328544   -275.7974494617124
3sa4tma             -70.37135381804546   -145.99853905994678  -253.6548222102015
3dma4sa             -88.59283011034131   -165.45011128368787  -257.78058418026546
3am1ma3sa           -59.1815909165889    -129.93510682322085  -237.30845516254377
2am2ma3sa           -64.07409581402317   -135.9378113958519   -241.03208311801154
1am3ma3sa           -68.40261877095327   -138.75712945498526  -235.97018508773212
1am2ma4sa           -75.9577845139429    -148.63338146544993  -243.75514657496922
2am1ma4sa           -71.68348339316435   -143.49449421768077  -240.85531049483103
2am1dma4sa          -73.9351647272706    -146.2441167163197   -242.5254133463548
2eda2ma3sa          -80.24046168662608   -156.06255198526196  -254.30853697279144
3ma3sa1tma          -76.81841808701574   -151.43605092466169  -250.2687668516354
2am2dma3sa          -72.58157088025473   -144.75394302327186  -242.06732229865037
2am2eda3sa          -70.79038346582092   -145.06081569870003  -249.10425031757924
3eda1ma3sa          -81.29654819681309   -158.37437051394954  -258.52028279921217
2am3sa2tma          -65.40789242633036   -137.924216396088    -243.22094237592276
2am4sa1tma          -71.3702841373597    -144.24283788185858  -244.41574289657234
2ma4sa1tma          -83.26292463140271   -158.40475631524168  -252.02693839929094
3am1dma3sa          -61.823638221016154  -132.73383140238002  -237.83395331517548
2dma1ma4sa          -87.81642377609387   -162.83616841537878  -251.6174564469244
3dma1ma3sa          -85.10954309883527   -160.3023417275399   -252.19788237007995
2dma2ma3sa          -82.26406909362413   -157.50870314403437  -252.3717392267743
3am1eda3sa          -60.99914497719146   -131.63764365576208  -236.92268548891457
3am3sa1tma          -61.28515844400681   -132.06735166507133  -237.40463934725773
2eda1ma4sa          -91.08986806194298   -169.1954151277896   -261.9672884977615
2am1eda4sa          -76.86361600528471   -152.463233247865    -253.56235868694694
2ma3sa2tma          -73.97064515328384   -148.60118784048245  -250.31206670281347
1ma3sa3tma          -74.93095373606775   -149.88680964161176  -251.40317257974746
1dma2ma4sa          -84.38229019241408   -158.75779114454053  -249.45665253194818
1am3dma3sa          -80.26166530931368   -154.62067769281566  -249.4013496024816
1eda2ma4sa          -86.32596157537773   -162.5163717980031   -255.54388805132385
1am2dma4sa          -82.33100440585986   -155.97859854949638  -247.0152411322217
1am4sa2tma          -79.21059660994797   -154.4867911489273   -252.4775936220204
1am3sa3tma          -71.13881753978785   -144.81372601457406  -247.10685384586085
1am3eda3sa          -75.79671553964727   -151.56175490026362  -254.11718718834845
1eda3ma3sa          -76.80435162689537   -151.44215183984488  -250.33640856498585
1am2eda4sa          -86.23276853142306   -162.2824556180276   -255.07190034146336
1dma3ma3sa          -78.12982537900098   -152.10093973390758  -248.10033323749118
1ma4sa2tma          -84.9622592330852    -161.51502459976473  -256.7592331588331
1dma2eda4sa         -93.62738353409804   -174.3583619450219   -270.77302837792513
3dma3sa1tma         -85.34024350838445   -161.15046591260761  -254.2687318627864
3dma1eda3sa         -85.70582351717167   -162.52826139354147  -257.6637191887491
2dma2eda3sa         -87.35154718649574   -166.0688660403248   -264.0191811286096
3eda3sa1tma         -80.21695742341399   -159.99827184058086  -267.58783973469923
2dma1eda4sa         -96.49671750888228   -175.39515391201712  -264.62665236735546
1dma3sa3tma         -76.21188831597101   -151.3339830870973   -251.96074046812402
1dma4sa2tma         -85.42694642426795   -162.96144276173436  -260.05197496988893
1dma3eda3sa         -84.90670239296742   -164.2847903217189   -266.23541146335003
2dma3sa2tma         -81.0966778791917    -156.37904576785513  -252.49829914045657
1eda3sa3tma         -77.4060476856539    -153.66035713173915  -255.75820709758835
2eda3sa2tma         -78.41356575753889   -155.9109782789892   -259.9275952424838
2eda4sa1tma         -89.56019602673769   -168.61711562280834  -265.1582076000417
1eda4sa2tma         -93.28207652279525   -173.1038681337668   -267.7236009079936
2dma4sa1tma         -90.91310361381329   -168.25188694540702  -259.3955503324269
1am2ma3sa1tma       -71.40346268056601   -143.77684767446772  -242.7415227011515
1am1dma2ma3sa       -71.95090577029623   -144.46655034832656  -243.21866368658448
1am1dma1ma4sa       -79.04335740813985   -152.35018939012662  -245.87231924034768
2am1dma1ma3sa       -68.06125780218281   -140.00510559650138  -241.3008478748801
1am2eda1ma3sa       -74.84098427277058   -149.20415998925455  -249.415313489085
1am1eda2ma3sa       -73.00465752999298   -147.17583595681936  -248.7713514227603
1am1eda1ma4sa       -81.7231306640897    -156.71568033262156  -251.52624406432435
1am1ma3sa2tma       -70.96875535705476   -144.74367426746176  -247.4422904912057
2am1ma3sa1tma       -66.2107586311613    -137.4104089987959   -238.80479747701702
2am1eda1ma3sa       -65.44445963669568   -135.98473995015956  -236.59325947742877
1am1ma4sa1tma       -75.8160469315917    -150.90849929252     -251.86131933882206
1am2dma1ma3sa       -77.766593093751     -151.18482683226466  -246.24596256401665
1dma1eda2ma3sa      -80.31937907193787   -155.61879505240358  -252.55547872126127
1dma2eda1ma3sa      -81.97832802310586   -158.66240798472427  -257.1996644695743
2dma1ma3sa1tma      -82.93291640472307   -158.19812781266228  -252.44075602271573
1dma1eda1ma4sa      -87.0160124967806    -163.7655308174435   -257.41914580069215
1dma1ma4sa1tma      -87.50944391619123   -162.60611667502963  -251.8754746229173
2eda1ma3sa1tma      -79.50642456770584   -156.62925650361285  -258.67124580244086
1am1dma1eda4sa      -86.43203913164325   -161.38773237727582  -251.402627019408
1dma2ma3sa1tma      -80.46742174196697   -155.44526635781222  -251.47692307869306
1dma1ma3sa2tma      -79.5818479709269    -154.40248986743973  -250.94966257362765
2dma1eda1ma3sa      -84.32445096573792   -159.77154842950404  -253.05080484262305
1am1dma2eda3sa      -77.10226036887616   -152.4191752690822   -252.61417038469517
1am2eda3sa1tma      -76.04673129231378   -151.253819108897    -252.24580853930127
1am1dma4sa1tma      -80.80950501821644   -153.80556968408928  -244.83000055539787
1am1dma3sa2tma      -74.53053615809768   -148.7372159055958   -248.89042343474242
1eda1ma3sa2tma      -76.73347323280177   -151.9994117167371   -252.44319464564626
1eda1ma4sa1tma      -87.35378415817104   -164.36018264917948  -258.2807261126947
1am2dma3sa1tma      -80.04330122195825   -153.58925545746752  -246.67433921007444
1am1eda3sa2tma      -73.69329446609481   -149.54568879809813  -254.41017720025434
2am1dma1eda3sa      -71.2219456396997    -144.6660766156856   -246.3328223246238
1eda2ma3sa1tma      -80.0204228025832    -155.005517851052    -251.5012411456927
1am2dma1eda3sa      -79.23271937551908   -154.03409022465348  -250.8850271647588
1am1eda4sa1tma      -84.97876240876212   -162.56918915100687  -260.23956646457776
2am1eda3sa1tma      -69.36726748621732   -142.18876117486798  -244.2444866302535
2am1dma3sa1tma      -70.19783723335422   -143.1365187223564   -244.63753643804222
1dma1eda3sa2tma     -81.9078230674786    -160.04703800720745  -262.08021109914125
1dma2eda3sa1tma     -82.0490245307301    -159.17030958966643  -258.6660575493011
2dma1eda3sa1tma     -83.98122648969002   -162.05746140536212  -261.86897506525963
1dma1eda4sa1tma     -89.96547378743708   -169.29791212706186  -266.08230199494915
1am1dma1ma3sa1tma   -76.18256765096157   -149.37430185284757  -245.4862793954922
1am1dma1eda1ma3sa   -75.52639066521078   -149.58616823423654  -248.39771111604304
1am1eda1ma3sa1tma   -74.2905548322451    -148.52050327575125  -248.96846702376672
1am1dma1eda3sa1tma  -75.79895670041151   -151.53182106297754  -254.00927171787657
1dma1eda1ma3sa1tma  -80.7184736503259    -157.78910423112393  -258.4961615981065
4ma4sa              -96.73102361545898   -182.68478998960927  -288.2903450417892
4am4sa              -78.21231737849303   -157.1673747485038   -264.81656001889417
4dma4sa             -108.40242582373321  -197.53628472494893  -298.95642764053076
4eda4sa             -108.81097914627753  -203.88118152925745  -318.8670212405829
4sa4tma             -100.22412500757491  -189.6002041255706   -299.7688382290531
1am3ma4sa           -91.00713126268238   -175.86626505223103  -284.6189293640541
3am1ma4sa           -80.49426413164474   -162.53763898275793  -275.17482760547097
2am2ma4sa           -86.91958473878913   -170.24454742483795  -279.473294268528
3am1dma4sa          -87.57997188554145   -170.19686789344996  -277.0984269914509
3am1eda4sa          -83.11629354977049   -166.40159754804336  -279.34027837751376
1am3dma4sa          -99.80050603393465   -187.01200162689202  -292.50878951222285
3am4sa1tma          -86.11076639643579   -170.3557877055864   -282.55918600969517
2am4sa2tma          -90.3752289385011    -175.05044383942732  -284.0020623863978
2eda2ma4sa          -99.69213337893598   -192.69847503839992  -311.9447984561032
3dma1ma4sa          -106.29397264216095  -195.5374753244687   -299.3241746850702
2am2eda4sa          -91.09660908812657   -178.4390220963396   -292.9478886716574
3eda1ma4sa          -106.80136308376677  -200.63015111419372  -314.70329709825313
2am2dma4sa          -93.53261089348234   -178.99673706130125  -286.64808374550825
1eda3ma4sa          -99.07160911429673   -188.07849776744843  -298.53056734162107
3ma4sa1tma          -102.9694284361758   -190.2802353582374   -292.84188133910754
1am3eda4sa          -98.63536662328988   -194.04164360067807  -319.99422095507725
1dma3ma4sa          -100.05347086954862  -187.42129024351016  -293.0331020415648
1ma4sa3tma          -101.89331917639356  -191.23964384861756  -299.6690413265135
2ma4sa2tma          -100.86721263694926  -188.0626117735228   -292.45480173071144
1am4sa3tma          -97.34718332381453   -185.27386389381718  -294.90753167861885
2dma2ma4sa          -102.6357666333206   -191.2160896754358   -297.0998592749998
3dma1eda4sa         -107.78265499440022  -199.97599858324975  -309.21798956413426
1eda4sa3tma         -101.74577295023482  -191.26319500093814  -300.2429047456566
3eda4sa1tma         -105.06623755749024  -199.32882088255428  -316.1582536495581
2eda4sa2tma         -105.25256694512791  -200.52089198111207  -319.53152787463256
2dma4sa2tma         -104.58391592800035  -193.93597023296752  -299.6882586100273
1dma4sa3tma         -102.20300368743483  -192.54814231966157  -303.0190797665333
3dma4sa1tma         -105.10336894336797  -194.27451486671634  -299.0814889261491
1dma3eda4sa         -110.463282011915    -202.81061162962578  -309.73446123644845
2dma2eda4sa         -110.52623994415626  -204.02737297164276  -313.6043368347638
2am1ma4sa1tma       -90.70856862752407   -175.94137011440762  -285.8722169590311
1am2ma4sa1tma       -97.22409580070234   -183.9435435509804   -290.85845296072006
2am1dma1ma4sa       -87.13293082709424   -170.6193515213672   -280.0148270794958
1am1eda2ma4sa       -93.70543679781258   -179.64334334502928  -288.23715092202383
1am2dma1ma4sa       -96.75836815522052   -183.6700839495752   -291.5033231389175
1am2eda1ma4sa       -96.82574950694107   -185.66308391746134  -297.96187962377434
1am1ma4sa2tma       -92.3370966888906    -180.02745984625653  -294.11491919117634
1am1dma2ma4sa       -94.529671064578     -179.33167674881406  -284.4273207575688
2am1eda1ma4sa       -88.21840251842514   -173.5038308892399   -286.048728393958
2am1dma4sa1tma      -92.23648671833507   -176.64483460197516  -283.1069860250177
1am1dma4sa2tma      -96.6450590985769    -184.26877307138056  -293.8913767306244
1am1eda4sa2tma      -97.09238292867667   -186.48615026954212  -299.82816481708414
2eda1ma4sa1tma      -104.48380400314636  -199.04038604111702  -317.1443301625799
1dma1eda2ma4sa      -102.592183687957    -190.55055773537606  -295.0138321223791
2am1eda4sa1tma      -89.98200814290612   -177.56803362486244  -293.7649689140165
1am2dma1eda4sa      -99.90792422508821   -189.81727944756858  -301.55745504734256
1eda2ma4sa1tma      -103.80586832556583  -194.27524223197543  -303.43576691633575
2dma1eda1ma4sa      -104.64740076754242  -195.20710963290185  -303.7387518531034
1eda1ma4sa2tma      -104.84635064130998  -194.36712553576217  -300.2541502394892
1dma1ma4sa2tma      -100.6987725199142   -189.26626946605393  -297.0568403331298
1dma2ma4sa1tma      -103.55930761764466  -191.96651034751267  -296.51921090048677
1am2dma4sa1tma      -98.3762607935787    -184.41389537435316  -288.57164038665695
1am1dma2eda4sa      -99.26056283153594   -191.49959067464806  -309.37121530321804
1dma2eda1ma4sa      -105.95795143954456  -199.55498122191057  -313.9259761253465
1am2eda4sa1tma      -96.42394481138035   -188.69375189715356  -309.47444938794024
2dma1ma4sa1tma      -103.63706279247708  -192.78624185845547  -299.0078117261071
2am1dma1eda4sa      -91.83396863844246   -178.79184470837936  -291.65814546288095
2dma1eda4sa1tma     -108.41497751655697  -200.1979885496694   -307.84172743106444
1dma1eda4sa2tma     -103.65656687653973  -194.54030511612655  -304.8255517002392
1dma2eda4sa1tma     -108.37307684686675  -200.40785389202938  -308.6861547718347
1am1dma1ma4sa1tma   -98.51874487106397   -183.73025173433416  -285.80079444272377
1am1dma1eda1ma4sa   -97.40275629819371   -186.08830728731118  -297.45279553456606
1am1eda1ma4sa1tma   -95.3765378746175    -181.65062863026105  -289.36471828071905
1dma1eda1ma4sa1tma  -105.0981025062938   -196.03539294372604  -305.00516665080914
1am1dma1eda4sa1tma  -97.08913357141137   -186.05080119772174  -298.3788952772096
