#CLUSTER          ddG_298.15K_[kcal/mol]  ddH_298.15K_[kcal/mol]  ddS_298.15K_[cal/mol/K]  ddE_[kcal/mol]
2tma              7.051766691554803       -2.4181446327711456     -31.762238216535323      -3.8551968984829728
2ma               6.052928478893591       -2.5650220222742064     -28.904705521046438      -4.04846443713177
2dma              5.995636395760812       -3.5507298939919565     -32.018669427402315      -5.0673170305090025
1dma1ma           5.817036765518424       -2.8452530976428534     -29.05342046983062       -4.300151683652075
1ma1tma           5.615669362232438       -3.1421641076449305     -29.373917390306893      -4.66095897537889
1dma1tma          5.43324776753434        -3.6472100948303705     -30.4560049047124        -5.128128133510472
1am1dma           4.915010453041759       -2.2978039554000134     -24.191898066107676      -3.776332866764278
1am1ma            4.84965323007782        -2.239103835228889      -23.775786651953737      -3.7361931294944952
1am1tma           4.462660469711409       -2.7556634150532773     -24.21037694029851       -4.277667488131556
2am               3.3039909453655127      -1.7258660266379593     -16.870222948213993      -3.1638305406086147
1isa1ma2tma       1.1184582568821497      -32.3579671132029       -112.28048086832135      -37.31907544229762
1ica2w            0.9659478422690881      -18.82617447989469      -66.38306145624685       -22.209169342269888
1ica1nta1w        0.44255748175055487     -20.524639509669214     -70.32432329733356       -23.128680432317196
1isa2ma           0.29636903600476217     -21.662885098383413     -73.65167821214156       -25.142429162136978
2am1isa           0.17973738443106413     -18.510326518677175     -62.686802547341955      -21.93667145445943
1ica1nta2w        0.13323369687714148     -31.435475877995486     -105.88192864437366      -35.78332993030199
1am1isa1w         0.1283555021727807      -19.885036929037597     -67.12524712762034       -22.917812119281734
1ip2w             -0.09581992025778163    -20.724912018500618     -69.19029288827767       -24.01423570336192
1am1isa1ma        -0.1194293348598876     -20.721927857790433     -69.10113968660073       -24.226004207201186
1ica1nta          -0.20879410891211592    -12.119667003455106     -39.949284484890164      -13.196938654466067
1ip1w             -0.45044625455193454    -10.728066890027549     -34.471287475331174      -12.303099927536095
1isa1w            -0.6089594829609268     -10.219851905938413     -32.23509113959417       -11.886347291103448
1ip1nta           -0.7715757986006793     -12.939555498363916     -40.81158283850409       -14.052023395022843
2dma1isa1ma       -0.874340472604672      -34.68973041309073      -113.41739465524066      -39.67765205602336
1ica1w            -1.0089334128206247     -11.0937412013227       -33.82461106486668       -12.833565818189527
1am1ip            -1.0807377025485039     -11.249398713931441     -34.105835116048944      -13.015585891902447
1am1it            -1.240847209468484      -11.570073692128062     -34.64439537990942       -13.295964129269123
1it1w             -1.3702212413554662     -11.987314725753095     -35.60990603310413       -13.608167680955376
1am1isa           -1.4678643504157662     -10.903319485485554     -31.646692636458162      -12.686959374696016
1isa1ma           -1.599124926935474      -12.177633250896179     -35.480490774107004      -13.926932557180407
1dma1isa1ma       -1.7895278659198084     -24.021199877206527     -74.56539329656215       -27.300171847149613
1am1dma1isa       -2.136423693038523      -23.124918134883046     -70.39577634730844       -26.4686528313905
1dma1isa          -2.1816056659445167     -13.17004287429154      -36.85542003736376       -14.779437045566738
2dma1isa          -2.3188123255968094     -24.866858799010515     -75.62653948998829       -28.091101062484086
1isa2w            -2.456030445129727      -22.173279110327712     -66.13195502347811       -25.618901449342957
1isa1ma1w         -2.494813436482218      -23.01465098868357      -68.82387238752308       -26.378251687361626
1it1ma            -2.5078360716361203     -14.408800695855462     -39.91600988341438       -16.358714782327297
2am1ica           -2.6894973879680037     -21.82872794009745      -64.1933148646319        -25.297262202948332
1isa1ma1tma       -2.69241482160578       -25.04052001418313      -74.9559121013584        -28.6054039625742
1isa1ma2w         -2.841055879180203      -33.233071829003165     -101.93527888552742      -38.33332404658722
1isa1tma          -2.9584192313923268     -13.973870444227941     -36.94602545124941       -15.592983264810755
1am1isa1tma       -3.0179262940509943     -23.960299266618676     -70.24110522381355       -27.561562215312733
1dma1isa1tma      -3.1262173360883025     -25.94580945756752      -76.53730805688416       -29.467432975172414
1isa2tma          -3.3168471728859004     -26.008503983030096     -76.1082109190676        -29.52550654739025
2dma1ica1ma       -3.3441469323370256     -38.103564937431656     -116.58365924766056      -43.26882308877248
1fa1ip            -3.420092824846506      -15.772696454077959     -41.43085663598857       -16.987260343506932
1dma1isa1ma1w     -3.5521040501334937     -35.94298688072013      -108.63953230266647      -41.11169764652732
1fa1ica1w         -3.6506256703069084     -25.779098537277605     -74.21926167362066       -28.764058857268537
1am1ica1w         -3.6649204967325204     -24.355871842701163     -69.39781190823413       -28.40879492838576
1ica1ma           -3.686884450587968      -15.993667810987972     -41.27715365396613       -18.443359579585376
1am1ica           -3.8933689035475254     -13.295459703542292     -31.53478811017947       -14.93157203681767
1fa1ica           -3.9093441432341933     -16.072473242878914     -40.79535594556429       -17.3742307247594
1fa1ica2w         -3.9095977525721537     -36.13236625304853      -108.07569512775447      -40.76077726864605
1am1ica1nta       -3.915386707842117      -26.82875915389741      -76.85186984920342       -30.32426614506403
1isa1tma1w        -4.0035215920288465     -25.37870220804325      -71.69270708237465       -28.989524926437298
1dma1isa1w        -4.491032254860329      -25.61204905667546      -70.84023746936109       -28.97667795517191
1ip3w             -4.710943796613719      -37.40770296516712      -109.66538342545695      -41.10082240880001
1dma1it           -4.7160590793937445     -17.264512673020363     -42.087719578467215      -19.28171999566257
1isa1tma2w        -4.758452052832581      -36.086545602520346     -105.074919587456        -41.35579986726225
1ip1msa           -4.788493433501571      -18.289345979050267     -45.28208132014086       -19.57211982557783
1ip1ma            -4.850348943706194      -16.65807916859194      -39.60330018782489       -18.679896424218896
1dma1ica1ma1w     -4.93341901882377       -38.48980082228081      -112.548635009626        -43.90187339644763
1isa1ma1tma1w     -4.9795507504532        -36.56367807502829      -105.93366107348648      -41.6989478218311
2sa               -5.044904411421157      -16.330313690239564     -37.85151133315449       -17.493519368348643
1ica1tma1w        -5.158515764072945      -27.3973664097648       -74.58947055404997       -31.4127978788747
1isa1nta          -5.22714746123529       -17.053119199874345     -39.664503566124445      -17.875452848209534
1ica1msa1w        -5.509218942817824      -29.535882111456885     -80.58580208931747       -32.314161995527684
2ica1w            -5.572257309198903      -29.523331465657975     -80.3323173959752        -32.587902146435226
1am1sa            -5.610451338754501      -14.482082477712538     -29.755638735636445      -15.812009218963794
1ica1tma2w        -5.665223950170912      -38.07058954994136      -108.68810774871709      -43.7221059663716
2ica              -5.787049081176519      -19.864558059722185     -47.21621751648499       -21.051756674423814
2ica2w            -5.84859550553665       -40.316525815971545     -115.60602577950696      -45.09468674854725
1ica1msa          -6.090262848418206      -20.02887403621571      -46.75033100271676       -20.993500998301897
1fa1isa1w         -6.264472410060989      -28.375117917072203     -74.15946841442226       -30.998681039593066
1ica1ma1tma1w     -6.323144968126144      -39.94010590988182      -112.75181843951032      -45.154070207005134
1am1fa1ica        -6.358075427822769      -28.070231429301202     -72.82294911175582       -30.87808313872665
1ma1sa            -6.425401686516125      -16.510736577911302     -33.82637897538152       -18.67750057845842
2am1fa1isa        -6.5491380682215095     -37.506766396574676     -103.8324152403824       -41.79074152931571
1am1ica1tma       -6.632990036785486      -28.303743391414173     -72.6840839501258        -32.051825450136675
1fa1isa           -6.6542455814778805     -18.558228492736816     -39.92617536887476       -19.677318673580885
1am1ica1ma        -6.7328440685305395     -28.53348426969751      -73.11970551960422       -32.93727641335863
1ica2ma           -6.738399732581456      -30.078223216012702     -78.2821094557102        -34.36117161283619
1ica1ip           -6.810187999159098      -21.264543902128935     -48.48016830182793       -22.622445913031697
1fa1isa2ma        -6.810777372404118      -40.793045461774454     -113.97708565906423      -45.078385137341684
1ica1ma1tma       -6.908964355025091      -30.36258550727507      -78.66383080103978       -34.02795817612787
1it1msa           -6.987456265371293      -21.101441995531786     -47.33851904031526       -22.27434857847402
1it1tma           -6.9945100589393405     -19.488885443774052     -41.90634037826595       -21.562938532195403
1dma1ica          -7.125638674013317      -19.56984519213438      -41.73807318104983       -22.348348731175065
1ica1msa2w        -7.148937728677993      -42.03238797681115      -116.99962333593827      -46.182101880345726
1am1fa1isa1w      -7.164733388439345      -38.80569365852716      -106.12427971078316      -42.5291564437066
1ica1tma          -7.258015888437512      -19.15481389046181      -39.90205601827938       -21.766010083592846
1dma1ip           -7.462333874776959      -20.105766320601106     -42.40628021599865       -22.19213160313666
1dma1ica1tma      -7.468396115742507      -31.34157204919029      -80.07104547774611       -34.889536753631546
1fa1ica2ma        -7.5260396298981505     -42.0379265264055       -115.75341479540502      -47.101021037757164
1ica1ma1w         -7.585400717172888      -29.61234359937953      -73.87870738742244       -34.0053029616538
1am1fa1ica1ma     -7.8961034788299        -40.53136107867613      -109.45919033838672      -45.587214631654206
1fa1ica1ma1w      -7.957254377033678      -41.380454942875076     -112.10194295287604      -46.51378636874142
1ica2tma          -8.078695545293158      -31.686117683770135     -79.17970287995976       -35.16452336378279
1ip1isa           -8.091700085438788      -22.002594463527203     -46.657389421365096      -23.389320015907288
1ip1sa            -8.107084585004486      -22.311694293748587     -47.64251546265302       -23.142268980969675
2am1sa            -8.163717593066394      -27.002430683001876     -63.18537435908101       -30.071061536145862
1am1fa1isa        -8.20981624443084       -29.961448459886014     -72.95535298138522       -32.38713966868818
1fa1isa1ma1tma    -8.398510739687481      -42.29252680571517      -113.68106588059703      -46.30606768190046
1am1fa1isa1tma    -8.473524986460689      -41.16339417092968      -109.64240058876408      -45.57089713901223
1isa1nta1w        -8.51350401185482       -30.259231424010068     -72.9355271277545        -32.85918723895156
1am1ica1nta1w     -8.578272741586261      -41.70650924747315      -111.112649693946        -46.86849478176737
1am2ica           -8.644209081307054      -32.51063935831189      -80.04844147902065       -35.853497847914696
1fa1isa1ma1w      -8.703136588286725      -41.18880374665605      -108.95744049703168      -45.531715118995635
1ica1sa2w         -8.847043933885288      -42.200930518549285     -111.86950481328192      -46.800427825393854
1am1fa1isa1ma     -8.889138817648927      -41.931714889426075     -110.82536423528427      -45.507150465316954
1fa1isa1ma        -8.894323448512296      -32.01318430138781      -77.54101820513165       -34.24694814781833
2am1fa1ica        -8.965103762224317      -41.38484545517713      -108.73636749646153      -46.84430579096079
1fa1ica1tma       -9.055293735742453      -32.816843161475845     -79.69664833312092       -36.00969657149108
1dma1fa1ica1ma    -9.160535750772397      -44.869196368214034     -119.76743457279889      -49.59776888664055
1isa1nta2w        -9.205004080475192      -40.49428029409319      -104.94472560597015      -44.73022768567898
1am1dma1fa1ica    -9.263049585744739      -42.83136022090912      -112.58870764796242      -47.621894103474915
1fa1isa2tma       -9.27307089822716       -44.05221132119186      -116.64982961264465      -48.42742522220942
1am1fa1ica1w      -9.311934420817124      -42.02897448604199      -109.7334900733859       -47.569622906899895
1am1ma1sa         -9.31272968306439       -29.243191317655146     -66.84709587328527       -33.19556958117755
2ma1sa            -9.318214442639146      -30.826300194486976     -72.13847309075967       -34.73323959670961
1am2isa           -9.325475204735994      -32.258262591436505     -76.91698788650012       -35.02224121429026
1dma1fa1ica1tma   -9.359958728469792      -44.71194036502857      -118.57114845775618      -49.706126727498486
1dma1fa1isa1tma   -9.471152169324341      -44.54540725343395      -117.63964903541842      -48.987627896814956
1ica1ma1nta       -9.483873998920899      -33.67024923057761      -81.12152106842194       -37.25499550323002
1am1dma1ica       -9.502826836891472      -31.555836194194853     -73.96615581824588       -36.046102036722004
1am1fa1ica1tma    -9.571054479732993      -43.26852405734826      -113.02188781720614      -48.13153292458446
1ica1it           -9.579210555180907      -24.18602458946407      -48.99153641824584       -25.52045753225684
1ica1sa           -9.616801606141962      -23.193594564218074     -45.53682880670803       -24.02471329376567
1fa1it            -9.693113779649138      -22.99972277134657      -44.63060629542175       -24.035369584336877
1isa1msa          -9.744860612321645      -22.676059659861494     -43.37145412433341       -23.028104497177992
2dma1fa1ica       -9.818717465735972      -45.28868849296123      -118.96688680788196      -50.35782594233751
1ica1isa          -9.838071686215699      -23.00880745239556      -44.17490631366765       -24.38712712749839
1dma1ica1ma       -9.843940089318494      -33.52391412464931      -79.4230220878417        -37.87041002760816
1fa1ica1ma1tma    -9.85976897321234       -45.3615481275483       -119.07355074227735      -50.086582744523184
1ica1isa2tma      -9.876762597210472      -47.462686291197315     -126.06382682485327      -52.246540308668045
1dma1sa           -9.960674204397947      -20.454977901128586     -35.1980881159148        -22.955998528457712
2isa              -10.032983480021358     -22.698077328503132     -42.47897501264467       -23.913707880303264
1dma1ica1w        -10.069371771976876     -32.50417277914676      -75.24669128794233       -37.25661974684044
1isa1it           -10.140493389219046     -24.4306505843997       -47.92944312990109       -25.84065398387611
1ip1tma           -10.341819311186555     -22.753075646352954     -41.62755772731845       -24.93244670551212
1it1sa            -10.42829149926547      -24.48935362463817      -47.16105449911119       -25.495881619979627
2am1ica1nta       -10.467682134680217     -43.596157091262285     -111.1134705095422       -49.3912160974578
1fa1ica1tma1w     -10.473058744006266     -43.82692650297395      -111.86942062706694      -49.55734401886002
1ica1sa1w         -10.4798968551695       -33.46006699278223      -77.07588936729834       -35.713379508044454
2dma1ica          -10.644891027361155     -34.65983244031668      -80.54652922002349       -38.85552398022264
1ica1ma2w         -10.69307803157426      -42.13720316141553      -105.46409141281234      -48.14116475057381
2am1isa1nta       -10.729176357708639     -41.487478358263616     -103.16387146057355      -45.86406209884444
1am1isa1nta1w     -10.73516607221245      -41.638170264712244     -103.64920499000505      -45.60390689327323
1dma1fa1isa       -10.801416864618659     -34.56088297907263      -79.68966087727654       -36.919560577720404
1isa1ma1nta1w     -10.992013062503247     -44.178281045395124     -111.30726717645481      -48.72178822457499
1isa2ma1nta       -11.048665730311768     -45.00583369861124      -113.89287839751805      -49.4606316810532
1fa1isa1tma       -11.087572203643504     -34.70938298490364      -79.22794158115045       -37.362486295736744
1isa1nta1tma1w    -11.097912457764323     -44.691812663506425     -112.674472354486        -49.41768066721852
1fa1ica2tma       -11.13035236610449      -46.85593046457507      -119.82417608170385      -51.38782804898801
2ip               -11.213996268808842     -28.274673331528902     -57.22179126144553       -29.436113011091948
1dma1fa1isa1ma    -11.230767295557598     -46.58056522237166      -118.5638032104981       -50.05429773374635
1sa1tma           -11.233439146235469     -21.58365560392849      -34.714838195304395      -24.185191635377123
1am1isa1nta       -11.31143422643072      -32.81705389037961      -72.13020179513671       -35.38472472602734
2isa1w            -11.333919185191917     -32.673633331891324     -71.57377300714407       -35.4298847681348
2isa1ma           -11.34083664962236      -34.73057799676462      -78.44959793043773       -37.49501377779234
1am1isa1ma1nta    -11.352856639015954     -43.473379802308045     -107.73278362753652      -47.84839659626596
1it3w             -11.368533219152596     -43.05080201427336      -106.2627870809995       -48.00305741012562
1isa1ma1nta       -11.37364972307114      -34.05399265361484      -76.07024293610598       -36.66701844218187
1ica1ip2w         -11.492817219303106     -47.842685502939275     -121.91803457444237      -52.615990107966354
1ma1sa1tma        -11.51149869155779      -33.63874165364541      -74.21513654908604       -37.64042925972899
1fa1ica1ma        -11.592233008566836     -34.776925200429105     -77.76183864705685       -38.74968925274152
1it1nta           -11.595702804013854     -25.450943943636958     -46.47070648961931       -26.362725661194418
1am1dma1fa1isa    -11.599802955053747     -45.13588503655046      -112.48059150135839      -48.32500875927508
1am1sa1tma        -11.606182078990969     -31.847640475141816     -67.89020517014929       -35.883151136440574
1it2w             -11.622786223844741     -33.29537188912218      -72.69016640415897       -36.574863547546556
1isa1sa           -11.701526485965587     -23.829220491927117     -40.6765271031025        -23.906648472999223
1ica1isa1w        -11.793078159891593     -35.02480797701719      -77.91962466050649       -38.17726143733307
3ica              -11.980762757360935     -39.892817825078964     -93.61755456495055       -42.515661573037505
1isa1nta1tma      -12.001903614975163     -35.63730611157371      -79.27352841656887       -38.571805303377914
2dma1fa1isa       -12.045206450857222     -47.302027258090675     -118.25197747016605      -50.405635045841336
1ica1nta1tma      -12.090369912810274     -35.83903670188738      -79.65343975827602       -39.76183059385221
1dma1sa1tma       -12.148048298826325     -34.48720529908314      -74.92592076226732       -38.303693737936555
1ica1nta1tma1w    -12.174767302341934     -45.50095590593264      -111.776584278484        -51.3013643794402
2ip1w             -12.190211911663937     -39.91341995307448      -92.98409539023976       -42.32829927378043
2isa1ma1w         -12.231507933538524     -46.40304347622441      -114.61189181321484      -51.2688780312601
1am2isa1ma        -12.368256900321285     -45.720612377692305     -111.86436945416739      -50.66824173058558
2isa2w            -12.388694783629035     -44.600124304168276     -108.03766400513169      -49.49048968785792
1ica1ip3w         -12.547180642315652     -58.65771376478369      -154.655422765789        -64.45632806897629
1am1dma1sa        -12.566637231269851     -32.49116268736543      -66.82720687999331       -36.7716592301731
1am1ip1w          -12.643060944021272     -34.60416621015611      -73.65788694549724       -37.959335639185156
2isa2ma           -12.652391936353524     -47.006581052803085     -115.2244938531612       -51.91774329854525
1isa1msa1w        -12.656377374638396     -35.45836803671409      -76.47823038051317       -38.50981279007101
1dma1fa1ica1w     -12.689499811247515     -46.79008986567351      -114.37393947653865      -52.29699519839778
1dma1ma1sa        -12.691559175029397     -34.31543805554975      -72.52684514707363       -38.55371925863437
1am2isa1w         -12.739392037481593     -44.44593892292323      -106.34432143021971      -49.232122388712014
1am1isa1nta1tma   -12.773446797407814     -46.149434038146865     -111.94363077558282      -50.81217005888175
2isa1ma1tma       -12.787813893068233     -48.63738030841341      -120.24005598376661      -53.78733402772923
2isa2tma          -12.793709584831959     -49.10359337576665      -121.78398907362069      -53.88158674791339
2am2isa           -12.897752342745662     -44.61890749819577      -106.39331780734533      -49.588044511154294
2dma1sa           -12.90267138229683      -34.987595541984774     -74.0732196371625        -39.15826548053883
1ica1ma1nta1tma   -12.997396695325733     -49.27894245041534      -121.68890074378669      -54.80010393365228
1isa1nta2tma      -13.13481486652745      -48.2448313467321       -117.75957229867524      -52.907726072502555
1ica1ma1nta1w     -13.199916898425727     -47.21536734687834      -114.08833774217675      -52.60550878364302
1ica1ip1w         -13.204739362910914     -38.74640812211874      -85.66719784004695       -41.2161303190951
1dma1ica1nta      -13.491550393722719     -37.65519119199598      -81.04526940419254       -41.47877096856246
1dma2isa1ma       -13.513519044827262     -49.78095853218838      -121.6416091375147       -54.60643412421632
2ica1tma1w        -13.760432433009555     -49.88058441934845      -121.147604427939        -54.897416671185056
1sa2tma           -13.787594857712975     -35.76755659049377      -73.7211528860641        -37.57935614915914
1am1it1w          -13.84501388573699      -35.58277200953307      -72.90877695794063       -38.63189447023615
1isa1ma1nta1tma   -13.909111659871996     -49.56732103647664      -119.59822028066412      -54.54949252876395
1am1ica1nta1tma   -13.976916292696842     -48.109985902614426     -114.48289748529265      -54.93168425971817
1dma1isa1nta      -14.009581573627656     -37.36782854568446      -78.34396527717593       -40.7910587406368
1am1ip1tma1w      -14.095362674117496     -48.53968631906173      -115.52678550464529      -53.67004382555024
1ica1isa2w        -14.117031439163839     -47.868529024519376     -113.20307759842362      -52.56719603211968
1dma1fa1ica       -14.126499321311712     -38.06636627390981      -80.29472825098108       -42.17629770189524
1am1ica1msa       -14.192313196603209     -37.964749799401034     -79.73312201076641       -41.37939905381063
1am1dma2isa       -14.211482482030988     -48.373272901400924     -114.57922756179781      -53.08799648657441
2isa1tma          -14.24218103910971      -38.82260305446107      -82.44318150414223       -42.11118804696889
1am1it2w          -14.27212992864952      -46.14791437330132      -106.91184175203756      -50.874827491206815
1it1tma1w         -14.386098896757176     -37.56244529841206      -77.73382568401814       -40.96244954262511
1isa1sa1w         -14.504692951777542     -36.883050064549025     -75.05739858353178       -39.776080942872795
1ica1nta2tma      -14.529249439656269     -51.13781838474097      -122.78576293892334      -57.27032451124978
1am1isa1msa       -14.532736327964813     -37.489262155548204     -76.99656490622172       -39.373461513838265
1am2isa1tma       -14.539764356493833     -48.65373904828448      -114.41887386879094      -53.39750196445675
1ip1it            -14.55667956918478      -31.840779077261686     -57.971174854200854      -33.0541190803051
1am2ica1w         -14.617709579855727     -49.27970774331334      -116.25691150072115      -54.93474689037248
3ica1w            -14.877005544469284     -52.40864395396056      -125.8817741349321       -56.69198370449885
1am1dma1isa1nta   -14.937614105961984     -49.12947447091574      -114.680061600805        -53.72819539724151
1dma2isa1w        -15.024201163068938     -49.526625313323166     -115.72173973201413      -54.18749733925506
1dma1isa1nta1w    -15.030462157279544     -48.11119041038182      -110.95328518896531      -53.176527262767195
1dma1ica1nta1w    -15.031026395336085     -49.42650521086034      -115.36302226993126      -55.061096944016754
1dma2isa          -15.075030710548162     -39.82895730435848      -83.02511871527757       -42.70829496718943
2dma2isa          -15.096514105796814     -51.623024482280016     -122.51055820211306      -56.179629968479276
2am2ica           -15.103953903540969     -48.77894632332027      -112.9464990616804       -54.29178202711046
2am1it1w          -15.29119286218338      -46.85702220210078      -105.87228932275701      -51.87681899317249
3ica2w            -15.330300381363486     -64.15815994421428      -163.7694644939795       -70.32946671367972
1am1ica1isa       -15.414969352073967     -39.461380038410425     -80.65209873362406       -42.94642279110849
2isa1tma1w        -15.477970108062436     -50.24050680232904      -116.59414043142715      -55.09256400112645
1dma2isa1tma      -15.481444363176706     -51.515891987946816     -120.86017164340103      -56.37311162646802
1isa1msa2w        -15.559368410569732     -49.50335881607316      -113.84865958809324      -54.25053356602439
1am1ica1ma1nta    -15.559676782402676     -50.01130456512328      -115.55130473976189      -56.24841023865156
1it2tma1w         -15.56722286000877      -50.683282197212975     -117.77981908338086      -55.77777199052798
1it1tma2w         -15.67285342013929      -48.981358989243745     -111.71723299691433      -55.333546270107036
1dma1isa1ma1nta   -15.792424795392435     -51.61013915890362      -120.13322367694116      -56.95702394912951
1isa1sa2w         -15.83107620345254      -47.66980659448018      -106.78762499181623      -52.30316388068604
1am1ica1sa        -15.839240596280433     -39.47613654984161      -79.27857958946841       -42.828564975527115
1am1dma2ica       -15.856257982552052     -51.46641945466399      -119.43710891172228      -56.62102139554918
2am1ip1w          -15.90526502297871      -47.97552519710007      -107.56413759235281      -53.52704824604734
1it1ma1w          -16.06294226537284      -39.22506317618536      -77.68609210011739       -42.802920587098924
1am1ica1isa1w     -16.08521115032636      -49.788133725982334     -113.0401562258595       -54.829794489822234
2it               -16.10860662907362      -33.49129940569401      -58.30181621358378       -34.72744555026293
1am1it1tma1w      -16.13273923066299      -49.668118509107444     -112.47819219423113      -54.8520355274959
1ica1it2w         -16.214865444184397     -51.77813361863082      -119.27976487590144      -56.524662798357895
1ica1isa1ma1tma   -16.277865482043126     -53.41939782438567      -124.57333093496567      -58.50139842464705
2ica1tma          -16.27787789206195      -41.71562588040251      -85.31866690997819       -46.284358131102636
2ica2tma          -16.3428590738622       -54.042887913296        -126.4465584047627       -60.84019474379602
2ica1ma           -16.64181142286543      -42.35599958414241      -86.24583074224384       -46.28299999113369
1it1ma1tma1w      -16.661764883894648     -51.32029295659595      -116.24525170994463      -56.23079594792216
2am1ica1isa       -16.761285034008324     -50.02728354744613      -111.57474782803962      -54.9435623511672
1am1ica1msa1w     -16.7662826911328       -50.630555115458264     -113.58130521583095      -56.30668369877094
1ica1it1w         -17.04692523644917      -42.65508421742561      -85.89018607700822       -45.732166021174635
2ip2w             -17.203364709348534     -54.738968935780576     -125.89499137068584      -59.09329271511524
1am1it1ma1w       -17.253254023220506     -50.37431189540075      -111.08855138990444      -55.41085001241299
1dma1isa1nta1tma  -17.292280266075977     -53.192366948060226     -120.40950178799267      -58.684286332150805
1am1ip2w          -17.454545415894245     -49.60648765320366      -107.83807953593825      -55.219152309087804
1am1isa1sa1w      -17.459344974347914     -49.0335452007057       -105.90042856511826      -53.85279467438522
1ip1tma1w         -17.462702572018316     -40.54835596551857      -77.42963984269659       -45.00050776769058
1ip2tma1w         -17.48468931235402      -52.47973469155113      -117.37393629434848      -58.08759570099937
1am2ica1tma       -17.496258104845765     -54.065583011251874     -122.65415883833646      -59.85962173748703
1am2sa            -17.527073869481683     -40.26937017205637      -76.27807765436862       -43.87527512409724
1isa1ma1msa       -17.529167659929954     -41.98607825872023      -82.02885904705684       -45.26443124539219
1ip1tma2w         -17.54159021435771      -50.62211139417195      -110.95256960613784      -57.272635680114035
1it2ma1w          -17.54332326043368      -51.79609534343035      -114.88429735837664      -56.7711359620007
1am1isa1msa1w     -17.558884753358143     -51.22256329451193      -112.90851003216503      -56.167265393873095
1am1ica1sa1w      -17.563085951471294     -51.0535234641211       -112.32749886939462      -56.486770909439656
1ica1isa1tma1w    -17.56715191402327      -53.1255192892786       -119.26334856397793      -58.33206817638711
2am1isa1sa        -17.60601133632008      -48.523692823480815     -103.69843287922188      -53.433313778718
1ica1isa1ma       -17.619351883280615     -42.34253710584744      -82.92199060191183       -45.82055994930852
1am1isa1sa        -17.622595715918578     -39.742409041617066     -74.19023847600205       -42.343142154742964
1ica1msa1tma1w    -17.66220467272069      -51.77109031652071      -114.40174197403991      -58.10951541780378
1am1ica1msa1tma   -17.766177196215722     -53.703907783550676     -120.53573901737383      -60.92795591468166
1am1ica1isa1tma   -17.78197617798287      -52.650868354481645     -116.95090056401145      -57.69185891035886
1ip1ma1tma1w      -17.803576344151224     -53.234962211390666     -118.83742945577731      -58.51050071613281
1ip1ma1w          -17.869269526403514     -41.2159076941316       -78.30494496652689       -45.008227012789575
1it1ma2w          -17.919687686298857     -50.665900366191636     -109.83127236209961      -56.161113182795816
2ica1ma1tma       -17.928177979323664     -56.03662969445577      -127.8163733554587       -61.6971900081553
1ica1it3w         -18.05055254412582      -64.42005615445669      -155.52403508552743      -70.86566504568327
1isa1ma1sa        -18.094569981563836     -43.04594039480435      -83.68732748240822       -46.56105372478487
1ica1isa1tma      -18.20139728455979      -43.98820009280462      -86.48940250877078       -47.597289996556356
2am1ica1msa       -18.37913566129282      -52.691834279627074     -115.08535508633243      -59.23244990693638
1am1ip1ma1w       -18.413366173233953     -51.648893141478766     -111.47246157682375      -57.16642098475131
1ica1isa1ma1w     -18.546793188739684     -53.46311204257654      -117.1099072775784       -58.53732110161218
1dma1it2w         -18.54735288764641      -51.36936793009227      -110.08553577793052      -57.39855167278438
1am1ica1isa1ma    -18.63675701883767      -53.33634260932013      -116.38300140422609      -58.28508527453232
1am1isa1msa1tma   -18.687213067125413     -53.58771257143235      -117.0568489155794       -58.95328344164591
2am1isa1msa       -18.69460759451613      -52.36949961382197      -112.94614127026665      -57.27577986574033
1ip2ma1w          -18.704690682403452     -53.65399109398277      -117.22048587097095      -59.06374496444187
2dma1isa1nta      -18.839470095321303     -55.16696162201697      -121.84302465688413      -60.528070126718376
1ica1isa2ma       -18.91190296476998      -54.981609983035014     -120.97839013580416      -59.830219672381645
1dma1ica1isa1tma  -18.961883021212998     -56.66996272106189      -126.47354008666781      -61.78034477341862
2ip3w             -19.077515217417385     -66.6542279231071       -159.5730131886969       -72.66957941569854
1isa1it1w         -19.179179248378205     -44.50492422887328      -84.94296487902065       -47.100051549306954
2ica1ma1w         -19.210201318215695     -54.79243263165699      -119.34338860788196      -60.752075234166114
1am2ica1ma        -19.21814486556832      -54.5260820657204       -118.42342269699816      -60.46596479478467
1dma1it1w         -19.32393896670692      -42.62753670335951      -78.1606287474761        -46.513310254595126
1isa1msa1tma      -19.335596279401216     -44.88396049517905      -85.6896545128962        -48.27684255449276
1dma1it1tma1w     -19.365382877782395     -54.699035155230376     -118.50965042770417      -59.64740508739487
1ica1msa1tma      -19.377230881873402     -44.157092175853904     -83.11206202881101       -49.30169724060397
1ica1ma1msa       -19.44219729618635      -44.726646301453        -84.80441541569678       -48.72731046541594
1am1dma1ica1nta   -19.5230132949946       -54.041947049612645     -115.77707112181793      -60.59243559191236
2it1w             -19.699772474334168     -46.99238168307784      -91.5398387789368        -49.714275916150655
1am1dma1it1w      -19.86259824314766      -53.664622372474696     -113.3725234026497       -58.72014357992157
1isa1ma1sa1w      -19.868153088238614     -54.4621362013786       -116.02880895119907      -59.7214242991613
2ica1isa2w        -19.903449821242248     -68.43675947467273      -162.78153926104318      -74.6989047639945
1ica1ma1msa1w     -19.920234648838232     -54.60989941993466      -116.34968470964276      -60.3498423712299
1ica2ma1nta       -20.143514065101044     -55.90555008704541      -119.94645655898037      -62.462998785456875
1dma1it1ma1w      -20.213365918796626     -55.121376634866465     -117.08199954730841      -60.14385018844041
1isa1ma1msa1tma   -20.32282571219548      -56.98810210294323      -122.97591855203754      -62.22956902445003
1dma2ica          -20.410504015162587     -46.16323968395591      -86.37514076847228       -50.42433102801442
1isa1ma1msa1w     -20.50940918862034      -55.21534511225036      -116.4042373769579       -60.235258636806975
1dma1ica1msa      -20.62664317013696      -45.3793273086776       -83.02090940452791       -49.532304843945894
2dma1it1w         -20.66147600577824      -56.252241360482        -119.37196982787188      -61.18026963532611
1ica1msa2tma      -20.718731509376084     -57.951622014457826     -124.87972666443068      -64.94542989766342
1dma1ica1isa      -20.76859673950821      -45.55062919296324      -83.11938622951536       -49.435963965952396
1isa1msa1tma1w    -20.89646040941443      -56.10001248673507      -118.07327118229077      -61.42052290725405
1ica1ma1sa        -20.944160267245024     -45.91126845619874      -83.74009119265472       -49.732988240954
1ip1isa1w         -20.977482315131056     -45.82665131286922      -83.34452121495892       -48.48610312589153
1am1isa1ma1sa     -21.054440249223262     -53.34056145447539      -108.28820218094921      -58.72166631260188
2ica1isa          -21.064289362169802     -49.298542119562626     -94.69821091370122       -52.16371802613139
1dma1isa1msa      -21.090404303278774     -45.58894345193403      -82.16852397772935       -49.361670435464475
4ica2w            -21.09834663379297      -86.4298927718628       -219.1231215516351       -93.27905842111795
2am1ica1sa        -21.101217458606698     -55.515257810708135     -115.42529902247193      -61.500379327801056
1dma1ip2w         -21.120625043244218     -54.586263637043885     -112.2442597493208       -60.75804907651036
1dma1ica1isa1w    -21.230159733422624     -57.0544252288455       -120.15517523250043      -62.15155126065656
1ica1ma1msa1tma   -21.235389458059217     -58.71449331409531      -125.70550924729159      -64.7703694273223
1am1isa1ma1msa    -21.26377675810363      -55.972630570759065     -116.41406611755829      -61.054393956204876
1dma1ica1msa1w    -21.293745098148065     -56.78182586078037      -119.02758506889148      -63.12230237676704
1ica1sa1tma1w     -21.339283789762703     -56.01998154178         -116.31967232399802      -62.426120823743986
1am1isa1sa1tma    -21.37302646720491      -55.49141250702087      -114.43366959607586      -60.50295844998618
1dma2ica1w        -21.454449961871433     -57.403607380103495     -120.57408583830289      -63.84657957129821
1dma1ica1nta1tma  -21.457184145241627     -57.38300472468836      -120.4957926583599       -64.82833534704696
1am1dma1ica1isa   -21.49869837332517      -56.851326337084174     -118.57333729934601      -61.850674310699105
1dma1ica1isa1ma   -21.565174152005056     -58.343739933166944     -123.35595617306726      -63.2446286703198
1dma2ica1tma      -21.609531151756528     -59.71707926329691      -127.81338474482644      -65.68436133149953
4ica1w            -21.66816927583568      -75.72698169433716      -181.31420844326686      -81.53277740352496
1ip1ma2w          -21.692493429218302     -54.79601886663295      -111.02970522562464      -60.71185413260537
1ica1sa1tma       -21.693693076536874     -46.3129261523718       -82.57335443907432       -50.98669440530648
1isa1sa1tma1w     -21.707358888605086     -55.62560284521169      -113.76238976427976      -61.58908918921952
1isa1sa1tma       -21.713727874026517     -46.01273361837957      -81.49930670820059       -49.73534404904058
1isa1msa2tma      -21.944346212636447     -59.20593242958421      -124.97597255472081      -64.72554795703036
1am1dma1ip1w      -22.053661960155296     -55.3227352392787       -111.58497645316115      -61.18221578472003
1am1dma1isa1sa    -22.06762422027532      -56.69594429759309      -116.14399673986252      -62.33253428724129
3isa              -22.08285958878696      -48.45177182927728      -88.44182816032203       -50.482263112440705
1isa2ma1msa       -22.117040981713217     -59.165483253018465     -124.26104217045112      -64.13173991668737
2dma1ica1isa      -22.123819454573095     -59.10590328462422      -124.03855905077984      -63.97466108947992
1dma2ica1ma       -22.156281346316973     -60.19020453171834      -127.56640343659234      -66.15916830177594
1ica1ma1sa1w      -22.19180116381176      -56.677452159863606     -115.66544020073789      -62.40734245242493
1isa2ma1sa        -22.19207592989551      -57.45204680238385      -118.26252179359389      -62.74088191566989
1isa1it2w         -22.195074642033433     -58.03983438851719      -120.22389223048802      -62.51127053619712
1fa1isa1tma1w     -22.285946383744886     -51.85605262929312      -99.17862232215327       -54.34235718604759
1dma1fa1isa1w     -22.401566084452497     -52.529371895354416     -101.04917687962435      -55.023469176187064
1dma1isa1sa       -22.57150732597802      -45.97425053501502      -78.49322743635756       -49.77967532456387
1dma1ip1tma1w     -22.69320501913171      -58.55202082974574      -120.27103651088376      -64.43508416358964
1ip1it2w          -22.95039813774929      -61.258853887193254     -128.48714806996475      -65.81448689670651
1ma2sa            -23.053602009429596     -47.062343691824935     -80.52575627147411       -50.99480713601224
1am1ica1ma1msa    -23.07520666567143      -58.430269342963584     -118.58144022253896      -65.35895984317176
1dma1isa1msa1w    -23.08805165670492      -58.854342149388685     -119.96072612242162      -64.20439191545302
1am1ica1ma1sa     -23.113961237948388     -57.34359728480922      -114.8067829009224       -63.06823022925528
1dma1isa1sa1w     -23.135741852784122     -57.8688800306918       -116.49553732711726      -63.44032959190372
1dma1ip1w         -23.252353296593355     -46.66483535104635      -78.52582854811337       -50.894180213144864
2ica1isa1w        -23.52234770355426      -61.54625593916717      -127.53285522991786      -66.0435759062384
3isa1w            -23.575642242074537     -59.77214251690748      -121.40369889394603      -64.0670162076567
1ip1isa2w         -23.612921337553416     -58.08843815790897      -115.63142896988091      -62.69394144610851
4ica              -23.615560315549374     -65.87577895447612      -141.74155203769914      -69.70768637955189
1ica2ma1sa        -23.68027050542878      -61.12356276635546      -125.58541761160487      -67.29671780252829
1fa1isa2w         -23.76757575380907      -52.227691940948716     -95.45565533654201       -54.762580695649376
1isa1it3w         -23.80790202220669      -69.96924406240578      -154.82585775804125      -76.72646911360789
1isa1sa2tma       -23.9458914398856       -60.250466556986794     -121.76620473570351      -65.77970905959955
1dma1ica1msa1tma  -23.991851260114345     -61.5774110010243       -126.06260612473591      -67.98856201993476
1am1dma1isa1msa   -23.997783646453172     -59.360238310240675     -118.60625410940807      -64.51895224960754
1dma1ica1ma1nta   -24.000615312892478     -59.91721787431743      -120.46489631745766      -66.78566808695905
1ip1it3w          -24.054111319535878     -72.3622164237022       -162.02613635391577      -78.53719529800583
1dma1ica1sa1w     -24.149618315139378     -59.113282270722266     -117.26872457216172      -65.12213905264798
2am2sa            -24.27354644984007      -56.19647519371938      -107.07009078966965      -62.73155796818901
1ip1isa3w         -24.309018840955105     -70.09989565933938      -153.58331131786014      -76.7697395972209
1dma1isa1ma1msa   -24.556936254142784     -61.53698070079554      -124.03165578115045      -66.50982560566626
1dma1isa1ma1sa    -24.627625118475407     -60.31567226193147      -119.69831769029011      -65.44599918165477
1isa1ma1sa1tma    -24.711247371669742     -60.17107167514041      -118.93285453047127      -65.49600021271908
1ip1it1w          -24.711516504154133     -51.6649226904774       -90.40214626952877       -54.41143338852271
1dma1ica1sa       -24.763921322883107     -49.82935923105106      -84.06993278299512       -53.977029475499876
1dma1isa1msa1tma  -24.80453425475571      -61.64443845622009      -123.56162309629383      -67.30754468349915
1ica2isa2w        -25.60645742896304      -72.66371060068195      -157.83080051598193      -78.95402487003594
2sa1tma           -25.608338872363674     -49.155426597222686     -78.97736131222544       -54.02425779179612
1ica1sa2tma       -25.609761648782296     -62.35456776875071      -123.24274676045617      -69.76466523003182
1am1dma1ica1msa   -25.682753613684326     -61.4873970898916       -120.08934161237633      -68.5431599720032
1am1ica1sa1tma    -25.94568760720722      -61.63412380369846      -119.69964362317633      -68.93385954618861
1ica2isa          -25.94619050063193      -53.009384609758854     -90.77043991356705       -55.734946778044105
2dma1isa1msa      -26.070643352810293     -63.21368797804462      -124.57838210786517      -68.90503955824533
1am1dma1ica1sa    -26.15193466155324      -61.12382518267259      -117.29633765067923      -66.90843733039219
1ica2isa1w        -26.431402967289614     -63.396600690197374     -123.9819438211974       -68.15878587499901
2ica2ma           -26.520641401133616     -63.07472425852029      -122.60299466617475      -70.45826636752463
2ica2isa2w        -26.542502857701038     -88.90593470724707      -209.16801744256253      -96.61751899690717
1dma2sa           -27.300615644082427     -51.33346599154174      -80.60661713097437       -55.59790960315149
2dma1ica1nta      -27.592462331376737     -63.816760989429895     -121.4969351270502       -70.82890496501932
1ica2ma1msa       -27.682686710904818     -63.99349920725217      -121.78701977736041      -71.22231369226938
1dma1isa1sa1tma   -27.81574425873987      -63.702132550650276     -120.36357820771424      -69.42240413137188
3ica1isa          -28.102022876031697     -71.05268933996558      -144.05732539315784      -75.39817623794079
2it3w             -28.584943379217293     -76.9396782326221       -162.1825122482643       -83.46938362263609
1am2sa1tma        -28.75029753164563      -62.996116880560294     -114.86108300959256      -70.23364348172618
3ica1isa1w        -28.869184764080273     -82.43749691405537      -179.6690835229918       -88.59382964395627
1am1ma2sa         -28.904467139276676     -61.912285819649696     -110.70880842062718      -68.74869228096213
1dma1ica1sa1tma   -29.041813053467195     -66.21286313759629      -124.67235497035053      -73.18724564321747
2dma1isa1sa       -29.182926158071496     -65.3720030724071       -121.37877977430826      -71.14546814572532
3isa2w            -29.444371206642245     -77.46560703868454      -161.06403524242836      -83.27276325793355
3ica1isa2w        -29.464092059948598     -91.81936009319907      -209.14063587613617      -99.4183029961714
2it2w             -29.660078184635495     -67.28711587654834      -126.20166070534962      -72.2846180331835
1dma1ip1ma1w      -29.829339609321323     -64.4442436725949       -116.09891502173403      -71.8360562545422
1dma1ica1ma1msa   -30.408109502284788     -67.27523478411604      -123.65292304645311      -74.71911688125692
1ica1ma1sa1tma    -30.968547330397996     -67.98087680572644      -124.139982393292        -75.12332894942665
2dma2ica          -31.207357715815306     -68.68247692845762      -125.69220782532284      -76.42037605680525
2ica2isa          -31.659322964027524     -73.27067212760448      -139.5652541939293       -77.45258018746972
2dma1ip1w         -32.029092439428496     -67.10994885348919      -117.66174791685395      -74.7905640835379
4isa              -32.59239171817899      -72.92160164937377      -135.26491709934604      -76.77718887850642
1am1dma2sa        -32.66242952947505      -67.3200979224639       -116.24243147174244      -74.0137523736339
2dma1ica1msa      -32.96867908583954      -70.26920813909965      -125.10656642072783      -77.94262933084974
1dma1ica1ma1sa    -33.58851419528946      -70.63227529759752      -124.24540458101632      -78.02594430820318
2ma2sa            -33.65070009697229      -67.54932831111364      -113.69655614415565      -74.73034702334553
2ica2isa1w        -34.13329051712208      -85.30474200704339      -171.62997348093248      -91.14488750048622
1ma2sa1tma        -34.66006031986035      -70.22207976179197      -119.27561870481307      -77.5662842986494
4isa1w            -35.64310390593164      -85.01798293226602      -165.60421886352515      -91.01237734877213
1ica3isa2w        -36.388199463443016     -98.69690677987819      -208.98447044732518      -107.17559355692356
2sa2tma           -36.46062672682456      -73.04543840815313      -122.70610173298678      -81.33818615457858
1ica3isa1w        -36.71001123914175      -88.4217553646231       -173.44212385175254      -94.48763651498302
1ica3isa          -36.965489687398076     -77.79301857575774      -136.93628707214495      -82.12500469014049
1dma1ma2sa        -37.37701425177511      -73.30388903769199      -120.49934952594333      -80.33921158441808
2dma1ica1sa       -38.13528940884862      -75.47243953635916      -125.22945724806307      -82.81053459190298
1dma2sa1tma       -39.18196720983542      -75.1989577015629       -120.80162013087374      -82.75046123981883
2dma2sa           -41.09396516205743      -77.50548561511096      -122.12485905812514      -84.96695020084735
4isa2w            -41.576900733591174     -102.67270122560149     -204.91636102679865      -110.38236384288757
