#CLUSTER          dG_298.15K_[Eh]      dH_298.15K_[Eh]      dS_298.15K_[Eh/K]       dE_[Eh]
1am               -56.510155549224     -56.48831486922399   7.325399966459837e-05   -56.526648016657
1w                -76.42231087002      -76.40089446002      7.18309575716921e-05    -76.426176346739
1ma               -95.73447997536599   -95.70711909536598   9.176880764715747e-05   -95.77593109267
2am               -113.01504579940502  -112.97938010940499  0.00011962331041422104  -113.05833797023
1dma              -134.963961849045    -134.933115269045    0.00010345993627368774  -135.031496499207
1am1ma            -152.23690703049502  -152.199002240495    0.00012713328861311418  -152.308533173498
1tma              -174.19699123434398  -174.16434098434397  0.00010950947509642799  -174.291753792939
1fa               -189.69958814197997  -189.67140071197997  9.454110347140701e-05   -189.70959484926
2ma               -191.459313895687    -191.418325855687    0.00013747455978534298  -191.55831389065
1am1dma           -191.466284749735    -191.42509195973503  0.0001381612946503438   -191.564162547438
1dma1ma           -230.689171690618    -230.644768610618    0.0001489286936105987   -230.814280390483
1am1tma           -230.70003500805498  -230.65704732805503  0.00014418138520878754  -230.825218776986
2dma              -269.918368944733    -269.871889044733    0.00015589434848230758  -270.071068365433
1ma1tma           -269.9225219786111   -269.876467488611    0.00015446748281066578  -270.075112673166
1nta              -280.839929215861    -280.809824845861    0.00010097055173570352  -280.84132063869
1dma1tma          -309.15229456260494  -309.103268512605    0.0001644341774274694   -309.331422568826
2tma              -348.38274464720894  -348.332535567209    0.0001684020794901895   -348.589651296583
1msa              -665.5499738704038   -665.5143604904038   0.00011944782827435855  -665.583667216406
1sa               -701.5325095901318   -701.4987333201319   0.0001132861982223713   -701.54431723161
1am1sa            -758.0516060549191   -758.0101270949192   0.00013912107999329196  -758.096163548863
1ma1sa            -797.2772292005059   -797.2321642205059   0.0001511486835485494   -797.350013123139
2am1sa            -814.5658305348961   -814.5183946148959   0.00015910085527419087  -814.645535046232
1dma1sa           -836.512344947677    -836.4644460076771   0.00016065383196377665  -836.612396820505
1am1ma1sa         -853.7919860472481   -853.7407697572481   0.0001717802783833641   -853.899797394129
1sa1tma           -875.7474026339431   -875.6974704039429   0.00016747348650008386  -875.874612978349
2ma1sa            -893.016319214001    -892.962096854001    0.00018186265302699985  -893.151530928571
1am1dma1sa        -893.0266534061728   -892.9719419561728   0.00018350310246520208  -893.161061721068
1dma1ma1sa        -932.251176910158    -932.193653380158    0.00019293486500083853  -932.413184719804
1am1sa1tma        -932.2581521929691   -932.2021421429689   0.00018785862820727822  -932.419903072416
2dma1sa           -971.4809952160251   -971.420720716025    0.00020216166359215165  -971.669713542009
1ma1sa1tma        -971.4823257299721   -971.423800699972    0.00019629391246017109  -971.671986578265
1dma1sa1tma       -1010.7128220204861  -1010.6511490004862  0.00020685232265638104  -1010.928608974933
1sa2tma           -1049.948464216495   -1049.8844151064948  0.0002148218011068254   -1050.187711951333
2sa               -1403.0730588301321  -1403.0234909201322  0.000166251551232601    -1403.116512448454
1am2sa            -1459.6031061877745  -1459.5499554977748  0.0001782682877746101   -1459.685202902766
1ma2sa            -1498.8362377879698  -1498.7795851279702  0.00019001391916820392  -1498.945831792284
2am2sa            -1516.1240130363237  -1516.0636520863238  0.0002024515847727654   -1516.241900628897
1dma2sa           -1538.0724877785099  -1538.01238783851    0.00020157618648331376  -1538.208732785212
1am1ma2sa         -1555.355717380473   -1555.291565130473   0.00021516766728156976  -1555.500772717732
2sa1tma           -1577.3028203212891  -1577.2401425912888  0.00021022213650846887  -1577.466482279282
2ma2sa            -1594.587605488315   -1594.5193526483147  0.00022892114707362063  -1594.759588265689
1am1dma2sa        -1594.5911880102062  -1594.526179290206   0.0002180403152775449   -1594.764728618167
1am2sa1tma        -1633.817982952008   -1633.7505142320076  0.00022629119570685891  -1634.018961862784
1dma1ma2sa        -1633.8230256828542  -1633.754519392854   0.00022977122253899044  -1634.024092059072
1ma2sa1tma        -1673.0517252817906  -1672.9808338817909  0.00023777092067751128  -1673.279930366304
2dma2sa           -1673.0584309559597  -1672.9872113059598  0.00023887191011235956  -1673.287032312608
1dma2sa1tma       -1712.2884133471373  -1712.2147612971369  0.00024703018614791216  -1712.543757369903
2sa2tma           -1751.517105955587   -1751.442555125587   0.0002500447090390743   -1751.801764036809
1isa              -7372.8934792088785  -7372.860671458879   0.00011003776622505453  -7372.881357309343
1am1isa           -7429.405973972976   -7429.366362052977   0.0001328590306892504   -7429.428223491292
1ica              -7448.062995272097   -7448.027493252098   0.00011907439208452123  -7448.052401038982
1isa1w            -7449.3167605276185  -7449.277852457619   0.0001304983062217005   -7449.326475951643
1isa1ma           -7468.630507578318   -7468.587197048319   0.00014526422941472415  -7468.679482610737
2am1isa           -7485.913503874616   -7485.866799584616   0.00015664695623008557  -7485.969612014495
1am1ica           -7504.579355363617   -7504.536996003617   0.00014207398960254904  -7504.6028442758
1am1isa1w         -7505.8257410785     -7505.7815699385     0.00014815072949857455  -7505.870703907884
1dma1isa          -7507.860917703717   -7507.814774743717   0.00015476424618480632  -7507.93640658367
1ica1w            -7524.486913996443   -7524.446066896443   0.00013700184470903908  -7524.499029185661
1am1isa1ma        -7525.138305058193   -7525.089128258192   0.00016493976186483314  -7525.222543412115
1isa2w            -7525.742014922947   -7525.697796112948   0.0001483106154620158   -7525.774536742214
1ica1ma           -7543.803350732442   -7543.760100142441   0.00014506318966962938  -7543.857723799229
1isa1ma1w         -7545.054245833562   -7545.005361573562   0.00016395857789703168  -7545.125501602261
1isa1tma          -7547.095185033003   -7547.047281453003   0.00016066939460003353  -7547.197960359202
2am1ica           -7561.087592401669   -7561.038909641669   0.00016328277712560795  -7561.146011241634
1fa1isa           -7562.603671675589   -7562.56164689559    0.00014095180278383363  -7562.622310285454
1isa2ma           -7564.361966860616   -7564.309432010617   0.00017620275029347644  -7564.47328691932
1am1dma1isa       -7564.3710012501415  -7564.318953880142   0.00017456773436189837  -7564.481682743596
1am1ica1w         -7581.001302174171   -7580.955516534172   0.0001535657554922019   -7581.0504981659
1dma1ica          -7583.038312666334   -7582.991795376333   0.00015601978869696462  -7583.119512266296
1dma1isa1w        -7584.28690891724    -7584.235497007241   0.00017243639107831626  -7584.385207907357
1am1ica1ma        -7600.318360377373   -7600.2683986873735  0.00016757232936441392  -7600.40746958089
1ica2w            -7600.906077660386   -7600.859283900385   0.00015694707362066076  -7600.940146661804
1dma1isa1ma       -7603.594772856892   -7603.539186436892   0.0001864377662250545   -7603.732290943179
1am1isa1tma       -7603.605435413747   -7603.551510873747   0.00018086375985242327  -7603.743681717262
1am1fa1isa        -7619.116306210034   -7619.068134140033   0.00016156991447258094  -7619.169212900089
1ica1ma1w         -7620.231874347686   -7620.182697567687   0.0001649397283246688   -7620.308699937175
1isa1ma2w         -7621.4771084817285  -7621.42254029173    0.00018302260607076977  -7621.570729766057
1ica1tma          -7622.271553010328   -7622.222359690329   0.0001649952372966628   -7622.378841534746
1isa1tma1w        -7623.519161396831   -7623.46635085683    0.00017712741908435352  -7623.645485674251
1fa1ica           -7637.7688134148     -7637.7245073448     0.00014860328693610603  -7637.78968377296
1fa1isa1w         -7639.025361396115   -7638.978185726114   0.00015822797249706526  -7639.066528557675
1ica2ma           -7639.542693657119   -7639.489664637119   0.0001778602381351669   -7639.659021801752
1am1dma1ica       -7639.552256545116   -7639.499211335116   0.00017791453966124434  -7639.667989267525
2dma1isa          -7642.82509820775    -7642.766530267749   0.0001964378333053832   -7642.989116788654
1isa1ma1tma       -7642.829241098986   -7642.772036558986   0.0001918649672983398   -7642.994628278146
1isa1nta          -7653.741738500391   -7653.697672460391   0.00014779825591145398  -7653.75116458929
1fa1isa1ma        -7658.341721479095   -7658.290208049095   0.0001727769243669294   -7658.421459800145
1dma1ica1w        -7659.465314722049   -7659.4133022120495  0.00017445081334898542  -7659.569446700272
2am1fa1isa        -7675.623815272825   -7675.568473362825   0.00018561767566661075  -7675.710846664799
1dma1ica1ma       -7678.777124575436   -7678.721151925436   0.00018773318799262119  -7678.920179593368
1am1ica1tma       -7678.78071250718    -7678.725254457181   0.00018600721113533458  -7678.921881210674
1dma1isa1ma1w     -7680.019892599832   -7679.959079669832   0.00020396756666107664  -7680.18047758437
1dma1isa1tma      -7682.059414288107   -7681.999475418108   0.00020103595505617977  -7682.251567429531
1am1fa1ica        -7694.282871305981   -7694.23194205598    0.00017081754150595341  -7694.337851770261
1am1fa1isa1w      -7695.5369516173305  -7695.483122947329   0.00018054227737715917  -7695.611551746091
1ica1ma2w         -7696.659137667838   -7696.603551867837   0.00018643565319470068  -7696.757403445998
1dma1fa1isa       -7697.574242530938   -7697.520264280938   0.00018104393761529433  -7697.681284329635
1ica1tma1w        -7698.690518079413   -7698.636389629413   0.00018154771088378335  -7698.820391174992
1isa1tma2w        -7699.942675337531   -7699.884309527531   0.00019575988596344122  -7700.091369137834
1am1isa1nta       -7710.2615900777855  -7710.211109017784   0.00016931433842025826  -7710.305715694662
1fa1ica1w         -7714.190711986435   -7714.140870456435   0.00016716931074962267  -7714.234011153451
1am1fa1isa1ma     -7714.851868765999   -7714.794329265999   0.000192988395103136    -7714.966052276539
1fa1isa2w         -7715.475565524563   -7715.417092074562   0.00019612094583263458  -7715.530575479784
1ica1ma1tma       -7718.005476730929   -7717.947339690928   0.00019499258762367935  -7718.174313487129
2dma1ica          -7718.00788285885    -7717.9489583188515  0.0001976338755659903   -7718.177314895113
1isa1ma1tma1w     -7719.255196789714   -7719.191294529715   0.0002143292302532283   -7719.44167073048
1isa2tma          -7721.292747464524   -7721.230801044523   0.00020776931074962268  -7721.511917270344
1ica1nta          -7728.903257225984   -7728.856632215984   0.00015638104980714406  -7728.914752555062
1isa1nta1w        -7730.169286566967   -7730.1196124169655  0.00016660791547878586  -7730.20121928305
1fa1ica1ma        -7733.515536979225   -7733.461434189225   0.00018146164682206943  -7733.599679178515
1fa1isa1ma1w      -7734.763727670316   -7734.705724940316   0.00019454210967633745  -7734.865619753292
1fa1isa1tma       -7736.807727938502   -7736.751726648501   0.00018782928056347478  -7736.942247477711
2dma1isa1ma       -7738.557276246945   -7738.489303266943   0.00022798245849404663  -7738.783512416145
1isa1ma1nta       -7749.4860136516545  -7749.431884451655   0.00018155022639610937  -7749.557042256866
2am1fa1ica        -7750.797181462169   -7750.741475332168   0.00018683927553245013  -7750.889943844798
1fa1isa2ma        -7754.072881078182   -7754.011318888182   0.00020648056347476106  -7754.214652064459
1am1dma1fa1isa    -7754.085670402512   -7754.025431662512   0.00020204172396444744  -7754.226108272434
1dma1ica1ma1w     -7755.191609951282   -7755.129960111282   0.00020677457655542516  -7755.355967787968
1dma1ica1tma      -7757.235850125064   -7757.174895995064   0.00020444115378165354  -7757.431251920692
2am1isa1nta       -7766.770817730459   -7766.71324123046    0.00019311252725138356  -7766.849063770717
1am1fa1ica1w      -7770.709889498505   -7770.655081418505   0.00018382720107328526  -7770.790628053205
1dma1fa1ica       -7772.749057505011   -7772.69267247501    0.0001891163172899547   -7772.86070528954
1dma1fa1isa1w     -7774.015039606155   -7773.949793646155   0.00021883598859634415  -7774.136311388799
1ica1tma2w        -7775.113636448658   -7775.054293128657   0.0001990384705685058   -7775.266183855179
1am1ica1nta       -7785.419319667445   -7785.368387757445   0.0001708264296495053   -7785.468694987029
1am1isa1nta1w     -7786.682982596572   -7786.6260609665715  0.00019091604896863997  -7786.748177512813
1dma1isa1nta      -7788.719696193458   -7788.663161613459   0.0001896179104477612   -7788.819179807758
1am1fa1ica1ma     -7790.019802310348   -7789.958919430348   0.00020420218011068256  -7790.137223597864
1fa1ica2w         -7790.613435558996   -7790.5582640689945  0.0001850460506456482   -7790.67930568514
1dma1fa1isa1ma    -7793.309406726828   -7793.246538156828   0.00021086221700486333  -7793.478147174275
1am1fa1isa1tma    -7793.313717695344   -7793.250326745343   0.0002126142545698474   -7793.481976564647
1ica1ma1tma1w     -7794.4268540287     -7794.3634970587     0.0002125003186315613   -7794.618220604926
1ica2tma          -7796.469852094447   -7796.406670784446   0.00021191115210464535  -7796.691947438002
1ica1nta1w        -7805.324530090464   -7805.270920990464   0.000179805802448432    -7805.356756303068
1am1isa1ma1nta    -7805.996136064648   -7805.9352102246485  0.00020434623511655207  -7806.101509117664
1isa1nta2w        -7806.592699423859   -7806.536817633859   0.00018742844205936612  -7806.646313532088
1fa1ica1ma1w      -7809.932055082308   -7809.872852152307   0.000198567600201241    -7810.038228529233
1fa1ica1tma       -7811.9740053264195  -7811.91553245642    0.00019611896696293811  -7812.111135377458
1fa1isa1tma1w     -7813.2478847378325  -7813.179946347834   0.00022786647660573542  -7813.395483250285
2dma1ica1ma       -7813.730728237895   -7813.661565407896   0.00023197326848901562  -7813.960279100149
1isa1ma2tma       -7817.020159257857   -7816.948038757856   0.00024189334227737717  -7817.300268333748
1ica1ma1nta       -7824.652518134492   -7824.598094704493   0.00018253704511152105  -7824.729022997262
1isa1ma1nta1w     -7825.907716338669   -7825.848913158669   0.00019722683213147746  -7826.002429300259
1isa1nta1tma      -7827.949526107267   -7827.891629537266   0.0001941860808317961   -7828.075900459533
1fa1ica2ma        -7829.243536996123   -7829.180124546124   0.00021268639946335737  -7829.388919102832
1am1dma1fa1ica    -7829.251462573782   -7829.188580923783   0.00021090605399966467  -7829.396031505986
1fa1isa1ma1tma    -7832.537922577441   -7832.47093037744    0.00022469297333556934  -7832.732431221581
2dma1fa1isa       -7832.540186505307   -7832.473684065307   0.00022305027670635588  -7832.734272478234
2am1ica1nta       -7841.93991707181    -7841.883423451809   0.0001894805299345967   -7842.02572843603
1isa2ma1nta       -7845.219975726719   -7845.156456596718   0.0002130442059366091   -7845.353361480333
1am1dma1isa1nta   -7845.231330671919   -7845.170220051918   0.00020496605735368105  -7845.366444676695
1dma1fa1ica1w     -7849.1690783469185  -7849.107469216919   0.0002066380345463693   -7849.303010160759
1am1ica1nta1w     -7861.849061396017   -7861.792991666016   0.00018805879590809996  -7861.921236512319
1dma1ica1nta      -7863.888386712928   -7863.8304413529295  0.00019434968975347977  -7863.991319487898
1dma1isa1nta1w    -7865.143633957029   -7865.081176887029   0.00020948207278215664  -7865.265093858575
1dma1fa1ica1ma    -7868.475623632043   -7868.410632682044   0.00021798071440550066  -7868.64846337138
1am1fa1ica1tma    -7868.484982801187   -7868.420503311187   0.0002162652691598189   -7868.657100969256
1dma1fa1isa1tma   -7871.7691138316795  -7871.70051678168    0.0002300756330706021   -7871.992270010421
1am1ica1ma1nta    -7881.172356191663   -7881.112450971662   0.0002009231259433171   -7881.285939259227
1ica1nta2w        -7881.747333904396   -7881.689203154397   0.00019497152440046955  -7881.803099325501
1dma1isa1ma1nta   -7884.457017339658   -7884.392977509658   0.0002147906087539829   -7884.620873271617
1am1isa1nta1tma   -7884.460911201502   -7884.396696721502   0.0002153764212644642   -7884.622054940312
1fa1ica1tma1w     -7888.398575572105   -7888.333972782105   0.00021667881938621498  -7888.558901497389
1ica1ma1nta1w     -7901.080750956917   -7901.020574906917   0.00020183149421432167  -7901.179662196418
1ica1nta1tma      -7903.119183151961   -7903.058772811961   0.00020261727318463866  -7903.248840634751
1isa1nta1tma1w    -7904.370396360817   -7904.306953420815   0.00021278869696461517  -7904.519360987168
2dma1fa1ica       -7907.706154395871   -7907.637297365872   0.00023094761026329027  -7907.905240018431
1fa1ica1ma1tma    -7907.709767327907   -7907.642643017908   0.0002251360389065907   -7907.909499647615
1fa1isa2tma       -7911.001827551125   -7910.930956531123   0.00023770256582257256  -7911.251634555154
1ica2ma1nta       -7920.403985502853   -7920.340648372852   0.0002124337414053329   -7920.545126014659
1am1dma1ica1nta   -7920.408154109268   -7920.3448704492685  0.00021225446922689922  -7920.548427382235
1isa1ma1nta1tma   -7923.687045443474   -7923.620947753474   0.00022169273855441893  -7923.877293880232
2dma1isa1nta      -7923.691355039207   -7923.624641899207   0.0002237569679691431   -7923.88212956119
1dma1ica1nta1w    -7940.313150919428   -7940.25009478943    0.00021149126278718767  -7940.439140872152
1dma1fa1ica1tma   -7946.938452695043   -7946.867603965044   0.00023762780479624353  -7947.164458752642
1am1ica1nta1tma   -7959.6323451352255  -7959.5666428852255  0.00022036642629548887  -7959.799663601434
1dma1ica1ma1nta   -7959.639614122041   -7959.573037612041   0.00022329867516350833  -7959.807580104281
1dma1isa1nta1tma  -7962.92191879513    -7962.852720865129   0.00023209099446587289  -7963.139448568102
1ica1nta1tma1w    -7979.5416285191695  -7979.475064679171   0.00022325621331544524  -7979.693406588847
1fa1ica2tma       -7986.174303411297   -7986.102246381297   0.00024168049639443234  -7986.427396035667
1ica1ma1nta1tma   -7998.855108581423   -7998.787309981422   0.00022739761864833138  -7999.048736988686
2dma1ica1nta      -7998.8748200273485  -7998.8052481673485  0.0002333451282911286   -7999.069588885396
1isa1nta2tma      -8002.148322769238   -8002.076062099238   0.00024236350830119063  -8002.390500232124
1dma1ica1nta1tma  -8038.098072123636   -8038.026220933634   0.0002409901056515177   -8038.3202835641
1isa1msa          -8038.458982663384   -8038.411168923385   0.00016036806976354185  -8038.501722524798
1isa1sa           -8074.444636560832   -8074.397379450832   0.00015850112359550562  -8074.46377260339
1ica1nta2tma      -8077.320061028324   -8077.2474942083245  0.00024339030689250385  -8077.568496276634
1am1isa1msa       -8094.976768256952   -8094.923090376952   0.00018003649169880934  -8095.054418794638
1ica1msa          -8113.622674694265   -8113.573772114265   0.00016402005701827939  -8113.669523873923
1isa1msa1w        -8114.885933378571   -8114.83243349857    0.0001794394767734362   -8114.952570798672
1am1isa1sa        -8130.964228031845   -8130.911053861843   0.00017834707362066076  -8131.019801346007
1isa1ma1msa       -8134.205867849637   -8134.1490608096365  0.0001905317457655543   -8134.313089825339
1ica1sa           -8149.610830369208   -8149.563188299208   0.00015979228576220027  -8149.635004483237
1isa1sa1w         -8150.871414607049   -8150.81907672705    0.00017554210967633745  -8150.915238761444
2am1isa1msa       -8151.493556238636   -8151.4351186586355  0.00019600060372295828  -8151.609596265897
1am1ica1msa       -8170.1457418157825  -8170.090669915782   0.00018471209122924702  -8170.228659222204
1isa1ma1sa        -8170.189304604613   -8170.135122654614   0.00018172715076303873  -8170.275806161309
1am1isa1msa1w     -8171.403901651207   -8171.345870471207   0.00019463753144390407  -8171.507358047499
1dma1isa1msa      -8173.441024973703   -8173.380798573702   0.00020200030186147912  -8173.575184665505
2am1isa1sa        -8187.474357151903   -8187.413362741903   0.00020457628710380686  -8187.564122858445
1ica1msa1w        -8190.044059602329   -8189.98981711233    0.0001819302029179943   -8190.113741028431
1am1isa1ma1msa    -8190.721974938692   -8190.6596648986915  0.0002089888646654369   -8190.864901008884
1isa1msa2w        -8191.3128705070085  -8191.2557103070085  0.00019171625020962605  -8191.40383183947
1am1ica1sa        -8206.13090210846    -8206.077451318459   0.00017927482810665773  -8206.191618654131
1am1isa1sa1w      -8207.386278742564   -8207.326754842563   0.00019964410531611606  -8207.464319680783
1ica1ma1msa       -8209.378432551088   -8209.320250021086   0.00019514519537145735  -8209.489652061216
1dma1isa1sa       -8209.425921005688   -8209.365785435688   0.00020169569008888146  -8209.536500820774
1isa1ma1msa1w     -8210.63292808584    -8210.57103766584    0.00020758148582928056  -8210.763123950275
1isa1msa1tma      -8212.67125786556    -8212.610900815558   0.00020243850410867016  -8212.83371315813
1ica1sa1w         -8226.034516683249   -8225.980443593246   0.00018136203253395943  -8226.079808097438
2am1ica1msa       -8226.662569560141   -8226.602454130141   0.00020162814019788694  -8226.783758179898
1am1isa1ma1sa     -8226.704177056017   -8226.639843216017   0.00021577675666610772  -8226.821833547609
1isa1sa2w         -8227.295839225133   -8227.237161155133   0.00019680721113533455  -8227.361378491525
1isa2ma1msa       -8229.947659141955   -8229.883557311954   0.00021499859131309746  -8230.119088198438
1am1dma1isa1msa   -8229.95581377463    -8229.891059624631   0.00021718648331376823  -8230.125987597461
1ica1ma1sa        -8245.363361825861   -8245.306510685861   0.00019067969143048803  -8245.451904742504
1am1ica1msa1w     -8246.572154609608   -8246.511748829607   0.0002026019788696965   -8246.67862395664
1isa1ma1sa1w      -8246.614441888383   -8246.554210168382   0.00020201814522891162  -8246.722955109892
1dma1ica1msa      -8248.609801978888   -8248.547286318888   0.00020967855106490026  -8248.746500321187
1isa1sa1tma       -8248.657583418317   -8248.597072478316   0.0002029546872379675   -8248.796687467393
1dma1isa1msa1w    -8249.86651933026    -8249.80283301026    0.00021360493040415899  -8250.02501463857
2am1ica1sa        -8262.64944323809    -8262.591326418089   0.00019492476941137014  -8262.748022407975
1am1ica1ma1msa    -8265.894377728999   -8265.830403228998   0.00021457152440046962  -8266.042804571682
1isa2ma1sa        -8265.93031443872    -8265.865199578719   0.00021839631058192182  -8266.077521717465
1am1dma1isa1sa    -8265.935273557787   -8265.871186587787   0.0002149487506288781   -8266.083153297908
1ica1msa2w        -8266.468983557523   -8266.410626227524   0.00019573144390407516  -8266.562017572118
1am1isa1msa1tma   -8269.180380139705   -8269.113086139705   0.00022570518195539165  -8269.377375341872
1dma1isa1ma1msa   -8269.181029276364   -8269.113332746365   0.00022705527419084355  -8269.378443364849
1am1ica1sa1w      -8282.555960129259   -8282.496795709258   0.00019843843702834144  -8282.639560962043
1dma1ica1sa       -8284.598930939052   -8284.53875079905    0.0002018451786013752   -8284.714233529032
1ica1ma1msa1w     -8285.80150522998    -8285.73689460998    0.00021670504779473424  -8285.934350282601
1dma1isa1sa1w     -8285.849131049938   -8285.785635389937   0.00021296548717088712  -8285.984447030394
1ica1msa1tma      -8287.840840278426   -8287.776564258427   0.00021558282743585445  -8288.00639011452
1isa1msa1tma1w    -8289.096056156564   -8289.029669376565   0.00022266235116552078  -8289.280835508876
1am1ica1ma1sa     -8301.876975208706   -8301.813044318706   0.00021442525574375315  -8301.999804039217
1ica1sa2w         -8302.45422540966    -8302.39526764966    0.000197745262451786    -8302.523652962602
1ica2ma1msa       -8305.126044717717   -8305.058073117718   0.0002279778634915311   -8305.30143159322
1am1dma1ica1msa   -8305.128015036114   -8305.061271296114   0.00022385963441220864  -8305.303444376475
1dma1isa1ma1sa    -8305.16367764713    -8305.09575927713    0.00022779932919671315  -8305.337398047242
1am1isa1sa1tma    -8305.167196019687   -8305.100492739688   0.0002237238973670971   -8305.340494946875
1isa1ma1msa1tma   -8308.407311107401   -8308.3373092874     0.00023478725473754828  -8308.631879565166
2dma1isa1msa      -8308.41292342074    -8308.342000950739   0.0002378751299681369   -8308.637825827165
1ica1ma1sa1w      -8321.78766095872    -8321.72456232872    0.00021163384202582593  -8321.89827916672
1ica1sa1tma       -8323.827067553724   -8323.764372663725   0.00021027969143048802  -8323.969725371331
1dma1ica1msa1w    -8325.033175954468   -8324.966352004467   0.00022412862653027003  -8325.194333930973
1isa1sa1tma1w     -8325.079884138608   -8325.013286178606   0.00022337061881603221  -8325.241754154322
1ica2ma1sa        -8341.10220211542    -8341.037872365421   0.0002157630387388899   -8341.255825708628
1am1dma1ica1sa    -8341.11129845115    -8341.04506473115    0.0002221489854100285   -8341.26148926845
1am1ica1msa1tma   -8344.348428423693   -8344.280093103693   0.00022919778634915313  -8344.551565944868
1dma1ica1ma1msa   -8344.359869873884   -8344.289299123886   0.00023669545530773103  -8344.56256956784
1isa1ma1sa1tma    -8344.396840294346   -8344.326754554348   0.0002350687237967466   -8344.597735023512
2dma1isa1sa       -8344.40041892999    -8344.32981330999    0.0002368124434009727   -8344.602046229422
1dma1isa1msa1tma  -8347.643935111942   -8347.570725881944   0.00024554499413047124  -8347.895537324503
1dma1ica1sa1w     -8361.020262844815   -8360.954440284815   0.00022076994801274524  -8361.158170921659
1ica1msa1tma1w    -8364.260418052016   -8364.189592522016   0.00023754999161495894  -8364.446602757782
1am1ica1sa1tma    -8380.343999157454   -8380.277103667455   0.000224368572866007    -8380.524974311238
1dma1ica1ma1sa    -8380.347473943395   -8380.279021793398   0.00022958963608921682  -8380.528489402353
1ica1ma1msa1tma   -8383.578281448521   -8383.50688228852    0.00023947395606238478  -8383.806972359753
2dma1ica1msa      -8383.593432317033   -8383.520066547033   0.00024607003186315614  -8383.82327202145
1dma1isa1sa1tma   -8383.63126954977    -8383.55837788977    0.00024447982559114544  -8383.859557617534
1isa1msa2tma      -8386.87240645044    -8386.79806555044    0.0002493406003689418   -8387.151679902086
1ica1sa1tma1w     -8400.248813630767   -8400.180736460767   0.00022833191346637597  -8400.414131792539
1ica1ma1sa1tma    -8419.576328102656   -8419.506022192656   0.00023580717759517022  -8419.784121036353
2dma1ica1sa       -8419.584201639347   -8419.512731339346   0.00023971256079154788  -8419.79167961751
1dma1ica1msa1tma  -8422.81215606901    -8422.737440859011   0.00025059600872044273  -8423.067666335544
1isa1sa2tma       -8422.858131868428   -8422.78410296843    0.0002482941137011572   -8423.114009847272
1dma1ica1sa1tma   -8458.802739498142   -8458.729200828142   0.00024664990776454804  -8459.036601065918
1ica1msa2tma      -8462.039969352156   -8461.962888452155   0.00025853060539996647  -8462.323074039517
1ica1sa2tma       -8498.03029950496    -8497.954277894958   0.00025497769579070937  -8498.29140407431
1it               -14744.53656880552   -14744.49220134552   0.00014880919000503101  -14744.512367169425
2isa              -14745.802947159613  -14745.75751497961   0.0001523802783833641   -14745.80082393112
1am1it            -14801.048701791042  -14800.99895449104   0.00016685326178098278  -14801.060203872239
1am2isa           -14802.311975210998  -14802.261065130997  0.00017075324501090056  -14802.34517470511
1ip               -14819.701777903447  -14819.655952513447  0.0001536991111856448   -14819.680671659227
1it1w             -14820.961063284609  -14820.91219900461   0.0001638915646486668   -14820.960229735483
1ica1isa          -14820.97215260791   -14820.92483195791   0.00015871423779976522  -14820.972622110135
2isa1w            -14822.22733122403   -14822.17430666403   0.00017784524568170387  -14822.245352663247
1it1ma            -14840.275045313289  -14840.222282563289  0.00017696713063894014  -14840.314367802452
2isa1ma           -14841.539511353172  -14841.483809283172  0.0001868256582257253   -14841.598398435692
2am2isa           -14858.827823604941  -14858.769078144942  0.00019703323830286772  -14858.895035046326
1am1ip            -14876.213655735593  -14876.162194625593  0.00017260144222706693  -14876.228061546268
1am1it1w          -14877.491098886429  -14877.438116016427  0.000177705416736542    -14877.526756010553
1am1ica1isa       -14877.491195600966  -14877.439365940965  0.00017383753144390408  -14877.528846552186
1am2isa1w         -14878.739726559921  -14878.681382089922  0.00019568827771256083  -14878.793996172548
1dma1it           -14879.508046250632  -14879.452829650632  0.00018519738386718094  -14879.574591362358
1dma2isa          -14880.77494410527   -14880.717930325269  0.00019122515512326013  -14880.862271820339
1ip1w             -14896.124806612672  -14896.073943412672  0.00017059600872044276  -14896.12645444598
2ica              -14896.13521288908   -14896.08664301908   0.0001629041757504612   -14896.138350533785
1ica1isa1w        -14897.397579011202  -14897.344875331202  0.00017676900888814357  -14897.420774661465
1it2w             -14897.399712825492  -14897.347050365492  0.000176630756330706    -14897.42300621938
1am2isa1ma        -14898.051304217677  -14897.989638067676  0.0002068292805634748   -14898.146039543937
2isa2w            -14898.651323003302  -14898.5942073933    0.0001915666946168036   -14898.693936241378
1ip1ma            -14915.443987481609  -14915.389618221609  0.00018235539158141878  -14915.486371368817
1it1ma1w          -14916.718957842892  -14916.66272466289   0.00018860700989434848  -14916.782686108361
1ica1isa1ma       -14916.71903297052   -14916.662761630521  0.0001887349991614959   -14916.78270990456
2isa1ma1w         -14917.963241612875  -14917.903305192875  0.00020102773771591483  -14918.046525058768
1it1tma           -14918.74470661615   -14918.68760016615   0.000191535971826262    -14918.838484046735
2isa1tma          -14920.006646246444  -14919.947552296444  0.00019820207949018955  -14920.121577553808
2am1ica1isa       -14934.003496662932  -14933.944518822931  0.00019781264464195875  -14934.074613424944
2am1it1w          -14934.003559092329  -14933.94439773233   0.00019842817373805132  -14934.07451137574
1fa1it            -14934.251604066923  -14934.200254826923  0.00017222616132819054  -14934.260265213386
2isa2ma           -14937.276081446493  -14937.210491636493  0.0002199893342277377   -14937.39731384799
1am1dma2isa       -14937.283723488596  -14937.219861568594  0.00021419396277041756  -14937.405461114917
1am2ica           -14952.649921659562  -14952.595110909562  0.00018383615629716588  -14952.68858686982
1am1ip1w          -14952.654392530656  -14952.600307660656  0.00018140154284755996  -14952.693988698577
1am1it2w          -14953.914090416212  -14953.855847276212  0.00019534848230756333  -14953.972442914248
1am1ica1isa1w     -14953.914574580296  -14953.856717300296  0.00019405430152607747  -14953.973960452528
1dma1ip           -14954.677631861174  -14954.621108691174  0.0001895796411202415   -14954.74753393613
1dma1ica1isa      -14955.95353353711   -14955.893870277108  0.0002001115545866175   -14956.044036883577
1dma1it1w         -14955.953636499216  -14955.894143079218  0.00019954190843535132  -14956.044164458208
1dma2isa1w        -14957.197173972414  -14957.134279162414  0.000210950192855945    -14957.306741629216
1ip2w             -14972.546552343823  -14972.490769023823  0.00018709813852087878  -14972.571293868075
2ica1w            -14972.557181463091  -14972.502929873091  0.00018196072446754991  -14972.582911088206
1am1ica1isa1ma    -14973.230809874758  -14973.168596424757  0.00020866493375817544  -14973.32922161163
1am1it1ma1w       -14973.231010294214  -14973.168807174214  0.0002086302532282408   -14973.329426346769
1it3w             -14973.821618513379  -14973.76349125338   0.00019495978534294817  -14973.867394740182
1ica1isa2w        -14973.823593374718  -14973.766237774717  0.00019237162502096263  -14973.869883065254
1dma2isa1ma       -14976.506935627725  -14976.440909107725  0.00022145403320476272  -14976.657164000299
1am2isa1tma       -14976.517276029761  -14976.45153423976   0.00022049904410531614  -14976.666211642112
2ica1ma           -14991.886991207786  -14991.829604877787  0.00019247469394600037  -14991.954490586917
1ip1ma1w          -14991.887045536238  -14991.829648476238  0.0001925107160825088   -14991.95450501391
1ica1isa1ma1w     -14993.142821827587  -14993.081378037588  0.0002060834814690592   -14993.229151909236
1it1ma2w          -14993.144227655612  -14993.081851445611  0.00020921083347308402  -14993.230150309653
1ip1tma           -14993.915250045948  -14993.856553205947  0.00019687016602381354  -14994.012158245007
1it1tma1w         -14995.178796854296  -14995.117296974295  0.0002062716082508804   -14995.295575801067
1ica1isa1tma      -14995.182471787459  -14995.122606077459  0.00020079057521381856  -14995.3013640336
2isa1tma1w        -14996.430926492018  -14996.366642532019  0.00021560945832634583  -14996.568441253363
2am1ip1w          -15009.169746786629  -15009.10993136663   0.00020062193526748287  -15009.24544570038
2am2ica           -15009.17037157363   -15009.10935124363   0.00020466322320979372  -15009.244618465806
1fa1ip            -15009.4068163665    -15009.3524888765    0.0001822152607747778   -15009.417337710287
1ica1isa2ma       -15012.4555727784    -15012.3900225784    0.00021985644809659568  -15012.580967041447
1it2ma1w          -15012.455796979879  -15012.38987717988   0.0002210960925708536   -15012.580877198792
1am1dma1it1w      -15012.464650465496  -15012.400046845498  0.00021668160321985577  -15012.590265502698
1am1dma1ica1isa   -15012.464852589348  -15012.400194139349  0.00021686550394096934  -15012.590469204604
2isa1ma1tma       -15015.73880851632   -15015.67031239632   0.00022973711219184974  -15015.916115961472
2dma2isa          -15015.738940190638  -15015.669840830638  0.00023176038906590646  -15015.91523647986
1it1nta           -15025.39497714069   -15025.34258527069   0.00017572319302364584  -15025.395699919072
1am2ica1w         -15029.081752006778  -15029.022728856777  0.00019796464866677846  -15029.145171436187
1am1ip2w          -15029.084371068357  -15029.025110088356  0.0001987623343954386   -15029.147670597751
1dma2ica          -15031.12247893736   -15031.06166833736   0.00020395975180278382  -15031.216655692639
1dma1ip1w         -15031.125105988454  -15031.064328158454  0.00020384984068421935  -15031.219450380702
1dma1it2w         -15032.374709787777  -15032.308968677777  0.0002204967633741406   -15032.48768772029
1dma1ica1isa1w    -15032.376579962169  -15032.313097392169  0.00021292161663592155  -15032.490477017574
1am1ip1ma1w       -15048.398068167604  -15048.334589537604  0.00021290836827100453  -15048.50052854586
1am2ica1ma        -15048.401252448044  -15048.337314208045  0.00021444990776454807  -15048.503740829865
1ip3w             -15048.976217957768  -15048.918249477769  0.00019442726815361398  -15049.02469970488
2ica2w            -15048.9799327106    -15048.9210245606    0.00019757886969646153  -15049.029018470495
1dma1ica1isa1ma   -15051.68928295248   -15051.62137670248   0.00022775864497736044  -15051.841973711207
1dma1it1ma1w      -15051.689533881277  -15051.621172581277  0.0002292849236961261   -15051.84181742302
1am1it1tma1w      -15051.691735880784  -15051.624903660784  0.0002241563642461848   -15051.844358510283
1am1ica1isa1tma   -15051.691958939706  -15051.624725929705  0.0002255005869528761   -15051.844098935759
1dma2isa1tma      -15054.972583007677  -15054.900895817678  0.00024044001341606575  -15055.17580210942
2ica1ma1w         -15068.313395109864  -15068.250318259865  0.00021156079154787855  -15068.403725110658
1ip1ma2w          -15068.315449164224  -15068.252184444224  0.00021219091061546204  -15068.405706941594
1ip1tma1w         -15070.348908882846  -15070.285806542846  0.00021164628542679864  -15070.470315412651
2ica1tma          -15070.348922495781  -15070.28580625578   0.0002116929062552407   -15070.470315451543
1it1tma2w         -15071.60315831933   -15071.536388819331  0.00022394600033540161  -15071.744654184495
1ica1isa1tma1w    -15071.603771912716  -15071.538061932717  0.00022039238638269323  -15071.744647514775
1ip2ma1w          -15087.622856853694  -15087.556589123693  0.00022226302196880766  -15087.75283523129
1am1dma2ica       -15087.62537675868   -15087.558434448682  0.00022452560791547886  -15087.753178865856
1am1dma1ip1w      -15087.633351281735  -15087.566440411736  0.0002244201911789368   -15087.762493594786
2ica2ma           -15087.637214263228  -15087.569741703228  0.00022630407512996814  -15087.76894781632
1ica1isa1ma1tma   -15090.91388638815   -15090.844754898151  0.0002318681536139527   -15091.094672108416
1it1ma1tma1w      -15090.916903371666  -15090.846340821667  0.00023666791883280233  -15091.095838803554
2dma1ica1isa      -15090.919655093301  -15090.848587473301  0.00023836196545363073  -15091.09870251046
2dma1it1w         -15090.919729871202  -15090.8489709212    0.00023732671474090226  -15091.09903448612
2isa2tma          -15094.201329170779  -15094.128277250778  0.00024501734026496734  -15094.43208886456
1ip1nta           -15100.542936716296  -15100.486398066298  0.0001896315948348147   -15100.544385853636
1dma1ip2w         -15107.544019698216  -15107.477846348218  0.00022194650343786685  -15107.661345965218
1dma2ica1w        -15107.546453458304  -15107.480475648306  0.0002212906590642294   -15107.664221974634
1am1ip1tma1w      -15126.853698179002  -15126.786856539002  0.00022418799262116388  -15127.010779356975
1dma2ica1ma       -15126.859741014694  -15126.791141054695  0.0002300854267985913   -15127.017662103313
1am2ica1tma       -15126.861019677497  -15126.793802237495  0.00022544839845715242  -15127.018597250995
1dma1ip1ma1w      -15126.870067166801  -15126.799780836802  0.00023574150595337916  -15127.028754821453
1dma1ica1isa1tma  -15130.14764556017   -15130.075931230167  0.00024053107496226734  -15130.355462902478
1dma1it1tma1w     -15130.15069377932   -15130.077721419322  0.0002447504611772598   -15130.356848979498
2ica1tma1w        -15146.767221519709  -15146.69971253971   0.00022642622840851918  -15146.910217722367
1ip1tma2w         -15146.771345469624  -15146.702754719627  0.00023005450276706357  -15146.916048841847
1ip1ma1tma1w      -15166.08393208075   -15166.01314324075   0.00023742689921180612  -15166.26777627163
2ica1ma1tma       -15166.086032418872  -15166.015747558871  0.00023573660908938454  -15166.270808708661
2dma1ip1w         -15166.103054605917  -15166.030025125916  0.00024494207613617305  -15166.289028584491
2dma2ica          -15166.1036468455    -15166.030670665501  0.00024476330706020463  -15166.28957995399
1ica1isa2tma      -15169.366196735127  -15169.29248406513   0.00024723354016434687  -15169.60052695496
1it2tma1w         -15169.377670348907  -15169.302547558907  0.0002519630722790542   -15169.610939556744
1dma1ip1tma1w     -15205.321206154107  -15205.247612774108  0.00024683340600368945  -15205.532783200275
1dma2ica1tma      -15205.321380962787  -15205.247608962787  0.0002474325004192521   -15205.532728142705
1ip2tma1w         -15244.545935155653  -15244.46916158565   0.0002574998155290961   -15244.782925022908
2ica2tma          -15244.5460172853    -15244.469792185302  0.0002556602381351669   -15244.785265685954
1it1msa           -15410.09767801116   -15410.040189471161  0.00019281750796578905  -15410.13153118597
1it1sa            -15446.085697107435  -15446.029961337434  0.00018693868857957405  -15446.097315093828
1ip1msa           -15485.2593828026    -15485.199459232601  0.0002009846050645648   -15485.295529355717
1ip1sa            -15521.247207088521  -15521.19024214852   0.0001910613449605903   -15521.261868824447
1isa1it           -22117.446208085967  -22117.391805925967  0.00018246573872211973  -22117.434904606966
3isa              -22118.7156292665    -22118.6592279865    0.0001891708200570183   -22118.724521365104
1ip1isa           -22192.608152190252  -22192.551687700252  0.00018938282743585444  -22192.599302607126
1ica1it           -22192.614829678827  -22192.558237878828  0.0001898097937279893   -22192.605438065813
1isa1it1w         -22193.882923167374  -22193.824691107377  0.0001953112862653027   -22193.894960309764
1ica2isa          -22193.891302002932  -22193.833312872932  0.0001944965285929901   -22193.903935865346
3isa1w            -22195.140319061644  -22195.078162791644  0.0002084731510984404   -22195.17234661726
1ica1ip           -22267.7756260129    -22267.7173333229    0.0001955146402817374   -22267.769124232484
1ica1it1w         -22269.04904123248   -22268.98856496248   0.00020283840348817709  -22269.063824152567
1ip1isa1w         -22269.05099807322   -22268.99054860322   0.00020274851584772764  -22269.06547363614
2ica1isa          -22269.053038181213  -22268.994221001212  0.00019727378836156294  -22269.069288420993
1isa1it2w         -22270.31004022222   -22270.24715504222   0.00021091792721784336  -22270.34569625062
1ica2isa1w        -22270.314386116213  -22270.250760586212  0.00021340103974509477  -22270.349911064197
3isa2w            -22271.57198244307   -22271.50725387307   0.00021710068757336914  -22271.62912958588
3ica              -22344.20807857403   -22344.14605366403   0.00020803256749958078  -22344.22495683537
1ica1ip1w         -22344.2081273543    -22344.1460871943    0.0002080836827100453   -22344.22493180713
1ica1it2w         -22345.47002611714   -22345.403998077138  0.00022145913130974337  -22345.50719961513
1ip1isa2w         -22345.477508825985  -22345.410983665985  0.00022312647995975182  -22345.51429184805
2ica1isa1w        -22345.479266256953  -22345.414633636952  0.0002167788696964615   -22345.51758395741
1isa1it3w         -22346.734921322786  -22346.667060422784  0.00022760657387221203  -22346.794526191967
1ica2isa2w        -22346.735382338273  -22346.66642327827   0.00023128985410028507  -22346.793290896807
1ica1ip2w         -22420.627710074587  -22420.561477644587  0.0002221446587288278   -22420.66927517425
3ica1w            -22420.635004948337  -22420.56689356834   0.00022844668790877073  -22420.673724822518
1ica1it3w         -22421.89526237094   -22421.82503893094   0.00023553057185980212  -22421.956230039457
2ica1isa2w        -22421.895809986603  -22421.826508926602  0.00023243689418078146  -22421.957553590968
1ip1isa3w         -22421.900929009433  -22421.831019799432  0.00023447663927553245  -22421.962899638384
1ica1ip3w         -22497.051701197008  -22496.97960712701   0.0002418047291631729   -22497.114320495257
3ica2w            -22497.058038197112  -22496.98651226711   0.00023989914472580923  -22497.121634106006
2it               -29489.09880857457   -29489.037775024568  0.0002047075633070602   -29489.080076616978
4isa              -29491.62585665368   -29491.55889500368   0.0002245904745933255   -29491.64778273828
1ip1it            -29564.261544493787  -29564.198895893787  0.00021012440046956236  -29564.245714463796
2it1w             -29565.526842390693  -29565.46018505069   0.00022356981385208784  -29565.530136244535
1ica3isa          -29566.80234176401   -29566.73347997401   0.00023096357538151938  -29566.82734884281
4isa1w            -29568.053029193183  -29567.979066473185  0.0002480721784336743   -29568.096644535875
2ip               -29639.421426631845  -29639.356964051844  0.00021620855274190846  -29639.408253234436
1ip1it1w          -29640.700038293508  -29640.631382463507  0.00023027278215663252  -29640.705926208466
2ica2isa          -29641.96340182507   -29641.89309487507   0.00023581063223209793  -29641.99094651322
2it2w             -29641.965026181973  -29641.893421561974  0.00024016307227905419  -29641.99228109201
1ica3isa1w        -29643.224245499005  -29643.151312579004  0.000244618178769076    -29643.273226500656
4isa2w            -29644.484796267923  -29644.408095807925  0.0002572546033875566   -29644.55368923941
2ip1w             -29715.845293216564  -29715.776406226567  0.000231048063055509    -29715.854974799706
1ip1it2w          -29717.119542613815  -29717.047565983816  0.00024141079993291966  -29717.150274665153
3ica1isa          -29717.127248911263  -29717.056382051265  0.0002376886131142043   -29717.158716307993
2it3w             -29718.385623697945  -29718.309698517944  0.0002546543015260775   -29718.43628168117
2ica2isa1w        -29718.38965525401   -29718.313167044013  0.0002565426798591313   -29718.4389431657
1ica3isa2w        -29719.64604352403   -29719.568581704032  0.000259808217340265    -29719.719622602584
2ip2w             -29792.275593136514  -29792.200926946516  0.00025043162837497907  -29792.30786813974
4ica              -29792.289615267535  -29792.214953827537  0.00025041569679691436  -29792.32069157125
1ip1it3w          -29793.54361238089   -29793.46615496089   0.0002597934261277881   -29793.596726147473
3ica1isa1w        -29793.550782344184  -29793.475419544186  0.00025276803622337754  -29793.60592148393
2ica2isa2w        -29794.799869309103  -29794.719800429102  0.0002685523394264632   -29794.873840795837
2ip3w             -29868.70089068629   -29868.62080977629   0.00026859268824417243  -29868.755679899692
4ica1w            -29868.708822740373  -29868.631547340374  0.0002591829615965118   -29868.76571259447
3ica1isa2w        -29869.97404126911   -29869.89126510911   0.00027763260103974514  -29870.049347904933
4ica2w            -29945.130225530844  -29945.049498150845  0.00027076095924870037  -29945.21060802465
