#CLUSTER          dG_298.15K_[Eh]  dH_298.15K_[Eh]  dS_298.15K_[Eh/K]       dE_[Eh]
1am               -56.58896886     -56.56712818     7.325399966459837e-05   -56.605461327433
1w                -76.4730721      -76.45165569     7.18309575716921e-05    -76.476937576719
1ma               -95.89960323     -95.87224235     9.176880764715747e-05   -95.941054347304
2am               -113.17252671    -113.13686102    0.00011962331041422104  -113.215818880825
1dma              -135.21503768    -135.1841911     0.00010345993627368774  -135.282572330162
1am1ma            -152.48083395    -152.44297411    0.00012698252557437532  -152.552499298094
1tma              -174.5332393     -174.50058905    0.00010950947509642799  -174.628001858595
1fa               -189.8691586     -189.84097117    9.454110347140701e-05   -189.87916530728
2ma               -191.78965648    -191.74866844    0.00013747455978534298  -191.888656474963
1am1dma           -191.79619776    -191.75500497    0.0001381612946503438   -191.894075557703
1dma1ma           -231.10534833    -231.06094525    0.0001489286936105987   -231.230457029865
1am1tma           -231.1150778     -231.07209012    0.00014418138520878754  -231.240261568931
2dma              -270.4204664     -270.3739865     0.00015589434848230758  -270.5731658207
1ma1tma           -270.42389364    -270.37783915    0.00015446748281066578  -270.576484334555
1nta              -281.04415819    -281.01405382    0.00010097055173570352  -281.045549612829
1dma1tma          -309.73952231    -309.69049626    0.0001644341774274694   -309.918650316221
2tma              -349.05541338    -349.0052043     0.0001684020794901895   -349.262320029374
1isa              -446.81344401    -446.78063626    0.00011003776622505453  -446.801322110465
1am1isa           -503.40567193    -503.36606001    0.0001328590306892504   -503.427921448315
1ica              -522.02349266    -521.98799064    0.00011907439208452123  -522.012898426884
1isa1w            -523.28831326    -523.24940519    0.0001304983062217005   -523.298028684025
1isa1ma           -542.71636862    -542.67313986    0.00014498997149086032  -542.765351560204
2am1isa           -559.99586       -559.94915571    0.00015664695623008557  -560.051968139879
1am1ica           -578.61963618    -578.57725654    0.0001421420090558444   -578.643353705961
1am1isa1w         -579.88307244    -579.83891952    0.00014808958577897032  -579.928077321311
1dma1isa          -582.03250409    -581.98636113    0.00015476424618480632  -582.107992969953
1ica1w            -598.49872825    -598.45792635    0.0001368502096260272   -598.510927463787
1am1isa1ma        -599.30743146    -599.25825466    0.00016493976186483314  -599.391669813922
1isa2w            -599.7649776     -599.72193896    0.00014435230588629886  -599.798140471274
1ica1ma           -617.93073858    -617.88748799    0.00014506318966962938  -617.985111646787
1isa1ma1w         -619.19561886    -619.1473918     0.000161754351836324    -619.267592712674
1isa1tma          -621.35176028    -621.3038567     0.00016066939460003353  -621.454535606199
2am1ica           -635.2115572     -635.16287444    0.00016328277712560795  -635.269976039965
1fa1isa           -636.6952067     -636.65318777    0.00014093221532785513  -636.713859650952
1isa2ma           -638.61762185    -638.565087      0.00017620275029347644  -638.728941908704
1am1dma1isa       -638.62657843    -638.57453106    0.00017456773436189837  -638.737259923455
1am1ica1w         -655.09334137    -655.0479507     0.00015224105316116049  -655.142982769974
1dma1ica          -657.25119749    -657.2046802     0.00015601978869696462  -657.332397089963
1dma1isa1w        -658.51466184    -658.46324993    0.00017243639107831626  -658.612960830116
1msa              -664.51157737    -664.47596399    0.00011944782827435855  -664.545270716002
1am1ica1ma        -674.52455251    -674.47459082    0.00016757232936441392  -674.613661713517
1ica2w            -674.97360046    -674.92694855    0.00015647123930907265  -675.007851135048
1dma1isa1ma       -677.9366419     -677.88116894    0.00018605721952037567  -678.074305096929
1am1isa1tma       -677.94567189    -677.89180095    0.00018068401811168876  -678.083989132245
1am1fa1isa        -693.29300558    -693.24484653    0.00016152624517860138  -693.345928577848
1ica1ma1w         -694.41015568    -694.3609789     0.0001649397283246688   -694.486981269489
1isa1ma2w         -695.67016778    -695.61559959    0.00018302260607076977  -695.763789064328
1ica1tma          -696.56908342    -696.51997027    0.0001647263122589301   -696.676468631763
1isa1tma1w        -697.83190894    -697.77908889    0.00017715931578064732  -697.958227557215
1sa               -700.447511      -700.41373473    0.0001132861982223713   -700.459318641478
1fa1ica           -711.90350421    -711.85863217    0.00015050155961764212  -711.92358297122
1fa1isa1w         -713.17406966    -713.12689399    0.00015822797249706526  -713.21523682156
1ica2ma           -713.83539046    -713.78236144    0.0001778602381351669   -713.951718604633
1am1dma1ica       -713.8440023     -713.79095709    0.00017791453966124434  -713.959735022409
2dma1isa          -717.25245012    -717.19406164    0.00019583592151601543  -717.416661682319
1isa1ma1tma       -717.25595156    -717.19874807    0.0001918614791212477   -717.421329413247
1isa1nta          -727.86820244    -727.82416711    0.0001476952205265806   -727.877648179438
1fa1isa1ma        -732.6049135     -732.55340007    0.0001727769243669294   -732.68465182105
1dma1ica1w        -733.72957629    -733.67756378    0.00017445081334898542  -733.833708268223
2am1fa1isa        -749.879706      -749.82400794    0.00018681220861982222  -749.966616578802
1dma1ica1ma       -753.15481413    -753.09884148    0.00018773318799262119  -753.297869147931
1am1ica1tma       -753.16237582    -753.1070718     0.00018549059198390072  -753.303724776371
1dma1isa1ma1w     -754.41260623    -754.35172542    0.0002041952372966628   -754.573135145004
1dma1isa1tma      -756.57170053    -756.51171452    0.00020119406339091063  -756.763850790891
1am1sa            -757.04642468    -757.00494572    0.00013912107999329196  -757.090982173944
1am1fa1ica        -768.49735437    -768.44642512    0.00017081754150595341  -768.552334834281
1am1fa1isa1w      -769.76428781    -769.71043068    0.00018063769914472588  -769.838900522181
1ica1ma2w         -770.88798798    -770.83240218    0.00018643565319470068  -770.98625375816
1dma1fa1isa       -771.9219891     -771.86801085    0.00018104393761529433  -772.029030898697
1ica1tma1w        -773.04502236    -772.99089391    0.00018154771088378335  -773.174895455579
1isa1tma2w        -774.30577516    -774.24757246    0.00019521284588294483  -774.454631938328
1am1isa1nta       -784.47321349    -784.42273243    0.00016931433842025826  -784.517339106877
1fa1ica1w         -788.37724208    -788.32740055    0.00016716931074962267  -788.420541247016
1am1fa1isa1ma     -789.19307725    -789.13488381    0.0001951817876907597   -789.308055311748
1fa1isa2w         -789.66812406    -789.60965061    0.00019612094583263458  -789.723134015221
2dma1ica          -792.47129411    -792.41236957    0.0001976338755659903   -792.640726146263
1ica1ma1tma       -792.47323329    -792.41516717    0.00019475468723796746  -792.642116695986
1isa1ma1tma1w     -793.73246816    -793.6685659     0.0002143292302532283   -793.918942100765
1isa2tma          -795.88996386    -795.82801744    0.00020776931074962268  -796.109133665821
1ma1sa            -796.35996721    -796.31490223    0.0001511486835485494   -796.432751132633
1ica1nta          -803.07132286    -803.02469785    0.00015638104980714406  -803.082818189077
1isa1nta1w        -804.35229672    -804.30262257    0.00016660791547878586  -804.384229436084
1fa1ica1ma        -807.8132253     -807.75946788    0.00018030323662585952  -807.897741334768
1fa1isa1ma1w      -809.07626645    -809.01860792    0.00019338765721952037  -809.178569952086
1fa1isa1tma       -811.24013021    -811.18412892    0.00018782928056347478  -811.37464974921
2dma1isa1ma       -813.14989067    -813.0820398     0.00022757293308737215  -813.376367413921
2am1sa            -813.64009032    -813.5926544     0.00015910085527419087  -813.719794831336
1isa1ma1nta       -823.78770508    -823.73357588    0.00018155022639610937  -823.858733685212
2am1fa1ica        -825.08793278    -825.03231968    0.00018652725138353177  -825.180671485004
1fa1isa2ma        -828.50389859    -828.4423364     0.00020648056347476106  -828.645669576277
1am1dma1fa1isa    -828.51188701    -828.45164827    0.00020204172396444744  -828.652324879922
1dma1ica1ma1w     -829.62626313    -829.56470888    0.000206453966124434    -829.79074952293
1dma1ica1tma      -831.7892823     -831.72832817    0.00020444115378165354  -831.984684095629
1dma1sa           -835.68070117    -835.63280223    0.00016065383196377665  -835.780753042828
2am1isa1nta       -841.06407019    -841.00649369    0.00019311252725138356  -841.142316230258
1am1fa1ica1w      -844.97262438    -844.9178163     0.00018382720107328526  -845.053362934701
1dma1fa1ica       -847.13243031    -847.07598128    0.0001893309743417743   -847.244010985925
1dma1fa1isa1w     -848.40822673    -848.34298077    0.00021883598859634415  -848.529498512645
1ica1tma2w        -849.51823153    -849.4588956     0.00019901368438705349  -849.670799627059
1am1ma1sa         -852.9534506     -852.90223431    0.0001717802783833641   -853.061261946881
1am1ica1nta       -859.67140132    -859.6204878     0.00017076478282743586  -859.720753109165
1am1isa1nta1w     -860.9450759     -860.88824953    0.00019059657890323664  -861.010357156166
1dma1isa1nta      -863.10523876    -863.04916654    0.00018806711386885796  -863.204114005642
1am1fa1ica1ma     -864.40236207    -864.34147919    0.00020420218011068256  -864.519783357517
1fa1ica2w         -864.85079731    -864.79562582    0.0001850460506456482   -864.916667436145
1dma1fa1isa1ma    -867.82213738    -867.75907617    0.00021150833473084028  -867.990239507483
1am1fa1isa1tma    -867.8281156     -867.76432133    0.0002139670300184471   -867.995522653136
1ica1ma1tma1w     -868.94616487    -868.88302489    0.0002117725306054      -869.13779741966
1ica2tma          -871.1080621     -871.04496268    0.00021163649169880932  -871.330293147607
1sa1tma           -875.00050774    -874.95057551    0.00016747348650008386  -875.127718084406
1ica1nta1w        -879.54776992    -879.49416082    0.000179805802448432    -879.579996132605
1am1isa1ma1nta    -880.37594287    -880.31583462    0.00020160402481972167  -880.482375005574
1isa1nta2w        -880.82657393    -880.77109036    0.00018609280563474764  -880.880651071179
1fa1ica1ma1w      -884.28712633    -884.2279234     0.000198567600201241    -884.393299776925
1fa1ica1tma       -886.44931112    -886.39083825    0.00019611896696293811  -886.586441171037
1fa1isa1tma1w     -887.72604021    -887.65810182    0.00022786647660573542  -887.873638722452
2dma1ica1ma       -888.36468829    -888.29566475    0.00023150612107999334  -888.594454166474
1isa1ma2tma       -891.78388136    -891.71176086    0.00024189334227737717  -892.063990435891
2ma1sa            -892.26479726    -892.2105749     0.00018186265302699985  -892.40000897457
1am1dma1sa        -892.2738602     -892.22001851    0.00018058591313097435  -892.409358469336
1it               -892.36646228    -892.32209482    0.00014880919000503101  -892.342260643905
2isa              -893.64577932    -893.60034714    0.0001523802783833641   -893.643656091509
1ica1ma1nta       -898.99039496    -898.93597153    0.00018253704511152105  -899.066899822769
1isa1ma1nta1w     -900.25906706    -900.20026388    0.00019722683213147746  -900.35378002159
1isa1nta1tma      -902.42077266    -902.36287609    0.0001941860808317961   -902.547147012266
1fa1ica2ma        -903.71259105    -903.6491786     0.00021268639946335737  -903.857973156709
1am1dma1fa1ica    -903.72044658    -903.65756493    0.00021090605399966467  -903.865015512203
2dma1fa1isa       -907.13851946    -907.07213877    0.00022264195874559787  -907.332672472755
1fa1isa1ma1tma    -907.13932967    -907.07233747    0.00022469297333556934  -907.33383831414
2am1ica1nta       -916.26844106    -916.21131075    0.00019161599865839344  -916.35245253185
1isa2ma1nta       -919.68677366    -919.62332992    0.0002127913466375985   -919.820289409196
1am1dma1isa1nta   -919.69481872    -919.63251852    0.00020895589468388395  -919.82876699892
1dma1fa1ica1w     -923.60569385    -923.54408472    0.0002066380345463693   -923.73962566384
1dma1ma1sa        -931.58512656    -931.52760303    0.00019293486500083853  -931.747134369646
1am1sa1tma        -931.59058999    -931.53441411    0.0001884148247526413   -931.752184511249
1am1ica1nta1w     -936.15205816    -936.09598843    0.00018805879590809996  -936.224233276303
1dma1ica1nta      -938.31159757    -938.25365221    0.00019434968975347977  -938.41453034497
1dma1isa1nta1w    -939.5770425     -939.51565737    0.0002058867684051652   -939.698919311115
1dma1fa1ica1ma    -943.03081573    -942.96570416    0.00021838527586785176  -943.203451427101
1am1fa1ica1tma    -943.03921649    -942.974737      0.0002162652691598189   -943.21133465807
1dma1fa1isa1tma   -946.45695522    -946.38835817    0.0002300756330706021   -946.680111398741
1am1it            -948.96123534    -948.91148804    0.00016685326178098278  -948.972737421198
1am2isa           -950.24216368    -950.19123633    0.0001708111688747275   -950.275657048044
1am1ica1ma1nta    -955.58528733    -955.52538211    0.0002009231259433171   -955.698870397565
1ica1nta2w        -956.02235675    -955.964226      0.00019497152440046955  -956.078122171105
1dma1isa1ma1nta   -959.0058109     -958.94177107    0.0002147906087539829   -959.169666831959
1am1isa1nta1tma   -959.00968516    -958.94547068    0.0002153764212644642   -959.17082889881
1fa1ica1tma1w     -962.92110943    -962.85799884    0.00021167395606238473  -963.082089516456
1ip               -967.57292767    -967.52710228    0.0001536991111856448   -967.551821425781
1it1w             -968.84505882    -968.79619454    0.0001638915646486668   -968.844225270873
1ica1isa          -968.86200598    -968.81471001    0.00015863142713399298  -968.862465822039
2isa1w            -970.1318913     -970.07886674    0.00017784524568170387  -970.149912739216
2dma1sa           -970.90071766    -970.84044316    0.00020216166359215165  -971.089435985984
1ma1sa1tma        -970.90123873    -970.8427137     0.00019629391246017109  -971.090899578293
1ica1ma1nta1w     -975.46971139    -975.4095884     0.00020165349656213322  -975.568689688124
1ica1nta1tma      -977.62801436    -977.56760402    0.00020261727318463866  -977.75767184279
1isa1nta1tma1w    -978.89094066    -978.82730501    0.0002134350159315781   -979.039436723138
2dma1fa1ica       -982.34854045    -982.27996545    0.00023000167700821739  -982.547913203945
1fa1ica1ma1tma    -982.35020726    -982.28308295    0.0002251360389065907   -982.549939579708
1fa1isa2tma       -985.77346849    -985.70259747    0.00023770256582257256  -986.02327549403
1it1ma            -988.27638623    -988.22362348    0.00017696713063894014  -988.315708719163
2isa1ma           -989.55889626    -989.50319419    0.0001868256582257253   -989.617783342519
1ica2ma1nta       -994.90277556    -994.83955561    0.00021204075129968136  -995.043986918196
1am1dma1ica1nta   -994.90626379    -994.84309023    0.00021188515847727658  -995.046658407532
1isa1ma1nta1tma   -998.3223198     -998.25459948    0.0002271350662418246   -998.509868752945
2dma1isa1nta      -998.3254819     -998.25879486    0.0002236694281401979   -998.516206320567
2am2isa           -1006.83739782   -1006.77865236   0.00019703323830286772  -1006.904609261384
1dma1sa1tma       -1010.21767679   -1010.15600377   0.00020685232265638104  -1010.433463744447
1dma1ica1nta1w    -1014.78806072   -1014.72513979   0.0002110378333053832   -1014.914213270995
1dma1fa1ica1tma   -1021.66598745   -1021.59513872   0.00023762780479624353  -1021.891993507597
1am1ip            -1024.16811547   -1024.11665436   0.00017260144222706693  -1024.182521280675
1am1it1w          -1025.46107709   -1025.40826127   0.00017714512829112861  -1025.497441446156
1am1ica1isa       -1025.46509636   -1025.4132667    0.00017383753144390408  -1025.50274731122
1am2isa1w         -1026.72135423   -1026.66248389   0.0001974520878752306   -1026.775143679915
1dma1it           -1027.5957733    -1027.5405567    0.00018519738386718094  -1027.662318411725
1dma2isa          -1028.87799816   -1028.82098438   0.00019122515512326013  -1028.965325875069
1am1ica1nta1tma   -1034.21512657   -1034.14942432   0.00022036642629548887  -1034.382445036208
1dma1ica1ma1nta   -1034.22372116   -1034.15714465   0.00022329867516350833  -1034.391687142241
1dma1isa1nta1tma  -1037.6416658    -1037.5725815    0.00023170984403823584  -1037.859425928109
1ip1w             -1044.05055312   -1043.99983113   0.0001701223880597015   -1044.052359664448
2ica              -1044.07022147   -1044.02081153   0.00016572178433674328  -1044.072760812837
1it2w             -1045.33926484   -1045.28660238   0.000176630756330706    -1045.362558233888
1ica1isa1w        -1045.34332027   -1045.29061659   0.00017676900888814357  -1045.366515920263
1am2isa1ma        -1046.1474965    -1046.08579126   0.00020696038906590643  -1046.242195874429
2isa2w            -1046.60452158   -1046.54787787   0.00018998396780144224  -1046.64759873478
1sa2tma           -1049.53746105   -1049.47341194   0.0002148218011068254   -1049.776708784838
1ica1nta1tma1w    -1054.1015717    -1054.03500786   0.00022325621331544524  -1054.253349769677
1fa1ica2tma       -1060.98488467   -1060.91282764   0.00024168049639443234  -1061.237977294369
1ip1ma            -1063.48829012   -1063.43425385   0.00018123853764883446  -1063.530993596128
1ica1isa1ma       -1064.77204645   -1064.71577511   0.0001887349991614959   -1064.835723384039
1it1ma1w          -1064.77206667   -1064.71583349   0.00018860700989434848  -1064.835794935471
2isa1ma1w         -1066.0326083    -1065.97267188   0.00020102773771591483  -1066.115891745893
1it1tma           -1066.91740993   -1066.86030348   0.000191535971826262    -1067.011187360586
2isa1tma          -1068.19456467   -1068.13618249   0.00019581479121247693  -1068.309866050769
1ica1ma1nta1tma   -1073.53172356   -1073.46392496   0.00022739761864833138  -1073.725351967263
2dma1ica1nta      -1073.5441974    -1073.47462554   0.0002333451282911286   -1073.738966258047
1isa1nta2tma      -1076.95508159   -1076.88282092   0.00024236350830119063  -1077.197259052887
2am1it1w          -1082.0540688    -1081.99537331   0.00019686567164179107  -1082.125490366361
2am1ica1isa       -1082.05434787   -1081.99537003   0.00019781264464195875  -1082.125464632012
1fa1it            -1082.25933384   -1082.2079846    0.00017222616132819054  -1082.267994986463
2isa2ma           -1085.45870822   -1085.39311841   0.0002199893342277377   -1085.579940621497
1am1dma2isa       -1085.46567368   -1085.4028804    0.00021060972664766056  -1085.588916995847
1am1ip1w          -1100.66589643   -1100.61191526   0.00018105373134328362  -1100.705545051893
1am2ica           -1100.66651796   -1100.61177182   0.00018361945329532117  -1100.705245477237
1am1it2w          -1101.93686569   -1101.87862255   0.00019534848230756333  -1101.995218188036
1am1ica1isa1w     -1101.93787514   -1101.88001786   0.00019405430152607747  -1101.997261012231
1dma1ip           -1102.80810224   -1102.75157907   0.0001895796411202415   -1102.878004314957
1dma1it1w         -1104.09144192   -1104.03204019   0.00019923441220861984  -1104.182243967473
1dma1ica1isa      -1104.09402886   -1104.03540749   0.0001966170384034882   -1104.184580992818
1dma2isa1w        -1105.35139095   -1105.28849614   0.000210950192855945    -1105.460958606802
1isa1msa          -1111.34259853   -1111.29492306   0.00015990430991111857  -1111.385368212165
1dma1ica1nta1tma  -1112.85259701   -1112.78074582   0.0002409901056515177   -1113.074808450465
1ip2w             -1120.52707451   -1120.47129119   0.00018709813852087878  -1120.551816034252
2ica1w            -1120.54572861   -1120.49131754   0.00018249562300855278  -1120.571239197797
1am1ica1isa1ma    -1121.36838451   -1121.30617106   0.00020866493375817544  -1121.466796246872
1am1it1ma1w       -1121.3684029    -1121.30623237   0.0002085209793727989   -1121.466878131306
1it3w             -1121.81708091   -1121.75895365   0.00019495978534294817  -1121.862857136802
1ica1isa2w        -1121.81832528   -1121.76096968   0.00019237162502096263  -1121.864614970536
1dma2isa1ma       -1124.7761859    -1124.71012926   0.00022155505617977526  -1124.926377373746
1am2isa1tma       -1124.78151786   -1124.71577607   0.00022049904410531614  -1124.93045347235
1ip1ma1w          -1139.98431405   -1139.92695442   0.0001923851417071944   -1140.051850151858
2ica1ma           -1139.9843198    -1139.92693347   0.00019247469394600037  -1140.051819179131
1it1ma2w          -1141.24808841   -1141.18684575   0.00020540888814355192  -1141.33366845285
1ica1isa1ma1w     -1141.25279175   -1141.19134796   0.0002060834814690592   -1141.339121831648
1ip1tma           -1142.13027286   -1142.07180412   0.00019610511487506288  -1142.227450137367
1it1tma1w         -1143.4030961    -1143.34159622   0.0002062716082508804   -1143.519875046772
1ica1isa1tma      -1143.4122833    -1143.35241759   0.00020079057521381856  -1143.531175546141
2isa1tma1w        -1144.6700379    -1144.60575394   0.00021560945832634583  -1144.807552661344
1isa1sa           -1147.28192011   -1147.234663     0.00015850112359550562  -1147.301056152558
1ica1nta2tma      -1152.16629021   -1152.09372339   0.00024339030689250385  -1152.41472545831
2am1ip1w          -1157.26038032   -1157.20070336   0.00020015750461177263  -1157.336242749358
2am2ica           -1157.26049953   -1157.20070775   0.00020054261277880267  -1157.336227178337
1fa1ip            -1157.4532098    -1157.39888231   0.0001822152607747778   -1157.463731143788
1ica1isa2ma       -1160.67936301   -1160.61381281   0.00021985644809659568  -1160.804757273046
1it2ma1w          -1160.67950258   -1160.61358278   0.0002210960925708536   -1160.804582798913
1am1dma1it1w      -1160.68759906   -1160.62283004   0.00021723635753815196  -1160.813073386668
1am1dma1ica1isa   -1160.68772785   -1160.6230694    0.00021686550394096934  -1160.813344465256
2isa1ma1tma       -1164.09179206   -1164.02329594   0.00022973711219184974  -1164.269099505152
2dma2isa          -1164.09329843   -1164.0247764    0.0002298240147576723   -1164.270157228621
1am1isa1msa       -1167.946528     -1167.89228595   0.0001819287271507631   -1168.02552912894
1it1nta           -1173.43680023   -1173.38440836   0.00017572319302364584  -1173.437523008382
1am1ip2w          -1177.14442882   -1177.08555276   0.00019747130638940135  -1177.208051389396
1am2ica1w         -1177.1445931    -1177.08568499   0.00019757876907596848  -1177.208156292936
1dma1ip1w         -1179.30418225   -1179.24383502   0.00020240560120744598  -1179.398968961627
1dma2ica          -1179.30505948   -1179.24424888   0.00020395975180278382  -1179.399236235281
1dma1it2w         -1180.56351833   -1180.49929657   0.00021540083850410868  -1180.676558143023
1dma1ica1isa1w    -1180.57194908   -1180.50846651   0.00021292161663592155  -1180.685846135405
1ica1msa          -1186.55272879   -1186.50382621   0.00016402005701827939  -1186.599577969659
1isa1msa1w        -1187.82819811   -1187.77469823   0.0001794394767734362   -1187.894835530102
1am1ip1ma1w       -1196.57353272   -1196.50985052   0.00021359114539661243  -1196.675812796652
1am2ica1ma        -1196.57748425   -1196.51354601   0.00021444990776454807  -1196.679972631821
1ip3w             -1197.01046365   -1196.95249517   0.00019442726815361398  -1197.058945397111
2ica2w            -1197.02190498   -1196.9622789    0.00019998681871541174  -1197.070009834376
1dma1it1ma1w      -1199.99860889   -1199.93065005   0.00022793506624182465  -1200.151251204218
1dma1ica1isa1ma   -1199.99864055   -1199.93067473   0.00022795847727653866  -1200.151291134159
1am1ica1isa1tma   -1199.999175     -1199.93194199   0.0002255005869528761   -1200.151314996053
1am1it1tma1w      -1199.99917537   -1199.93247681   0.0002237080999496898   -1200.151961309171
1dma2isa1tma      -1203.41064963   -1203.33896244   0.00024044001341606575  -1203.613868731742
1am1isa1sa        -1203.88733434   -1203.83416017   0.00017834707362066076  -1203.942907654163
1isa1ma1msa       -1207.25978433   -1207.20309182   0.0001901476102632903   -1207.367144436855
1ip1ma2w          -1216.46159872   -1216.39886195   0.00021042015763877246  -1216.552295190909
2ica1ma1w         -1216.46198765   -1216.3989108    0.00021156079154787855  -1216.552317650794
1ip1tma1w         -1218.61666786   -1218.55361421   0.00021148297836659404  -1218.738102429155
2ica1tma          -1218.61671564   -1218.5535994    0.0002116929062552407   -1218.738108595762
1it1tma2w         -1219.87860033   -1219.81218125   0.00022277068589636099  -1220.017448160425
1ica1isa1tma1w    -1219.88471787   -1219.81944852   0.00021891447258091566  -1220.025695905857
1ica1sa           -1222.49342452   -1222.44578245   0.00015979228576220027  -1222.517598634028
1isa1sa1w         -1223.76605996   -1223.71372208   0.00017554210967633745  -1223.809884114395
2am1isa1msa       -1224.54034278   -1224.4819052    0.00019600060372295828  -1224.656382807261
1ip2ma1w          -1235.88435404   -1235.81839289   0.00022123474761026333  -1236.01475569102
2ica2ma           -1235.89171055   -1235.82443082   0.00022565732014086871  -1236.023646704886
1am1dma2ica       -1235.8923986    -1235.82526593   0.0002251640784839846   -1236.019990841489
1am1dma1ip1w      -1235.89424757   -1235.8271727    0.00022497018279389572  -1236.023193268176
1it1ma1tma1w      -1239.31127547   -1239.24071292   0.00023666791883280233  -1239.490210901888
1ica1isa1ma1tma   -1239.31253333   -1239.24340184   0.0002318681536139527   -1239.493319050265
2dma1it1w         -1239.31468282   -1239.24392387   0.00023732671474090226  -1239.493987434918
2dma1ica1isa      -1239.31468842   -1239.2436208    0.00023836196545363073  -1239.493735837159
2isa2tma          -1242.72700672   -1242.6539548    0.00024501734026496734  -1242.957766413781
1am1ica1msa       -1243.15176762   -1243.09723792   0.0001828935099781989   -1243.235757637799
1isa1ma1sa        -1243.19851819   -1243.14406377   0.00018264101962099617  -1243.28460271291
1am1isa1msa1w     -1244.42266743   -1244.36463625   0.00019463753144390407  -1244.526123826292
1dma1isa1msa      -1246.58012175   -1246.51989535   0.00020200030186147912  -1246.714281441802
1ip1nta           -1248.62161809   -1248.56507944   0.0001896315948348147   -1248.62306722734
1dma2ica1w        -1255.77699805   -1255.71095234   0.00022151839678014425  -1255.894479554508
1dma1ip2w         -1255.77773762   -1255.71156427   0.00022194650343786685  -1255.895063887
2am1isa1sa        -1260.47498718   -1260.41399277   0.00020457628710380686  -1260.564752886543
1ica1msa1w        -1263.02655536   -1262.97124512   0.0001855114875062888   -1263.094991834
1am1isa1ma1msa    -1263.85554251   -1263.79335023   0.00020859389569008894  -1263.99865097586
1isa1msa2w        -1264.30467549   -1264.24545473   0.00019862740231427136  -1264.39352390542
1am1ip1tma1w      -1275.20583609   -1275.13899445   0.00022418799262116388  -1275.362917267973
1dma2ica1ma       -1275.20632784   -1275.13772788   0.0002300854267985913   -1275.364248928618
1am2ica1tma       -1275.20677257   -1275.13955513   0.00022544839845715242  -1275.3643501435
1dma1ip1ma1w      -1275.20916491   -1275.13887858   0.00023574150595337916  -1275.367852564651
1dma1it1tma1w     -1278.63044946   -1278.55736153   0.0002451381183967801   -1278.836521855902
1dma1ica1isa1tma  -1278.63173605   -1278.56002172   0.00024053107496226734  -1278.839553392311
1am1ica1sa        -1279.09411956   -1279.04066877   0.00017927482810665773  -1279.154836105673
1am1isa1sa1w      -1280.36180951   -1280.30228561   0.00019964410531611606  -1280.43985044822
1ica1ma1msa       -1282.47057635   -1282.41239382   0.00019514519537145735  -1282.58179586013
1dma1isa1sa       -1282.51959354   -1282.46226133   0.00019229317457655545  -1282.633067812757
1isa1ma1msa1w     -1283.73876204   -1283.67774539   0.00020465084688914978  -1283.870213839224
1isa1msa1tma      -1285.89706569   -1285.83687749   0.0002018722119738387   -1286.05972230226
1ip1tma2w         -1295.08926503   -1295.02067428   0.00023005450276706357  -1295.233968402222
2ica1tma1w        -1295.08964617   -1295.02208241   0.00022660996142881106  -1295.232699891254
1ica1sa1w         -1298.96757846   -1298.91350537   0.00018136203253395943  -1299.012869874191
2am1ica1msa       -1299.74630868   -1299.68624697   0.00020144796243501596  -1299.867600875747
1am1isa1ma1sa     -1299.79127694   -1299.72885481   0.0002093648499077646   -1299.910884429803
1isa1sa2w         -1300.24257049   -1300.18389242   0.00019680721113533455  -1300.308109756392
1isa2ma1msa       -1303.1679176    -1303.10381577   0.00021499859131309746  -1303.339346656484
1am1dma1isa1msa   -1303.17504226   -1303.11014391   0.00021767013248364918  -1303.345055406197
1ip1ma1tma1w      -1314.52188428   -1314.45137957   0.0002364739560623847   -1314.706275428088
2ica1ma1tma       -1314.52385437   -1314.45356096   0.00023576528592990104  -1314.708616981581
2dma1ip1w         -1314.52684607   -1314.45396297   0.0002444511152104646   -1314.712738352449
2dma2ica          -1314.52726162   -1314.45428544   0.00024476330706020463  -1314.713194728489
1ica1isa2tma      -1317.93650365   -1317.86279098   0.00024723354016434687  -1318.170833869832
1it2tma1w         -1317.94215453   -1317.86703174   0.0002519630722790542   -1318.175423737835
1ica1ma1sa        -1318.41259896   -1318.35574782   0.00019067969143048803  -1318.501141876643
1am1ica1msa1w     -1319.63071988   -1319.57032448   0.00020256716417910452  -1319.736965734108
1isa1ma1sa1w      -1319.67596463   -1319.61580417   0.00020177917155794064  -1319.784750508618
1dma1ica1msa      -1321.79028638   -1321.72777072   0.00020967855106490026  -1321.9269847223
1isa1sa1tma       -1321.83871828   -1321.77820734   0.0002029546872379675   -1321.977822329076
1dma1isa1msa1w    -1323.05805166   -1322.99436534   0.00021360493040415899  -1323.21654696831
2am1ica1sa        -1335.68671244   -1335.62668779   0.0002013236625859467   -1335.784384891036
1am1ica1ma1msa    -1339.06395465   -1338.99998015   0.00021457152440046962  -1339.212381492684
1isa2ma1sa        -1339.10492829   -1339.03981343   0.00021839631058192182  -1339.252135568746
1am1dma1isa1sa    -1339.10994415   -1339.04623316   0.00021368770752976687  -1339.258050592351
1isa1it           -1339.2035793    -1339.14917714   0.00018246573872211973  -1339.192275821
1ica1msa2w        -1339.50079438   -1339.44243705   0.00019573144390407516  -1339.593828394595
3isa              -1340.49256797   -1340.4364752    0.000188136072446755    -1340.501715818606
1dma1isa1ma1msa   -1342.48597864   -1342.41828211   0.00022705527419084355  -1342.683392728484
1am1isa1msa1tma   -1342.48888133   -1342.42147509   0.00022608163676002022  -1342.685825116431
1dma1ip1tma1w     -1353.84425103   -1353.77065765   0.00024683340600368945  -1354.055828076167
1dma2ica1tma      -1353.84444985   -1353.77067785   0.0002474325004192521   -1354.055797029918
1am1ica1sa1w      -1355.57014503   -1355.51098061   0.00019843843702834144  -1355.653745862784
1dma1ica1sa       -1357.73358093   -1357.67340079   0.0002018451786013752   -1357.84888351998
1ica1ma1msa1w     -1358.94800005   -1358.88346125   0.00021646419587455982  -1359.080957990563
1dma1isa1sa1w     -1358.99627582   -1358.93278016   0.00021296548717088712  -1359.131591800457
1ica1msa1tma      -1361.10250324   -1361.03822722   0.00021558282743585445  -1361.268053076094
1isa1msa1tma1w    -1362.37400907   -1362.30756434   0.0002228567164179104   -1362.558702495781
1am1ica1ma1sa     -1375.00512322   -1374.94119233   0.00021442525574375315  -1375.12795205051
1ica1sa2w         -1375.43799948   -1375.37904172   0.000197745262451786    -1375.507427032943
1ica2ma1msa       -1378.38163796   -1378.31358695   0.00022824420593660905  -1378.556924072335
1am1dma1ica1msa   -1378.38251333   -1378.31576959   0.00022385963441220864  -1378.55794267036
1dma1isa1ma1sa    -1378.42403851   -1378.35612014   0.00022779932919671315  -1378.597758910113
1am1isa1sa1tma    -1378.42927545   -1378.36181895   0.00022625020962602723  -1378.602321772625
1isa1ma1msa1tma   -1381.80111071   -1381.73110889   0.00023478725473754828  -1382.025679167765
2dma1isa1msa      -1381.80335811   -1381.73243564   0.0002378751299681369   -1382.028260516427
1ip2tma1w         -1393.15339215   -1393.07661858   0.0002574998155290961   -1393.390382017257
2ica2tma          -1393.15346789   -1393.07838365   0.00025183377494549723  -1393.391376625456
1ica1ma1sa1w      -1394.88781764   -1394.82471901   0.00021163384202582593  -1394.998435847999
1ica1sa1tma       -1397.04680294   -1396.98410805   0.00021027969143048802  -1397.189460757607
1dma1ica1msa1w    -1398.26384214   -1398.19689062   0.00022455646486667786  -1398.424628732728
1isa1sa1tma1w     -1398.31194915   -1398.24561225   0.00022249508636592316  -1398.473939061237
2sa               -1400.90401962   -1400.85445171   0.000166251551232601    -1400.947473238322
1ica2ma1sa        -1414.3191786    -1414.25484885   0.0002157630387388899   -1414.472802193207
1am1dma1ica1sa    -1414.32468684   -1414.25786733   0.00022411373469729997  -1414.474178400478
1ip1isa           -1414.40643718   -1414.34997269   0.00018938282743585444  -1414.397587596876
1ica1it           -1414.4170489    -1414.3604571    0.0001898097937279893   -1414.407657286984
1isa1it1w         -1415.70228349   -1415.64405143   0.0001953112862653027   -1415.71432063239
1ica2isa          -1415.71237934   -1415.6549083    0.00019275881267818217  -1415.725648083786
3isa1w            -1416.97323951   -1416.91176708   0.00020617954049974847  -1417.005541254125
1am1ica1msa1tma   -1417.68802126   -1417.61968594   0.00022919778634915313  -1417.891158781177
1dma1ica1ma1msa   -1417.70036018   -1417.62986949   0.0002364269327519705   -1417.903157603045
1isa1ma1sa1tma    -1417.74299424   -1417.6729085    0.0002350687237967466   -1417.943888969164
2dma1isa1sa       -1417.7455251    -1417.67491948   0.0002368124434009727   -1417.94715239943
1dma1isa1msa1tma  -1421.12045365   -1421.04747347   0.00024477672312594334  -1421.372245452661
1dma1ica1sa1w     -1434.20719154   -1434.14121435   0.00022128857957403995  -1434.34451338389
1ica1msa1tma1w    -1437.57733145   -1437.50650592   0.00023754999161495894  -1437.763516155767
1am1ica1sa1tma    -1453.6375988    -1453.57070331   0.000224368572866007    -1453.818573953784
1dma1ica1ma1sa    -1453.64199384   -1453.57354169   0.00022958963608921682  -1453.823009298957
1ica1ma1msa1tma   -1457.01126296   -1456.9398638    0.00023947395606238478  -1457.239953871232
2dma1ica1msa      -1457.01871144   -1456.94534567   0.00024607003186315614  -1457.248551144416
1dma1isa1sa1tma   -1457.06271134   -1456.98981968   0.00024447982559114544  -1457.290999407763
1am2sa            -1457.51553705   -1457.46238636   0.0001782682877746101   -1457.597633764991
1isa1msa2tma      -1460.43620476   -1460.36217411   0.0002483000167700822   -1460.71586115561
1ica1sa1tma1w     -1473.52097766   -1473.45290049   0.00022833191346637597  -1473.686295821771
1ica1ip           -1489.61467645   -1489.55652925   0.00019502666443065573  -1489.608365882256
1ica1it1w         -1490.90574052   -1490.84526425   0.00020283840348817709  -1490.920523440088
1ip1isa1w         -1490.91016479   -1490.84998018   0.00020186017105483818  -1490.925124542625
2ica1isa          -1490.91932324   -1490.86050606   0.00019727378836156294  -1490.935573479778
1isa1it2w         -1492.18203593   -1492.11916262   0.00021087811504276376  -1492.21771267189
1ica2isa1w        -1492.18270725   -1492.11957592   0.00021174351836324     -1492.218244042813
1ica1ma1sa1tma    -1492.95602895   -1492.88572304   0.00023580717759517022  -1493.163821883698
2dma1ica1sa       -1492.96417614   -1492.89270584   0.00023971256079154788  -1493.171654118164
3isa2w            -1493.45128723   -1493.38655866   0.00021710068757336914  -1493.508434372807
1dma1ica1msa1tma  -1496.33013895   -1496.25545128   0.000250503672647996    -1496.585691148994
1isa1sa2tma       -1496.37702445   -1496.3028418    0.00024880979372798927  -1496.632724734082
1ma2sa            -1496.83468822   -1496.77803556   0.00019001391916820392  -1496.944282224314
2am2sa            -1514.1168417    -1514.05648075   0.0002024515847727654   -1514.234729292573
1dma1ica1sa1tma   -1532.27476869   -1532.20123002   0.00024664990776454804  -1532.508630257777
1ica1msa2tma      -1535.64219962   -1535.56534981   0.0002577555257420762   -1535.925427014534
1dma2sa           -1536.15648603   -1536.09638609   0.00020157618648331376  -1536.292731036702
1am1ma2sa         -1553.43459392   -1553.37044167   0.00021516766728156976  -1553.579649257259
1it1msa           -1556.89337759   -1556.83588905   0.00019281750796578905  -1556.927230764809
1ica1ip1w         -1566.10983486   -1566.0477947    0.0002080836827100453   -1566.126639312828
3ica              -1566.11082748   -1566.04908004   0.00020710192855944996  -1566.128190617765
1ica1it2w         -1567.38233528   -1567.31836274   0.0002145649505282576   -1567.421121380465
1ip1isa2w         -1567.3858706    -1567.31934544   0.00022312647995975182  -1567.422653622062
2ica1isa1w        -1567.39479069   -1567.33015807   0.0002167788696964615   -1567.433108390458
1ica2isa2w        -1568.65678045   -1568.58913008   0.0002269004527922187   -1568.716160603368
1isa1it3w         -1568.65683136   -1568.58912698   0.0002270816032198558   -1568.715814982527
1ica1sa2tma       -1571.58769769   -1571.51167608   0.00025497769579070937  -1571.848802259351
2sa1tma           -1575.47134189   -1575.40866416   0.00021022213650846887  -1575.635003847993
2ma2sa            -1592.75274023   -1592.68448739   0.00022892114707362063  -1592.924723007374
1am1dma2sa        -1592.75539579   -1592.69038707   0.0002180403152775449   -1592.928936397961
1it1sa            -1592.83590328   -1592.78016751   0.00018693868857957405  -1592.847521266394
1am2sa1tma        -1632.06805603   -1632.00058731   0.00022629119570685891  -1632.269034940776
1dma1ma2sa        -1632.07357804   -1632.00507175   0.00022977122253899044  -1632.274644416218
1ip1msa           -1632.09436674   -1632.03473994   0.00019998926714740907  -1632.130808025414
1ica1ip2w         -1642.58266172   -1642.51718535   0.00021960878752305888  -1642.624326677527
3ica1w            -1642.58847046   -1642.52035908   0.00022844668790877073  -1642.62719033418
1ica1it3w         -1643.85767185   -1643.78744841   0.00023553057185980212  -1643.918639518516
1ip1isa3w         -1643.85946833   -1643.78955912   0.00023447663927553245  -1643.921438958949
2ica1isa2w        -1643.86335814   -1643.79248888   0.0002376966627536475   -1643.923190948698
1ip1sa            -1668.03775867   -1667.97994466   0.0001939091396947845   -1668.052108490557
1ma2sa1tma        -1671.38714442   -1671.31625302   0.00023777092067751128  -1671.615349504513
2dma2sa           -1671.39461375   -1671.3233941    0.00023887191011235956  -1671.623215106648
1dma2sa1tma       -1710.70962671   -1710.63597466   0.00024703018614791216  -1710.964970732766
1ica1ip3w         -1719.05494603   -1718.98322753   0.0002405450276706356   -1719.117853636479
3ica2w            -1719.06667287   -1718.99514694   0.00023989914472580923  -1719.130268778897
2sa2tma           -1750.02336189   -1749.94881106   0.0002500447090390743   -1750.308019971222
2it               -1784.77899981   -1784.71796626   0.0002047075633070602   -1784.760267852408
4isa              -1787.32832664   -1787.26080192   0.00022647902062720112  -1787.350007907221
1ip1it            -1859.98373573   -1859.92108713   0.00021012440046956236  -1859.967905700005
2it1w             -1861.25672502   -1861.19006768   0.00022356981385208784  -1861.260018873843
1ica3isa          -1862.54350208   -1862.47464029   0.00023096357538151938  -1862.568509158797
4isa1w            -1863.80750127   -1863.73353855   0.0002480721784336743   -1863.851116612693
2ip               -1935.18578758   -1935.121325     0.00021620855274190846  -1935.172614182594
1ip1it1w          -1936.47218303   -1936.4035272    0.00023027278215663252  -1936.478070944959
2it2w             -1937.74634435   -1937.67530309   0.00023827355358041252  -1937.773136021609
2ica2isa          -1937.75409708   -1937.68376559   0.00023589297333556934  -1937.781388525523
1ica3isa1w        -1939.01823848   -1938.94544348   0.0002441556263625692   -1939.067366470271
4isa2w            -1940.29160781   -1940.21490735   0.0002572546033875566   -1940.360500781484
2ip1w             -2011.66544151   -2011.59655452   0.000231048063055509    -2011.675123093139
1ip1it2w          -2012.94825336   -2012.87627673   0.00024141079993291966  -2012.978985411336
3ica1isa          -2012.96362961   -2012.89276275   0.0002376886131142043   -2012.995097006731
2it3w             -2014.22207269   -2014.14614751   0.0002546543015260775   -2014.272730673227
2ica2isa1w        -2014.23110995   -2014.15552558   0.000253511219184974    -2014.281340533098
1ica3isa2w        -2015.49172774   -2015.41232732   0.00026631031360053667  -2015.562523901249
2ip2w             -2088.14371495   -2088.06904876   0.00025043162837497907  -2088.175989953223
4ica              -2088.15714718   -2088.08248574   0.00025041569679691436  -2088.188223483715
1ip1it3w          -2089.42343188   -2089.34597446   0.0002597934261277881   -2089.476545646583
3ica1isa1w        -2089.43803804   -2089.36267524   0.00025276803622337754  -2089.493177179745
2ica2isa2w        -2090.6958786    -2090.61785296   0.00026169931242663096  -2090.771843773406
2ip3w             -2164.6217668    -2164.54354566   0.0002623549890994465   -2164.678455551113
4ica1w            -2164.63337879   -2164.55610339   0.0002591829615965118   -2164.690268644098
3ica1isa2w        -2165.9072896    -2165.82451344   0.00027763260103974514  -2165.982596235824
4ica2w            -2241.10453396   -2241.02086041   0.0002806424618480631   -2241.182971157679
