#CLUSTER   ddG_298.15K_[kcal/mol]  ddH_298.15K_[kcal/mol]  ddS_298.15K_[cal/mol/K]  ddE_[kcal/mol]
1am1p      19.159600920567755      18.898424649087247      -0.875989506849038       19.24329204436799
4am        12.992432059167186      -11.624004602112109     -82.56393312523458       -16.592083277006168
4dma       11.231757681292947      -19.505428344535176     -103.09302708673906      -23.79409177188063
3dma       9.142342185834423       -11.513948358304333     -69.28153796478047       -14.493329884571722
3am        8.02662454948586        -7.418765016409452      -51.80409044407132       -10.712568975737668
2dma       5.741408985923044       -3.654629383701831      -31.51446711254367       -5.041946016252041
2am        4.0527400007267715      -1.6511738846602384     -19.13102091365164       -3.1945164375501918
1b2dma     1.3034243372094352      -21.249004705634434     -75.64121765238832       -24.32808021796518
1b1dma     0.4102645345410565      -11.569575745263137     -40.18058118362305       -13.207557261906913
2gd        -1.3953548319404945     -12.422450325189857     -36.9850595112576        -13.566856147459475
3gd        -1.4852950249332935     -24.895515556796454     -78.51826440350025       -27.75906333164312
1am1sa     -6.126330668805167      -15.076614493445959     -30.019399042875946      -16.451726178929675
2sa        -6.285036257584579      -17.76917462644633      -38.51798882680724       -18.99585744785145
4gd        -8.533232327143196      -44.93372973462101      -122.08786653575746      -48.97440905479016
1dma1p1sa  -8.628574845031835      -18.168904938269407     -31.998423925364577      -19.362384396779817
1b1gd      -9.296975516263046      -20.19730196353339      -36.559874047487895      -21.562873651419068
3sa        -11.713016990339383     -36.71865477692336      -83.86932009465986       -39.0448476341553
2dma1sa    -14.1907689855434       -36.546139931771904     -74.98028155726234       -40.48110565234674
2dma1p     -14.642829696516856     -24.450847578787943     -32.89625316891164       -24.907618884768453
1dma1p2sa  -15.46526653226465      -37.17413550626952      -72.81190331743151       -39.558317621354945
1b2gd      -16.17733609318384      -41.352379914111225     -84.4375107210226        -44.943338808836415
4sa        -16.5451176550705       -52.63430525222793      -121.04372831405766      -56.397510550450534
4am1p      -16.56099139720027      -39.7932278913504       -77.9213030156399        -40.80844849521236
4dma1sa    -17.346868320426438     -64.46628309111111      -158.03929153292165      -71.55154390912503
3dma1sa    -17.41626555559924      -51.83728966972558      -115.44868057750647      -57.29434551933082
5am1p      -18.04225890089583      -50.34052894206252      -108.32892852982313      -56.42397969697777
5dma1p     -18.790312468161574     -62.674008129833965     -147.18663646390308      -67.7283944390656
1gd1sa     -19.272093708859757     -29.39131860563066      -33.94004660982041       -30.40213372913422
4dma1p     -21.163339304941474     -52.80831160469097      -106.13775716879634      -56.313583806942916
3dma1p     -21.58652377506951      -42.12692941201385      -68.89285808175396       -44.50645470249583
2gd1sa     -26.70441339898389      -49.516570296138525     -76.51234914347968       -52.76578312902711
2am2sa     -27.431073561660014     -59.823821580503136     -108.64580921933916      -66.42745606228709
4am1p1sa   -28.518485925276764     -65.66458469792269      -124.58862576756945      -71.77235088840825
1b1sa      -33.55759885755833      -47.429455164063256     -46.52643403159284       -48.38327953359112
5am1p1sa   -34.06963932723738      -81.31080370990094      -158.44764173289215      -88.97375517064938
3gd1sa     -35.63008302805247      -71.42539144138573      -120.05805270359598      -76.6047194346902
1gd2sa     -37.20189459831454      -62.19109627767466      -83.81419312214926       -65.61771921138279
2dma1p1sa  -37.57382763456553      -58.780541492742486     -71.12766680597306       -63.107324280717876
1b1dma1sa  -40.509447909658775     -66.07805883779656      -85.75754126472556       -70.21649068285478
1b2dma1sa  -41.43492030224297      -79.12641795503441      -126.41790257465803      -84.33937734650681
1dma3sa    -41.58679978479631      -78.96769503154792      -125.37613699970132      -84.9129173324909
4gd1sa     -42.14245338080218      -90.96471337816911      -163.75066241013752      -97.71840266446816
2dma2sa    -46.23269710782915      -82.4928447395796       -121.61713108063344      -90.17500434466638
1b1gd1sa   -46.74222675152123      -68.7930186665617       -73.95871848164401       -71.8358216182678
1gd3sa     -48.51048462605104      -86.21265907189809      -126.45371271485695      -91.26727824960835
1b2sa      -49.217762915068306     -75.46147545380518      -88.02184315992052       -78.32894827437121
3dma1p1sa  -51.22843754698988      -85.53786638763268      -115.07438819665717      -92.32423752400791
2dma1p2sa  -52.17204662086442      -86.36813185596839      -114.69423187897671      -91.621968620806
3dma2sa    -53.01656088163145      -102.13304430502467     -164.73749261505614      -111.13254613475874
3am3sa     -53.07760768639855      -108.99089144053869     -187.53407262943722      -119.73281843448058
1b2gd1sa   -56.42017885099631      -94.54920105240308      -127.88536710235869      -99.17099155520555
1gd4sa     -56.706205499358475     -107.50978274201043     -170.39603301518477      -114.29729103832506
4dma1p1sa  -57.36857215699274      -103.56365129176993     -154.93905461883938      -111.40935142332455
5am1p2sa   -60.551048062276095     -121.6820827331394      -205.03449495579537      -130.7995097838575
2dma3sa    -61.251370701007545     -110.97399635589682     -166.77050362065117      -120.48989531118423
1b3sa      -62.142777357948944     -101.47198229865171     -131.91079973283627      -105.17719695833512
5dma1p1sa  -62.71793577959761      -120.99318982393015     -195.4561598009573       -129.8579987490666
1b1dma2sa  -62.83360875758808      -101.58281431812793     -129.96547228019006      -106.9892357486533
3am1b2sa   -63.84371116349939      -122.13975847326219     -195.52590075518714      -131.98409778659698
2gd2sa     -65.19399317586794      -100.87661323253997     -119.68009410177137      -106.21480958338361
1b4sa      -66.57744667492807      -119.06999183818698     -176.0608591772442       -124.29085643170401
2dma4sa    -70.73005993803963      -135.188429787755       -216.19443182743228      -144.92342726583593
1b1gd2sa   -72.28982168319635      -112.30537002487108     -134.2128067799776       -117.13792589039076
1b2dma2sa  -73.5284351297887       -125.30203146778513     -173.64949299969203      -133.0991623001173
3gd2sa     -75.10365931829438      -126.5977814400103      -172.71213188605418      -133.08937449706718
1b1dma3sa  -76.03119219001383      -128.13542777346447     -174.75846246388107      -134.85864408686757
3dma1p2sa  -77.79057665821165      -124.19906503811944     -155.65483273391783      -133.1407095438335
4am4sa     -78.65177682624198      -158.01305199880153     -266.17902120613263      -173.19297384098172
3dma3sa    -79.32854692824185      -142.43035989860073     -211.6445177605228       -154.47154877171852
1b3dma2sa  -79.67659335839562      -143.10707082552835     -212.74686388376028      -154.21882511139847
2gd3sa     -80.39652730198577      -131.47840943094343     -171.32947217575082      -138.3139798878692
4gd2sa     -86.53568133478984      -151.0582210982684      -216.40965877337496      -159.92453642794862
3dma1p3sa  -86.97003105282784      -147.20614399388433     -202.032912766585        -157.67970325611532
4dma3sa    -88.30018397374079      -163.97031449037604     -253.7988613670082       -178.41733538312837
1b1dma4sa  -88.92681368323974      -154.24081488023512     -219.06423343054877      -162.7669720328413
3dma4sa    -89.84621481527574      -166.09056338504888     -255.72479815535698      -179.31883326056413
2gd4sa     -91.64823413314298      -156.9424617458135      -218.9979125025822       -164.84076439309865
4dma1p2sa  -92.32371505000629      -151.98013949766755     -200.088628032295        -163.03391146636568
1b1gd3sa   -92.58020282560028      -146.44111573672853     -180.65038709067363      -152.5358823777642
1b2dma3sa  -95.45979509246536      -160.99350963835604     -219.80115561280815      -170.2236652993597
4am1b3sa   -97.05554489488713      -181.16508616344072     -282.10478372942896      -196.5256873331964
5dma1p2sa  -99.19253915618174      -171.7465238715522      -243.3472571361902       -185.27364088606555
1b2gd2sa   -100.6908296358306      -150.92869508336298     -168.49862635463307      -158.64486014575232
3dma1p4sa  -101.22843051608652     -176.57869964209385     -252.72604100774038      -188.17047701822594
5am1p4sa   -102.39969313470647     -193.42877035588026     -305.3130210340903       -209.00383962248452
1b1gd4sa   -104.50218097120523     -171.77186702447943     -225.62363257896965      -178.80722272046842
1b3dma3sa  -106.08850952098146     -183.6301384321414      -260.07589773959415      -195.35451875370927
3gd3sa     -107.46746009867638     -170.3584492902737      -210.93741134273813      -179.8905587408226
1b3gd2sa   -108.20902911364101     -174.92728032474406     -223.77411105376984      -184.40393206174485
4dma1p3sa  -112.31587036978453     -185.22789510176517     -244.54812923742264      -199.06895384262316
1b4dma3sa  -112.51874530571513     -203.22796772653237     -304.24022277697543      -219.30249392637052
4am1b4sa   -113.2423966168426      -207.66273587523028     -316.6873696375617       -224.5507051581517
1b2dma4sa  -116.87605000752956     -196.10801749443635     -265.74532110132964      -207.67517573200166
1b2gd3sa   -120.73977510631084     -188.29663489037193     -226.58681798920867      -197.27947628870606
4dma1p4sa  -122.5865006186068      -209.46400519413874     -291.38857815105666      -223.65317550185136
3gd4sa     -125.77873113448732     -202.92045886744745     -258.73462261723955      -213.43963955133222
4gd3sa     -128.01815314334817     -203.9690927681513      -254.74069973181994      -214.84547022054903
1b2gd4sa   -132.92258848645724     -214.12724037095904     -272.361736992204        -223.54581145383418
1b3dma4sa  -133.8433387845289      -225.35949053242803     -306.946677001633        -241.3554791926872
1b3gd3sa   -144.87352993898094     -222.9424805296585      -261.84454332209407      -233.93427068996243
5dma1p4sa  -146.37434977246448     -245.46308451797813     -332.34524482975837      -263.7315446692519
1b3gd4sa   -162.8460062847007      -254.35808029049076     -306.9330001882331       -266.8259078345727
4gd4sa     -165.2938519497402      -255.85611382173374     -303.7473146795595       -269.6602792579215
1b4gd3sa   -168.95075361593626     -262.2865707206074      -313.0498645129755       -275.91407909127884
1b4gd4sa   -194.0304584740661      -299.1356085711159      -352.5244007963761       -314.09556469204836
