#CLUSTER      ddG_298.15K_[kcal/mol]  ddH_298.15K_[kcal/mol]  ddS_298.15K_[cal/mol/K]  ddE_[kcal/mol]
1mb           10.39011919562472       9.011319554352667       -4.624516656850972       9.000629440706689
1am1mb        10.231406519305892      0.8011238036560826      -31.62932321196243       -0.7225156137137674
2am           2.95237548967998        -2.751407561765518      -19.13058209440257       -4.294750134082278
1am1b         0.5286592558841221      -9.236631537729409      -32.75294581126784       -11.026213391742203
1am1msa       -5.851298752706498      -15.65699931042036      -32.88848082425324       -17.19945550255943
2sa           -6.115844199084677      -17.601751622278243     -38.52392226464444       -18.828065619338304
2msa          -6.160268687759526      -19.677254870766774     -45.336193805282946      -21.126931644859724
2am1msa       -7.9057222996489145     -28.58670016960241      -69.3643396608815        -32.70014492358314
1msa1sa       -8.56793930591084       -21.809490418585483     -44.41238005221305       -23.320153775333893
1am1sa        -8.584142463630997      -17.535360186069738     -30.02253135139552       -18.910323607036844
1am1mb1msa    -9.2768811279675        -32.79703670134768      -78.88698833908316       -35.03294078935869
1mb1msa       -11.456485108588822     -25.73790676658973      -47.900122951969564      -26.264921816182323
1am1p1sa      -13.735726416110992     -20.39032701047836      -22.319639759880438      -21.23013436491601
2am1sa        -14.230297765636351     -32.59874207054963      -61.60806407826432       -35.68299737671623
1am2msa       -15.415572072612122     -39.355522590340115     -80.29498748184426       -43.143295956309885
1am1msa1p     -18.009264520078432     -26.032075105031254     -26.90863855432338       -26.83088540875906
2am1p         -22.17621824167145      -29.293893655281863     -23.87280031396945       -29.767830244381912
1am1msa1sa    -22.356212522718124     -46.08574003475951      -79.58922526233292       -49.813551190833095
1am2sa        -23.23134780069813      -45.79376887611579      -75.67473109349487       -49.572067956323735
1b1msa        -23.935710887773894     -38.15544782782672      -47.69323139390008       -39.138019105710555
1am1b1msa     -24.20152049639728      -46.3859353713342       -74.40689208430851       -50.57234225102002
1mb2msa       -24.505092110775877     -52.02388245455222      -92.29847507487457       -54.43130573286908
3am2msa       -25.43664397567045      -69.80501258012373      -148.81223747898702      -77.82878381665796
3am1msa1sa    -26.497718587401323     -68.81691647140542      -141.93928520507194      -76.15467358293245
2am2msa       -26.60629356885329      -61.226220288896        -116.11580318638656      -68.02313215774484
2am3msa       -28.346859586192295     -75.6801428089384       -158.7566098363646       -82.90577329159714
1am1mb2msa    -30.07007243396947      -68.35527804988669      -128.40920884094177      -74.01130179647589
2am1msa1sa    -31.2120052522514       -65.5585648434353       -115.19892534298566      -72.0833765140851
1b2msa        -31.687539950828068     -58.94682452501729      -91.42808845934616       -61.152645986992866
3am1p         -33.33638403535588      -48.81847173096321      -51.92717657422276       -51.505102556613565
1b1sa         -33.37507835053839      -47.24782406282611      -46.52941711296792       -48.201464106561616
2am2sa        -33.49445363099221      -65.31899023044389      -106.74001878031902      -71.87786802649498
1am1b1sa      -34.56804980139714      -58.787432941258885     -81.23220908883988       -62.2365989361424
2am1msa1p     -35.2953919256106       -54.2778780577064       -63.66757045798282       -57.01446983662754
2am1p1sa      -36.506863416405395     -54.27159610908711      -59.58320540900601       -57.534551853023004
3am4msa       -36.71745646675117      -107.14723135298118     -236.22262245987565      -117.11452905088663
3am2sa        -39.80328880704474      -83.06595718616154      -145.1037007517372       -91.45419319765642
4am3msa       -40.5657321983017       -108.1724365928676      -226.7539976327459       -119.30567464861088
2am2msa1sa    -40.95055312878685      -86.78003533062292      -153.71283649819662      -94.26316846016562
1am1b2msa     -41.01787680934649      -79.38954814267345      -128.6992162777035       -84.49238275038078
1b1msa1sa     -41.04970077762846      -67.93498582806205      -90.17368790968447       -70.53144262038404
2am1mb2msa    -41.147087450895924     -90.68335065577412      -166.14544090194994      -98.72832606948214
2am1msa2sa    -42.76156568911392      -89.02456601022277      -155.16686339480464      -97.02028988651
3am2msa1sa    -44.25304261298152      -101.55753137887223     -192.2001971018936       -111.07486601354321
1am1mb3msa    -44.38697798020439      -96.4264566267957       -174.5412666332219       -103.31815986597212
3am1msa1p     -45.170883593091276     -74.13369592049276      -97.14174854081037       -78.35442419177707
3am1p1sa      -47.778363403107505     -75.19031146116322      -91.94012429350389       -79.1900680543622
3am3msa       -48.92219992401078      -107.59935612906702     -196.80414625145895      -118.45813659206033
4am4msa       -49.17494279774837      -131.6448556606192      -276.60544310843596      -144.69843255518936
2am3sa        -49.38307912205346      -95.85441389796324      -155.8656205804412       -103.60233074915595
4am2msa1sa    -49.479817934159655     -116.86564294848358     -226.01316456184102      -128.30037042073673
1b2sa         -49.84307726530824      -76.62032956758048      -89.81134429736093       -78.72741492406931
2am1p2sa      -50.59039831766859      -81.41064711275976      -103.37162097965518      -85.75907768798061
2am1b2msa     -50.75230597204063      -99.22515466832556      -162.57873116367807      -107.28222608449869
3am1msa2sa    -51.49901906109881      -107.94722329278011     -189.32820470157026      -117.17045400082134
1am1b1msa1sa  -51.645551477442496     -89.49026935914299      -126.93180574073199      -94.4460788074066
4am1msa1p     -51.86569032439729      -89.98407754578511      -127.84969720392647      -96.33267806024378
2am1msa1p1sa  -54.070155683439225     -86.02608366467757      -107.18070763459687      -90.82341092964634
4am1msa2sa    -54.74442233715672      -120.72432072914671     -221.29766356497274      -131.95921365823597
2am2msa1p     -55.478330609272234     -88.33330624343944      -110.19612823839137      -92.53586159666156
2am1mb3msa    -55.71629587566713      -118.13441048265668     -209.3513822144742       -127.61453122791136
1am1b3msa     -56.040122729958966     -107.52738485438749     -172.68912334194144      -114.02424456994049
4am1p1sa      -56.176864518842194     -93.07261503260816      -123.7489535931758       -99.5189111380605
3am1mb3msa    -57.07801252469653      -130.10623431071872     -244.93785606580343      -141.56294514267938
4am3msa1sa    -58.17930293007521      -138.70672859501792     -270.0903091224284       -151.57930917147314
1am1b2sa      -61.43310915573966      -99.40515339456033      -127.35886043657769      -104.33263204351533
2am1b1msa1sa  -61.63231271796394      -109.54983897128841     -160.71617056263744      -117.65927959099645
3am3sa        -62.34973306581378      -118.56983568682335     -188.56314815061256      -129.38020531879738
3am1msa3sa    -62.90602956456132      -133.05572607344948     -235.28323497934366      -143.54611880145967
3am1msa1p1sa  -63.276703810784966     -104.77298631268786     -139.1792134895128       -111.04299570096191
1am1b2msa1sa  -64.0889428682276       -116.03225819783984     -174.21873328761333      -122.47279938141583
3am2msa2sa    -66.06334438640624      -136.83734721771907     -237.37716864414978      -148.6995386442868
2am1b3msa     -66.48856320860796      -129.26020327722654     -210.53711242145624      -138.68897274299525
3am3msa1sa    -68.4496775175794       -141.08090149977943     -243.6063189070553       -152.84451724070823
3am1b3msa     -68.89241398405284      -141.32624595053494     -242.94426284225207      -152.96347486693412
2am1mb4msa    -69.44683820597129      -146.22798209014582     -257.5252184621812       -157.33980202284874
4am2msa1p     -70.22174956277013      -121.74110025368282     -172.79674892155785      -130.72429082899907
2am1b2sa      -71.45482029288542      -119.85743821912911     -162.34317600700774      -128.06224897073116
3am1p2sa      -71.95747530600056      -113.14427692082245     -138.14120950800853      -120.93170127260964
4am3sa        -72.57629859214649      -141.68964614509605     -231.80730354781716      -153.99249934125692
1am1b1msa2sa  -72.96918962488417      -123.94270169304218     -170.96599721092386      -130.63720200932585
3am2msa1p     -73.35300018882845      -116.870860619616       -145.95961908683995      -124.45591750632593
3am1mb4msa    -73.62156049866462      -161.30003697850043     -294.07505108089316      -173.87330239644507
2am1b2msa1sa  -73.77834203449311      -136.04684074613033     -208.8495680412634       -145.90118349384284
4am2msa2sa    -75.67240755376406      -157.07076819206122     -273.0114393370903       -170.78987928468268
1am1b3sa      -77.5867460500449       -128.23714078241028     -169.8822563560725       -134.88982623559423
3am4sa        -79.07722202898003      -149.84477774682455     -237.3555449202957       -161.49334339960478
2am1b4msa     -79.52413904853165      -156.4723273224663      -258.08548808979214      -167.78615068504587
4am1msa1p1sa  -80.13563204719685      -132.29088490229333     -174.9295752305611       -141.5390904279193
4am1p2sa      -81.60590971738566      -132.9679198951926      -172.26902625471106      -141.38646789325867
3am1p3sa      -82.49119687196799      -136.92766598192975     -182.58081204107526      -145.9337871063035
3am1b4msa     -82.52053576987237      -169.75641941674985     -292.5905874460733       -182.66048292675987
2am1b1msa2sa  -82.82162530778442      -144.49474235170055     -206.8526481440444       -154.02686291141436
5am2msa1p     -84.68266731314361      -148.6093574379629      -214.41116929346094      -159.56518324251374
2am1b3msa1sa  -85.80079124186886      -162.32373515883228     -256.6592115287176       -173.7305857494357
3am1msa1p2sa  -85.87823481974192      -140.7285573675763      -183.96888327319664      -149.75006708141882
3am3msa1p     -86.11323355941568      -143.25148109011934     -191.64262126716613      -152.28497463519307
5am1msa1p1sa  -86.21615681960247      -148.7016519124736      -209.577377470728        -159.513425540179
3am2msa1p1sa  -87.02165248728124      -142.48551866557682     -186.02671869289438      -151.34265840030275
3am1b2msa1sa  -87.23130967753241      -160.62099736969685     -246.1502186557079       -173.31672794296173
4am1msa3sa    -90.1964866516646       -171.20093258074485     -271.6902429281445       -186.5177449970506
2am1b3sa      -90.25738365040161      -152.1146867503412      -207.47041120259934      -161.22120865131728
5am1p2sa      -90.7713154796511       -151.64292165846564     -204.16436752877553      -161.10484719346277
4am3msa1p     -91.91641939256806      -157.86501930691884     -221.19268795730747      -168.64964532697195
2am1b2msa2sa  -92.57713139010593      -166.73211021453608     -248.71701769232698      -177.44173136225436
3am1b1msa2sa  -93.47890900576022      -164.60095498606097     -238.54451108693092      -177.10521330009215
4am4sa        -94.0825150217861       -173.05547748017125     -264.8766139812925       -188.4265576680191
5am3msa1p     -96.47939652565401      -173.820799108973       -259.40433534468656      -186.07089301975066
5am2msa1p1sa  -98.00300226610852      -175.25803410663502     -259.11464645480027      -187.67298849928193
2am1b1msa3sa  -98.3777786011342       -172.20118317450397     -247.60491220269398      -183.34728006552905
4am2msa1p1sa  -98.8396128040622       -165.50721773813711     -223.6042426098209       -177.39648368954659
3am1b3msa1sa  -101.20574210461928     -187.76071173598757     -290.3067906483151       -201.79855134309037
4am1msa1p2sa  -101.93491874216124     -169.11154949269257     -225.31152356405556      -181.2549732812913
3am1b3sa      -102.02492189803161     -174.96156366704963     -244.63069518345276      -187.96408243454061
5am4msa1p     -102.12461839348543     -192.78383302982547     -304.0724958452254       -206.55392312895128
4am1p3sa      -102.27605402539484     -167.82819136907347     -219.8629459781153       -179.86792056984268
3am1b2msa2sa  -106.52947685867548     -191.02567481866572     -283.4016366261143       -204.86444817075972
2am1b4sa      -107.44050981942564     -182.9098437963985      -253.12538647366318      -192.6708062349353
5am1msa1p2sa  -109.80912691168487     -186.42132345517166     -256.9585663038449       -199.99853294587228
4am4msa1p     -110.29837076284457     -192.11257801498869     -274.4061957139859       -205.15166614538612
3am1b1msa3sa  -110.40186734288        -195.5810172392521      -285.6922686447946       -209.44373163348064
5am1p3sa      -112.30382867506705     -188.65631740004756     -256.0875020113119       -202.73323996528052
4am3msa1p1sa  -116.46871092292713     -198.42270153627032     -274.87503140499155      -211.60984419099987
4am2msa1p2sa  -118.17332466703374     -200.96259785676375     -277.67658289387805      -213.38802956230938
4am1msa1p3sa  -118.56108950939961     -200.16951907263137     -273.7160139639737       -212.6671152105555
4am1p4sa      -118.74930115160532     -198.35643584257923     -267.00363807226927      -211.04031870304607
3am1b4sa      -120.56105560576543     -207.1491637560539      -290.41793778424153      -221.49830145970918
5am3msa1p1sa  -132.23891870124498     -225.69235670292983     -313.4443669338019       -241.87600299343467
5am2msa1p2sa  -133.81381200242322     -226.1846268842928      -309.8132311975731       -242.27750325831585
5am1p4sa      -134.46763054304756     -224.48608660814352     -301.92338106620366      -240.68680574302562
5am1msa1p3sa  -134.54585389769636     -225.43118318729103     -304.8308881083846       -241.35447019012645
