#CLUSTER      dG_298.15K_[Eh]      dH_298.15K_[Eh]      dS_298.15K_[Eh/K]       dE_[Eh]
1am           -56.46366566553122   -56.44181748438735   7.32791586244093e-05    -56.480272739205
1am1p         -56.78521661972597   -56.764116647409566  7.076965392054345e-05   -56.817949933454
2am           -112.9208648574172   -112.88625814577884  0.00011607147958524956  -112.965628153731
2am1p         -113.27865762216335  -113.24705232349994  0.00010600469114000417  -113.340096138184
3am1p         -169.75692895144726  -169.71680514860088  0.00013457589416857838  -169.851830407199
1mb           -663.0221086781339   -662.9877943383374   0.00011509085962307107  -663.044397505722
1msa          -663.5313314773668   -663.4953679958717   0.00012062210798322522  -663.564428640772
1b            -698.954773042963    -698.9204145933403   0.00011523880470454479  -698.953317094373
1sa           -699.4503993452466   -699.4165890336855   0.00011340034063806358  -699.46196604819
1am1mb        -719.485268272195    -719.441936738635    0.00014533467569913965  -719.539406223898
1am1msa       -720.0009017581875   -719.9587166352745   0.00014148959554908462  -720.068690620758
1am1msa1p     -720.3449736920327   -720.3006955326102   0.0001485096744008828   -720.424862461937
1am1b         -755.4167644639472   -755.3761199751841   0.00013632228329034417  -755.450329640673
1am1sa        -755.9237836161957   -755.882389944093    0.000138835056524517    -755.968413379706
1am1p1sa      -756.2575795662201   -756.2132741728278   0.00014860101758179506  -756.313822805392
2am1msa       -776.4633334281443   -776.4166311604524   0.00015664017337526943  -776.569157574093
2am1msa1p     -776.8331808496433   -776.784520043978    0.00016320914192635006  -776.950230311327
2am1sa        -812.3933351338045   -812.3451007412115   0.00016177894547393066  -812.472303389751
2am1p1sa      -812.7535193732338   -812.7050711038489   0.00016249629174808133  -812.847936563828
3am1msa1p     -833.3062677903396   -833.2516636297947   0.0001831432518691952   -833.458194298411
3am1p1sa      -869.2308303104342   -869.1759078347957   0.00018421088592499336  -869.358402728599
4am1msa1p     -889.7782135607032   -889.7163517068592   0.00020748567447303394  -889.964728645544
4am1p1sa      -925.7024958333951   -925.6408387337682   0.00020679892546364225  -925.865687731498
1mb1msa       -1326.588062027112   -1326.5383460549535  0.00016674818768473641  -1326.664832691888
2msa          -1327.0724757202406  -1327.022089668103   0.000168995646947206    -1327.16252118873
1b1msa        -1362.526060232298   -1362.4783991282045  0.0001598561264255528   -1362.581928117293
1msa1sa       -1362.9950361728895  -1362.9463643524339  0.00016324608571591137  -1363.063209431973
1am1mb1msa    -1383.0470112424264  -1382.990170100672   0.0001906461236104278   -1383.157835308549
1am2msa       -1383.5471108648617  -1383.4914868538976  0.00018656384693626008  -1383.674099661874
1b1sa         -1398.458630141379   -1398.4125692357945  0.00015448903432645718  -1398.492368489156
2sa           -1398.9107353415482  -1398.8614188658528  0.00016540826998144895  -1398.954127170773
1am1b1msa     -1418.985769339478   -1418.9289527073986  0.0001905639177570433   -1419.076042641002
1am1msa1sa    -1419.4766976022704  -1419.4228914273765  0.00018046679488251748  -1419.581725048107
2am2msa       -1440.0251761141194  -1439.964723723036   0.00020275831320933034  -1440.190587202749
2am2msa1p     -1440.3947437452343  -1440.3322269053724  0.00020968250834115478  -1440.569334003384
1am1b1sa      -1454.9191263188582  -1454.8677058185235  0.00017246520320281434  -1454.989937241476
1am2sa        -1455.3969329423849  -1455.3434200157403  0.00017948323543251816  -1455.478650464534
2am1msa1sa    -1475.9483241453331  -1475.8895892814394  0.00019699769878837924  -1476.091335507016
2am1msa1p1sa  -1476.3115938423664  -1476.2497974340247  0.00020726616918325996  -1476.464168740793
3am2msa       -1496.4819399109576  -1496.4151746300106  0.00022393184956165417  -1496.681448509565
3am2msa1p     -1496.884499070857   -1496.8171266137058  0.0002259683285298139   -1497.098079381455
2am2sa        -1511.8726669377445  -1511.8120661028536  0.00020325619617926927  -1511.990182986421
2am1p2sa      -1512.2256427619172  -1512.1641896848528  0.00020611463043452208  -1512.354161991435
3am1msa1sa    -1532.4029202550169  -1532.3350425489066  0.00022766294184252628  -1532.57653955369
3am1msa1p1sa  -1532.7855029802176  -1532.717062070269   0.0002295519367722226   -1532.972235524417
4am2msa1p     -1553.3414765535117  -1553.2650072331544  0.0002564793572254134   -1553.586643346565
3am2sa        -1568.3406880819043  -1568.276467077178   0.00021539830530524086  -1568.495954513522
3am1p2sa      -1568.7186711492886  -1568.6518902149992  0.0002239843511305815   -1568.885798218367
4am1msa1p1sa  -1589.2735394350293  -1589.2002366696643  0.00024585867974117156  -1589.498611485242
5am2msa1p     -1609.8212432737723  -1609.7426983302257  0.0002634410315160377   -1610.105933325224
4am1p2sa      -1625.1934353699705  -1625.1210216488269  0.00024287681081219286  -1625.394390676939
5am1msa1p1sa  -1645.7423032611327  -1645.6636147733502  0.00026392248124351627  -1646.002936573828
5am1p2sa      -1681.6675483512306  -1681.5884411111535  0.000265326983321692    -1681.901928139181
1mb2msa       -1990.1403810758902  -1990.0757969296465  0.00021661628792153648  -1990.274340863655
1b2msa        -2026.0693265417444  -2026.0064820124007  0.0002107815842486257   -2026.181021039754
1am1mb2msa    -2046.6088039236583  -2046.5395291481427  0.0002323487355882815   -2046.781705364757
1b1msa1sa     -2062.002337670651   -2061.9410502989126  0.00020555885204697995  -2062.092528219317
1am1b2msa     -2082.542398163036   -2082.4754143507676  0.00022466480720681928  -2082.693025364884
1b2sa         -2097.9352707329344  -2097.8759643682124  0.00019891452196080123  -2098.002978787151
2am1mb2msa    -2103.084856462161   -2103.0116633920334  0.0002454907601097333   -2103.296101939555
2am3msa       -2103.559464439859   -2103.4833087995066  0.00025542726933514925  -2103.778916137768
1am1b1msa1sa  -2118.4779658651423  -2118.4122954603654  0.00022025961689311647  -2118.605988542163
2am1b2msa     -2139.018199436652   -2138.945464860086   0.00024395296517310498  -2139.206239053617
2am2msa1sa    -2139.4949178433735  -2139.4185188887623  0.00025624334935990924  -2139.69085295745
1am1b2sa      -2154.4115365111998  -2154.348222185917   0.00021235728754929396  -2154.51818648885
3am3msa       -2160.0501458422127  -2159.9702198195187  0.0002680731936720821   -2160.310072265364
3am3msa1p     -2160.434030203379   -2160.352399957136   0.00027378918746669796  -2160.704721624341
2am1b1msa1sa  -2174.951859959191   -2174.8803935807837  0.00023969940770270185  -2175.117567600418
2am1msa2sa    -2175.417353243048   -2175.3437983205963  0.0002467044187555951   -2175.593265632667
3am2msa1sa    -2195.9606067251025  -2195.88064636497    0.00026818836200621655  -2196.194677428364
3am2msa1p1sa  -2196.3539907030417  -2196.271845302673   0.000275517022871279    -2196.600202298897
2am1b2sa      -2210.8848983571165  -2210.816358199407   0.00022988481539196984  -2211.030000572193
2am3sa        -2211.344649852344   -2211.273580105338   0.00023836909946624098  -2211.498968877307
4am3msa       -2216.49849939136    -2216.41095547517    0.00029362373365835425  -2216.789700556359
4am3msa1p     -2216.9031961066657  -2216.8137580143584  0.0002999768314845774   -2217.207325572402
3am1msa2sa    -2231.8914362561854  -2231.812264475643   0.00026554345309890033  -2232.102143219365
3am1msa1p2sa  -2232.271036173764   -2232.19006618923    0.00027157465884322933  -2232.495001497996
4am2msa1sa    -2252.431093686256   -2252.3453509426713  0.0002875825711404283   -2252.70089285239
4am2msa1p1sa  -2252.8327397977578  -2252.7466006946393  0.00028891196752870086  -2253.118244996231
3am3sa        -2267.8266741369844  -2267.7492920195727  0.00025954089355188103  -2268.018016425864
3am1p3sa      -2268.1860967923717  -2268.106620453534   0.00026656494663106526  -2268.387847608373
5am3msa1p     -2273.3714333432386  -2273.278302843814   0.0003123612256419179   -2273.712661052507
4am1msa2sa    -2288.3572975427396  -2288.271467459286   0.00028787551049287333  -2288.603007278708
4am1msa1p2sa  -2288.7562696587033  -2288.6730949181606  0.0002789694467301937   -2289.02146061983
5am2msa1p1sa  -2309.292323436951   -2309.2012084655007  0.00030560111169106077  -2309.612145768409
4am3sa        -2324.2978254742334  -2324.21914208132    0.00026390539296796046  -2324.528700190922
4am1p3sa      -2324.675242158233   -2324.5916317658853  0.00028043063004174645  -2324.916148587611
5am1msa1p2sa  -2345.2273647345805  -2345.1373784992406  0.0003018153122232724   -2345.526484362258
5am1p3sa      -2381.1514383099957  -2381.063191369567   0.0002959816885085523   -2381.429409953879
1am1mb3msa    -2710.1637856367965  -2710.0804664352013  0.00027945397147323767  -2710.393672497648
1am1b3msa     -2746.097707211473   -2746.0156611576886  0.0002751838127917485   -2746.304554360041
2am1mb3msa    -2766.6384501532343  -2766.549822350324   0.0002972591075332094   -2766.905608616004
1am1b2msa1sa  -2782.0302704742844  -2781.9511043649763  0.00026552443168908785  -2782.216224186713
2am1b3msa     -2802.575065031071   -2802.4891537825897  0.0002881477393303912   -2802.821174583558
1am1b1msa2sa  -2817.961660948343   -2817.883102513152   0.00026348628271178975  -2818.124943418308
3am1mb3msa    -2823.103935181756   -2823.0103676542     0.0003138270251733856   -2823.407759104
3am4msa       -2823.5659376252765  -2823.4687773043447  0.0003258773132019984   -2823.876269712217
2am1b2msa1sa  -2838.503642709327   -2838.4190828157184  0.00028361527288130943  -2838.728098187481
1am1b3sa      -2853.888682484659   -2853.8117622938394  0.00025799158416924954  -2854.029852931685
3am1b3msa     -2859.0387635133943  -2858.946401925529   0.0003097822836329633   -2859.32039742178
3am3msa1sa    -2859.5306563362637  -2859.439157453905   0.0003068887551846333   -2859.825828875931
2am1b1msa2sa  -2874.435753461065   -2874.3523979265196  0.00027957583278752195  -2874.637216168847
4am4msa       -2880.0437172245115  -2879.9438961015826  0.00033480168683165814  -2880.39476211398
4am4msa1p     -2880.462910845243   -2880.3627929869567  0.00033579694209619096  -2880.829013941028
3am1b2msa1sa  -2894.984882817834   -2894.8961976686774  0.0002974514477838171   -2895.248196381698
3am2msa2sa    -2895.444522868129   -2895.3522174548725  0.0003095938730701487   -2895.715362338478
2am1b3sa      -2910.3655124686343  -2910.284603626214   0.0002713695871871887   -2910.545059996514
4am3msa1sa    -2915.9757111504523  -2915.874947615129   0.0003379625534914456   -2916.301841558162
4am3msa1p1sa  -2916.390555948647   -2916.2928140215595  0.00032782802981147426  -2916.735587287571
3am1b1msa2sa  -2930.9123380289243  -2930.8221922953257  0.0003023502720035993   -2931.150202244335
3am1msa3sa    -2931.358765426638   -2931.267618277598   0.00030570903585090854  -2931.604893407876
5am4msa1p     -2936.9127369128387  -2936.8048664353178  0.000361799354424185    -2937.310707582013
4am2msa2sa    -2951.9216076682123  -2951.8243852403675  0.0003260856208089678   -2952.228944599171
4am2msa1p2sa  -2952.312765743797   -2952.2185081078906  0.00031614165992435413  -2952.636383867319
3am1b3sa      -2966.8447403890214  -2966.759639597649   0.0002854294528666186   -2967.06475995303
3am4sa        -2967.302958680132   -2967.2149493325087  0.0002951847983327724   -2967.53038651747
5am3msa1p1sa  -2972.8765309827622  -2972.7752665994876  0.0003396424057514814   -2973.261270402086
4am1msa3sa    -2987.861045272673   -2987.76534826524    0.00032096933568292823  -2988.148770119042
4am1msa1p3sa  -2988.232878227934   -2988.1388919484466  0.0003152315260373662   -2988.533199080009
5am2msa1p2sa  -3008.797512251183   -3008.696675750283   0.00033820728123707723  -3009.158851269923
4am4sa        -3023.785903317674   -3023.689122071795   0.00032460588924914394  -3024.048946777292
4am1p4sa      -3024.1508113498585  -3024.0557889410156  0.0003187067209245834   -3024.426709312034
5am1msa1p3sa  -3044.717142671893   -3044.6160920445277  0.0003389254649187449   -3045.054313673119
5am1p4sa      -3080.6359023445784  -3080.5356234224773  0.0003363371527796635   -3080.950603541479
2am1mb4msa    -3430.1924482165573  -3430.0907461124057  0.0003411105287663999   -3430.518193327985
2am1b4msa     -3466.1259455387462  -3466.026662809454   0.0003329959057255509   -3466.430748310915
3am1mb4msa    -3486.661261514551   -3486.555077413314   0.0003561432206508702   -3487.023308869365
2am1b3msa1sa  -3502.0530659830447  -3501.955258746676   0.0003280470782086841   -3502.335808867595
3am1b4msa     -3522.5929190655984  -3522.488182810444   0.0003512871210950575   -3522.933257801853
2am1b2msa2sa  -3537.984666336053   -3537.8852386381113  0.000333482132960613    -3538.240994011328
3am1b3msa1sa  -3558.5397728900016  -3558.436104688032   0.0003477048531590752   -3558.859302854905
2am1b1msa3sa  -3573.9101635749125  -3573.812360644249   0.0003280326368071955   -3574.145127962619
3am1b2msa2sa  -3594.465457806038   -3594.360661878658   0.0003514872627217543   -3594.759859179592
2am1b4sa      -3609.843920564166   -3609.750893785962   0.00031201334296260806  -3610.057770098908
3am1b1msa3sa  -3630.3896270461087  -3630.288072653079   0.0003406151032371442   -3630.66362447649
3am1b4sa      -3666.3241477737965  -3666.2269918917636  0.00032586242506056515  -3666.579635257662
