/home/danayo/JKCS2.1/TOOLS/MANIPULATE/../../JKTS//DATS.py:1352: RuntimeWarning: invalid value encountered in sqrt
  B=(sqrt(v2)+sqrt(v1))**2;
0.2532482693173264 0.3227145434100863 0.21689316387310956 0.35906964885430315
0.26873459189338567 0.22931704603480246 0.3249166944702036 0.17313494345798447
0.2532534250747622 0.32271230086735436 0.2168979621008964 0.3590677638412202
0.2532502180910314 0.3227123036126484 0.21689484862292394 0.3590676730807559
0.2532508941207059 0.3227180829577116 0.21689571210873584 0.3590732649696816
0.2687307243249808 0.229318043541116 0.3249131551583466 0.1731356127077502
0.25324924930706766 0.3227162260287462 0.21689405014195837 0.3590714251938555
0.22931335947488551 0.2687281800026005 0.17313068857659406 0.32491085090089195
0.2532483840753584 0.32271369291794794 0.21689315931054684 0.35906891768275945
0.2532517778182069 0.32271341860787833 0.21689644241356892 0.3590687540125163
0.2532509448781852 0.3227153034175166 0.2168957031807331 0.35907054511496866
0.22931512489787065 0.2687339572603289 0.17313304361468274 0.3249160385435168
0.2532504206332985 0.3227143635773434 0.21689520453657013 0.35906957967407177
0.2293138410578588 0.26872211143762564 0.17313063024699188 0.32490532224849256
0.26872367835084354 0.22931095954932929 0.3249067378417163 0.17312790005845652
0.2687390445105699 0.2293196907640705 0.32492066416981547 0.1731380711048249
Error in calculating the eckart tunneling. Returning tunneling coefficient 1
Ea: -0.4575 kcal/mol  Q_TS: 807238002994254.8  k: 1.570294055014801e-13
