#CLUSTER            ddG_298.15K_[kcal/mol]  ddH_298.15K_[kcal/mol]  ddS_298.15K_[cal/mol/K]  ddE_[kcal/mol]
1am1p               17.838936548883794      17.57776027743239       -0.875989506849038       17.92262767268403
2tma                5.807904728135327       -3.6020446288166568     -31.56112479277796       -4.993907952622976
1dma1ma             5.052101752793533       -3.612252721461118      -29.060387302600795      -4.989740203200199
2dma                4.975691005354747       -4.681179431499913      -32.38930215286106       -6.1441604843130335
1ma1tma             4.608191629842622       -4.280906073545339      -29.814179786578343      -5.7385382781067165
2eda                4.59126702483627        -6.6851309599296656     -37.821224164806665      -8.498704851052025
1eda1tma            4.52780655247625        -5.542755187067087      -33.77682958092558       -7.129272424004739
2ma                 4.161972292844439       -3.5355625420925207     -25.8176583429031        -4.990711075864965
1eda1ma             4.096554143790854       -6.095107310524327      -34.183000014503314      -7.853972626697214
1dma1tma            4.072073862233083       -4.743539448201773      -29.56771192503109       -6.156426912973984
1dma1eda            4.010785145350383       -6.609179325896548      -35.61953537231345       -8.317424881868646
1am1ma              3.552825901497272       -2.8223192863661097     -21.382341733615185      -4.2994943077501375
1am1tma             3.4107645532640163      -3.9053908868518192     -24.53850558486556       -5.375081386984675
1am1dma             3.3231726113444893      -3.1532130078121554     -21.72190380396671       -4.571728828770574
1am1eda             3.2721317508257926      -5.688095056408201      -30.052747969878425      -7.528089360203012
2am                 2.774020799275604       -2.742594174691476      -18.50281728655709       -4.285827668922138
2sa                 -6.117612348054536      -17.60175055055879      -38.51798826917501       -18.828433335991576
1am1sa              -8.802178331534378      -17.56515076069627      -29.39115354390232       -18.8865318307071
1ma1sa              -10.262849017046392     -20.475863044674043     -34.254616896337374      -22.73148329637479
1dma1sa             -13.6348597999895       -23.958290133799892     -34.624955002023356      -26.636375354544725
2am1sa              -14.304028299695347     -32.61684160429286      -61.42147678907547       -35.68300051416736
1eda1sa             -14.45400768215768      -26.337367293483112     -39.85698343534686       -28.55157663335558
1sa1tma             -14.597576708343695     -24.809513053434785     -34.251002331385735      -27.505909399231314
2ma1sa              -15.731631936097983     -37.38909463729942      -72.6394858329314        -41.376601168944035
1am1ma1sa           -15.898324398964178     -36.29369957605377      -68.40642353535839       -40.33274904987775
1ma1sa1tma          -17.033635047773714     -39.22240266208246      -74.4214912434742        -43.23763312584197
1am1sa1tma          -17.177905307427864     -37.528818128674175     -68.25729606323088       -41.63025821266638
1dma1sa1tma         -18.073045076613198     -39.93319213569339      -73.3192925008242        -44.02132275198528
1am1dma1sa          -18.32111549732508      -38.641686994058546     -68.15553076195174       -43.045530988893006
1dma1ma1sa          -18.6997463349835       -40.48898379516322      -73.0814605405599        -44.752077103592455
2dma1sa             -18.854165145836305     -41.11935310543049      -74.67780633753738       -45.27276453486411
1am1eda1sa          -18.919349068193696     -40.06948711798759      -70.93791061493708       -44.39424514933489
1sa2tma             -19.12747523051803      -41.20194113245816      -74.03812142198832       -42.77083289102302
1eda1sa1tma         -19.27043923169549      -42.444595276072505     -77.7265002330027        -46.398679990306846
1eda1ma1sa          -20.589040143124294     -44.29901244060602      -79.52363675146574       -48.716351778653916
1dma1eda1sa         -22.154187379055656     -45.92251811985625      -79.71937192987032       -50.48319302522577
2eda1sa             -23.158699994615745     -47.80086278740782      -82.65021899267468       -52.08359487407142
1am2sa              -23.21380631707143      -45.78627534559928      -75.70843209278674       -49.57295650045853
1ma2sa              -28.188929280964658     -52.039358726819046     -79.99473233553351       -56.213253110297956
2sa1tma             -30.207789914667956     -53.89369272835029      -79.44290730697031       -58.9280430587678
1dma2sa             -32.088914488092996     -55.21738498611376      -77.57327015960115       -59.73599270393606
2am2sa              -33.5290788973216       -66.10876000823919      -109.27278588243463      -72.39962171087973
1eda2sa             -33.789072889252566     -61.46711113851052      -92.83259516773252       -65.9333748553181
1am1ma2sa           -38.12825970293488      -72.28350519784726      -114.55725472025489      -78.78010697860736
3am2sa              -40.04221795219928      -84.49481285584625      -149.0947338705409       -92.83624094491825
1am2sa1tma          -40.16311634423619      -75.74251281142642      -119.33388048651236      -83.34514599798422
1am1dma2sa          -41.81922662362922      -76.3786905760644       -115.91301007039303      -83.24305314233061
1am1eda2sa          -42.236088285339065     -77.37798956257757      -117.86651442974453      -84.1121190697886
2ma2sa              -42.30832240963355      -78.91377300606109      -122.77528289944765      -86.01597296062391
1ma2sa1tma          -44.32403756956046      -80.9859560107434       -122.96467697883028      -88.89607857474766
2am1ma2sa           -44.60745708155446      -90.27224916475825      -153.16046313333226      -98.89424614596646
1dma1ma2sa          -46.222009958932176     -82.53429457044695      -121.79199936772648      -89.9627226064913
1am2sa2tma          -46.288271395344054     -93.33069198936573      -157.7810517995579       -103.22212241447414
1eda1ma2sa          -46.68602323823143      -83.48165276716463      -123.41314616440422      -90.67028181196656
2sa2tma             -46.83831539619132      -83.42278960099793      -122.70492773665924      -91.73134909916553
2am2sa1tma          -46.8444340913411       -92.3293867653556       -152.55727879839742      -101.64821110670164
2sa3tma             -47.123368338507134     -96.69450696528656      -166.26241364037256      -107.41264593147207
2am1dma2sa          -47.72940917650703      -93.71721173205879      -154.24384556659803      -102.80318246083334
1am2ma2sa           -48.09194197435863      -94.57323814067058      -155.8990312470226       -103.60295674600638
1dma2sa1tma         -48.14038684811385      -85.02787355006149      -123.7212366326265       -93.179929107122
2am1eda2sa          -49.08287266094703      -95.81883869878948      -156.75319818140173      -104.65157349524088
1eda2sa1tma         -49.341163986580796     -86.88209827207902      -125.91291056723095      -94.7401582136954
2am3sa              -49.459615141386166     -95.88862751773559      -155.72367055615254      -103.44652112666517
3ma2sa              -49.53419663303066      -99.00421107304282      -165.92324145620276      -107.59459456789773
2dma2sa             -49.62691820017062      -86.57013299141545      -123.90814955976813      -94.39922579389531
1ma2sa2tma          -50.126984115544474     -98.84924775650143      -163.4152729869045       -108.9609293890826
1am1ma2sa1tma       -50.34368254731817      -97.0256763825746       -156.5721745272752       -106.69567292642023
2ma2sa1tma          -50.55561928123643      -99.62169123358035      -164.56841171291438      -108.90190783741127
1dma1eda2sa         -50.56144540174864      -87.54017027886584      -124.02725097107971      -95.05989169992972
2eda2sa             -50.612308867275715     -89.7742793924408       -131.34989275644796      -97.44705681013875
1am1dma2sa1tma      -51.01675855634676      -97.68897537210432      -156.53938224284934      -107.53762557862501
1am1eda1ma2sa       -51.761847624671645     -99.44530802685767      -159.93110985215282      -108.67840796068776
1am1dma1ma2sa       -51.96119007887319      -97.56644135899842      -152.96076230139954      -106.82165231124964
1am1eda2sa1tma      -52.06489459563454      -99.76481883424276      -159.98632982952023      -109.23208385209728
1dma2ma2sa          -52.68995472439565      -102.32515563000925     -166.47727957620918      -111.18422598147299
1dma2sa2tma         -52.9607634631393       -102.122662396956       -164.88981698380724      -112.50712504514377
1eda2ma2sa          -53.083529546740465     -103.58729776868131     -169.39046862971952      -112.55557668523397
1eda2sa2tma         -53.21328257917776      -103.09399331160239     -167.30072356917316      -113.17492565998691
1am1dma1eda2sa      -53.57269015093334      -101.16276491107419     -159.6178928732324       -110.3823050087085
1dma1ma2sa1tma      -53.59850008365174      -101.81616481648234     -161.7228399551148       -111.40237601897388
1am2dma2sa          -53.71139534586109      -99.89061181352008      -154.88585097267963      -109.13358094112482
1eda1ma2sa1tma      -54.02823031843582      -103.86492464631738     -167.15309182629872      -113.59618235476955
1am1ma3sa           -54.22626927332021      -102.4318039114587      -161.68215541959688      -110.8339479083661
1am2eda2sa          -54.23763251793571      -103.2127913114382      -164.26348748531905      -112.33104004757479
2dma1ma2sa          -55.80857710388955      -105.65677944046911     -167.1916898757861       -114.62333825044334
1dma1eda1ma2sa      -56.45001156453509      -106.72071408596821     -168.60876243947243      -115.7782380693825
1dma1eda2sa1tma     -56.70055957556178      -106.57146242131421     -167.26782775685945      -116.44671563470911
2eda1ma2sa          -56.81645999511238      -108.73221593152266     -174.12629862942433      -117.79282954835799
2dma2sa1tma         -56.89930555455794      -105.96293244369735     -164.56021093127524      -115.89933284516155
2eda2sa1tma         -57.34978576422145      -109.73920439461654     -175.71497108964655      -119.82510958371859
1am1dma3sa          -58.130252205068246     -106.61625032545999     -162.62283454762186      -115.23744443780743
3dma2sa             -58.405123785254546     -108.62522622686811     -168.43904894052602      -118.15260387538001
1am3sa1tma          -58.49565567866375      -107.25549479560868     -163.54130175112175      -116.17937475831422
2ma3sa              -59.050958562176675     -107.97503150789998     -164.09214471035472      -116.53930897358805
2dma1eda2sa         -59.43210577557329      -110.42522268882021     -171.03175218253654      -119.96010053902864
1dma2eda2sa         -60.282772560371086     -112.98581680946518     -176.76687656890252      -122.57375030708499
3eda2sa             -60.44120733148884      -114.17983784002718     -180.24024990230137      -123.55552204826381
3sa2tma             -60.98007283566403      -110.62064494538936     -166.49529468227132      -119.53744652084424
1dma1ma3sa          -62.09130095783621      -112.01517853676341     -167.4455058823199       -121.15085412212647
1ma3sa1tma          -62.55442846076039      -112.59156246749626     -167.8253698031671       -122.02769355678174
3am3sa              -63.08477378054522      -121.47467774851248     -195.84069752745228      -132.11899801017717
1am1eda3sa          -63.85808750311844      -114.52298817713745     -169.930909521223        -124.30863972846419
2dma3sa             -64.18964337185025      -113.92840155097656     -166.82461237312222      -123.44922868767753
1dma3sa1tma         -64.27607516849821      -115.00956722498813     -170.16096614576963      -123.75383558652538
1eda1ma3sa          -64.7915395044256       -116.36429322231561     -172.97586355117906      -126.01851976639591
2am1ma3sa           -67.83157850336283      -127.50394636089914     -200.14210249029048      -138.46725472342223
1eda3sa1tma         -68.03177799725381      -120.17994432371052     -174.90580689709503      -130.66544165245432
2am3sa1tma          -68.3843363677006       -128.24787468124123     -200.7832913412827       -139.9498484061769
4am3sa              -70.76945305801928      -139.84116586577147     -231.6676599277896       -152.28778641368262
2am1dma3sa          -70.96964413695969      -129.4730403975118      -196.22135254196073      -140.84740547998808
1dma1eda3sa         -71.2081000348553       -123.06157949496992     -173.91742230306562      -133.16847142623737
1am2ma3sa           -71.32547737308778      -130.34251225506887     -197.94410492080107      -141.6759005773347
2am1eda3sa          -71.32936581899412      -131.12258749990724     -200.54744819938048      -142.44248610315844
1am1ma3sa1tma       -72.79346906997671      -134.0443407496059      -205.43643025286858      -146.05177881724376
2eda3sa             -73.14142249012366      -127.59082954423502     -182.62420611887538      -136.8338350476697
1am3sa2tma          -73.26222136357683      -134.14103400774184     -204.18853813231863      -146.67099112187861
3sa3tma             -73.81239460612414      -136.33619787945645     -209.70586373799256      -149.63512277626432
3am1ma3sa           -74.77175407879986      -145.5252699854318      -237.30845516254374      -157.9976655000355
1am1eda1ma3sa       -74.96743528707884      -135.37807164085098     -202.61826716086927      -146.85182129684836
3am3sa1tma          -75.39750974856724      -146.17850393067056     -237.40061775019473      -159.3722470911889
1am1dma1ma3sa       -75.69839808763936      -135.80177258560434     -201.58770584615394      -147.43021026463248
3am1eda3sa          -76.06786581757478      -148.7116153303068      -243.64832974189005      -161.72744280612096
1am1eda3sa1tma      -76.21993961649423      -138.35549914986768     -208.40368785204586      -150.42477179823618
1am1dma3sa1tma      -76.32748661933874      -137.83442585157172     -206.29528503267446      -149.99668987949553
3ma3sa              -76.86910942266695      -138.8699571751058      -207.95186232591584      -150.5601730151102
2ma3sa1tma          -76.87067824251426      -139.48408314153494     -210.0063890622752       -151.9011141705996
2am3sa2tma          -77.09885173218208      -147.98598877663608     -237.756622655317        -162.7395431479381
3am1dma3sa          -77.2559103379026       -146.73763010953553     -233.04283002308568      -160.0769285678398
1ma3sa2tma          -77.54572906481917      -139.7791978274181      -208.73207701633945      -152.73473170035868
1dma3sa2tma         -77.72594972603838      -140.6355716723192      -210.9999059070309       -153.41387869938626
3sa4tma             -77.78922817570856      -153.21045341173885     -252.96402896493473      -169.14861180464504
1am2eda3sa          -78.57267198921181      -140.90255382703617     -209.05544805740934      -152.54735842626542
2am1ma3sa1tma       -78.61070658567769      -149.80915791411826     -238.8007758799541       -164.09541536068718
1eda3sa2tma         -78.61698465349036      -142.35293303916114     -213.77141836562754      -155.57544393077842
1am2dma3sa          -78.70113105326891      -139.70752169704065     -204.61643684071262      -151.78674446977675
2am2ma3sa           -79.10475541371852      -150.96847099554725     -241.0320831180116       -163.65228039771318
3am4sa              -79.11899224249646      -149.86287683038972     -237.27615156051178      -161.49380900664255
1dma2ma3sa          -79.18236660584807      -140.89582862332463     -206.9879658475224       -152.89976825239137
1dma1ma3sa1tma      -79.42193826752191      -142.08582891231345     -210.1757190844011       -154.68175616643566
1am1dma1eda3sa      -79.430208487669        -140.7204220686108      -205.56838363483587      -152.25403277622536
1eda2ma3sa          -79.48697116435505      -140.67071508197114     -205.21128263499548      -152.42996240383945
1am3sa3tma          -79.53846821765183      -153.20977957412833     -247.09478905467188      -168.84742090688087
1eda1ma3sa1tma      -80.23501925308665      -143.5720833508385      -212.43355390825485      -156.35619081898767
2am1eda1ma3sa       -80.51797876693308      -154.63378816191107     -248.58564278047396      -167.8710519662127
2dma3sa1tma         -81.19254425585677      -144.1593693258328      -211.19176612445517      -156.70820858159277
1am3ma3sa           -81.4772598685231       -151.83177055232227     -235.97018508773212      -165.2327630422078
2eda3sa1tma         -81.53993207261374      -146.64234784488508     -218.35457243776352      -159.20441426073376
1am1ma3sa2tma       -81.94410680115107      -155.7166276324715      -247.43424729707976      -170.44739178646705
1dma1eda3sa1tma     -82.40991332054546      -146.9745486605534      -216.55084802844667      -159.73059497859504
2am1eda3sa1tma      -82.50422880936821      -155.32452345905767     -244.24046503319047      -169.9400283772702
2eda1ma3sa          -82.63894972181879      -146.0649432153441      -212.73182456396162      -157.9238388936501
2am1dma1ma3sa       -82.78766685375012      -154.73151464760303     -241.30084787488013      -167.31492806016468
2am4sa1tma          -82.79360847453063      -155.76213785736763     -244.737646765026        -169.11268261440273
2am1dma3sa1tma      -82.8613826297078       -155.79886507951596     -244.63351484097925      -170.3571176991536
1am2ma3sa1tma       -83.12208162689058      -155.4942675811326      -242.73750110408852      -169.9450770154799
2dma1ma3sa          -83.13398731336929      -145.24251420865767     -208.3130199413174       -157.59455167432316
2am1ma4sa           -83.5711221259553       -155.38213295000605     -240.85531049483103      -167.6355105577968
1dma1eda1ma3sa      -83.60423611663282      -146.05058088782243     -209.44606664846174      -157.94898356636986
1dma3sa3tma         -83.7998861958622       -158.91838384914445     -251.94867567693498      -175.009799183812
1ma3sa3tma          -83.92735612293473      -158.87961491016904     -251.39110778855851      -174.51753512816504
1dma2eda3sa         -84.79761393135414      -148.70050757122226     -214.33135549170703      -160.75713466620073
2ma3sa2tma          -84.93050406195107      -159.56572422382305     -250.32775502881168      -173.67458035363234
3dma3sa             -85.10345775983296      -148.3838963075541      -212.24363088264326      -160.89433317747898
1am1dma3sa2tma      -85.15501917593065      -159.35930084480788     -248.88238024061647      -174.0675512208545
1am1dma2ma3sa       -85.50780610740185      -158.02345068543218     -243.21866368658448      -172.1341984141618
2dma1eda3sa         -85.53143518487923      -149.51272372505628     -214.59429327402125      -161.65202359715477
2am1dma4sa          -85.59295583702624      -158.3886163025163      -244.15784157489853      -171.21464384603314
2am2dma3sa          -86.17351478897035      -158.3458869322203      -242.0673222986504       -171.63365520932712
1am1eda3sa2tma      -86.4142691141169       -162.34065705884132     -254.6583529931994       -177.09467526580556
2am1dma1eda3sa      -86.46106694824994      -159.9051979247015      -246.3328223246238       -173.15726324077696
1am1eda1ma3sa1tma   -86.70991194270027      -160.26593904277252     -246.7081237636513       -174.9627038283943
1eda3sa3tma         -86.84955576871289      -163.1002680976526      -255.74614230639932      -178.7801879819017
2am2eda3sa          -87.20287707820535      -161.66077110683545     -249.7330002645482       -174.69055991922505
1am2ma4sa           -87.3514047882054       -160.0270017394796      -243.75514657496922      -172.33638992067426
1am1ma4sa1tma       -87.66156054077146      -162.75281386250572     -251.85729774175906      -176.21197884359572
1am1eda2ma3sa       -87.9313083877787       -162.10248681460507     -248.77135142276023      -175.0782159611117
1am1dma1ma3sa1tma   -88.3476949485339       -161.53823011122586     -245.48225779842923      -175.34661079120997
3ma3sa1tma          -88.59907996327092      -163.2155137607915      -250.26474525457238      -177.21452068297367
1eda1ma3sa2tma      -88.70188783222693      -164.9755088754173      -255.82297851021949      -180.23697522687144
1am4sa2tma          -88.70238711542333      -163.63834187827888     -251.33642382396872      -177.3062799445761
1dma1ma3sa2tma      -88.91977519259672      -163.73801901048864     -250.94161937950165      -179.16623611011892
4ma3sa              -89.45902039995417      -163.72583872801624     -249.09212922390026      -177.17873556772247
1am1dma1ma4sa       -89.6047537184786       -163.56472843303345     -248.06297070183143      -176.416791429976
1am2eda3sa1tma      -89.62937361210061      -164.83526238855848     -252.2417869422382       -179.69044935579586
2dma3sa2tma         -89.68610979380901      -164.9660796043172      -252.49025594633065      -179.60063183921739
1am1dma1eda1ma3sa   -89.85190408327617      -163.91168165253475     -248.397711116043        -178.23353372327983
3eda3sa             -90.31061072158627      -157.45264833560213     -225.19549761498993      -169.8711507616099
1am1dma1eda3sa1tma  -90.44670183722337      -166.17836716106103     -254.0052501208136       -180.62209741251718
1am2eda1ma3sa       -90.76233603293076      -165.12551174941473     -249.41531348908498      -179.08331020874903
1am2dma1ma3sa       -90.77429943042807      -164.19253316824324     -246.24596256401662      -177.94781340984628
2eda3sa2tma         -90.81929753741133      -169.84184794241446     -265.04293276967337      -185.5130579758843
1dma3ma3sa          -91.16006316081621      -165.1311775157228      -248.10033323749118      -178.69024647120386
1am1dma4sa1tma      -91.30843888990057      -166.670188684584       -252.76454735753623      -180.12630540940154
4sa3tma             -91.34668690169929      -168.38625044986838     -258.39196226086426      -182.89154810504988
1eda3ma3sa          -91.3812693702057       -166.01906958408654     -250.33640856498585      -180.2221249921713
1am2dma3sa1tma      -91.40388166297635      -164.94863685929158     -246.6703176130114       -179.34894465298567
1eda2ma3sa1tma      -91.58462073629198      -166.56851674486825     -251.49721954862966      -181.640876519421
1dma2ma3sa1tma      -91.92330244554614      -166.89994802243018     -251.4729014816301       -181.30681337502028
1am2dma4sa          -92.02378736739047      -165.67138151056133     -247.0152411322217       -178.71607587463222
1am3eda3sa          -92.11842990666628      -167.88346926681697     -254.11718718834834      -181.81681982660666
2eda1ma3sa1tma      -92.49638824233261      -171.34116260042356     -264.4466689857013       -186.69642961367208
2ma4sa1tma          -92.56798720800725      -167.43434867179894     -251.10300675433038      -181.3809628944582
1am3dma3sa          -92.63880987162702      -166.56806473387405     -247.9599358121911       -180.51234337245114
1am1dma2eda3sa      -92.76534030260518      -168.08225520257838     -252.61417038469511      -182.261130228173
1am2dma1eda3sa      -92.7752631616313       -167.57663401099853     -250.88502716475875      -181.45739991334267
2am1eda4sa          -92.95901266695         -168.55862990953028     -253.56235868694688      -182.8660561721772
1dma1eda3sa2tma     -93.04075189653668      -171.17756875764462     -262.0721679050152       -187.30877138799406
3ma4sa              -93.39060350763611      -167.4963952570688      -248.55204343249056      -180.26611106982455
2dma1ma3sa1tma      -93.4600628970511       -168.72407526579627     -252.43673442565276      -183.3393525690044
1dma4sa2tma         -93.57081148560974      -171.1029097449209      -260.043931775763        -184.30808781002997
1ma4sa2tma          -93.58905918241362      -170.1707983102824      -256.85641163208055      -184.01609133704915
3dma3sa1tma         -93.9107479282975       -169.71977129402512     -254.26471026572338      -184.53438233413908
1dma1eda2ma3sa      -94.19339506048709      -170.4368169317022      -255.7216899920209       -184.50923854042776
4am4sa              -94.22436702274717      -175.2064222751651      -271.615144230332        -190.4904288398102
1dma2ma4sa          -94.40480974293314      -168.78031069529243     -249.45665253194818      -181.8779910779558
1dma1eda1ma3sa1tma  -94.4871216686297       -171.39118068931566     -257.93747784855077      -186.31815888259734
2dma2ma3sa          -94.63985265162773      -169.90400318591855     -252.43719783424422      -184.71042290446348
1dma2eda3sa1tma     -94.80717732360063      -172.83600940751785     -261.70998518806806      -187.80563579399313
2eda2ma3sa          -94.90334366075695      -170.72543395916        -254.30853697279144      -184.2923854261171
1am1eda1ma4sa       -95.11373148183338      -170.10628114966676     -251.52624406432432      -183.72142145014368
1dma1ma4sa1tma      -95.7565946457762       -172.36225916571857     -256.9366577894274       -186.38236938200134
3eda3sa1tma         -95.8440936163388       -175.6242089940788      -267.58381813763606      -190.9930303796864
3am1ma4sa           -96.23522525490262      -179.52529282378964     -279.3562554718639       -195.03053565858863
4dma3sa             -96.3488934203051       -171.57365567609668     -252.30508890007044      -185.89791686087847
2dma1ma4sa          -96.56699568685144      -171.89983427361585     -252.66757869149274      -185.0705072178971
3dma1ma3sa          -96.82017053896561      -172.1059422942344      -252.50971576512794      -186.36703132628463
2dma1eda3sa1tma     -96.85481004019675      -174.92984591690765     -261.86495346819663      -190.39513422611344
3dma1eda3sa         -97.08026433014311      -173.90270220628008     -257.663719188749        -188.22364942729473
2dma1eda1ma3sa      -97.1051063099876       -174.41676408052444     -259.30457075475846      -188.32134486711584
3eda1ma3sa          -97.52773553784937      -174.60555785428733     -258.520282799212        -188.86898430529982
1dma2eda1ma3sa      -97.7491790028289       -176.04394817282446     -262.60194254610775      -189.9131499249488
3dma4sa             -98.05793268745765      -174.91521386080422     -257.78058418026546      -188.44287826749496
1am1eda4sa1tma      -98.289564280989        -175.87879198334122     -260.2355448675147       -190.30899048892024
4eda3sa             -98.29062073957175      -177.40307365497574     -265.34446726582905      -191.66766638495028
1am1dma1eda4sa      -98.62165066902526      -174.47609899938107     -254.41706634340147      -188.96657520346344
1eda1ma4sa1tma      -98.99668922460114      -176.84305519108602     -261.09799083113637      -191.88131559423346
1eda2ma4sa          -99.52759753610007      -175.71800775895827     -255.54388805132385      -189.80204813415185
2dma4sa1tma         -99.67570192155836      -177.01328621442372     -259.3915287353639       -190.78409635314893
3am1eda4sa          -99.79924090998247      -186.6462276626844      -291.2862208697508       -202.51465713884681
1dma1eda1ma4sa      -100.27744631608948     -176.56752852676436     -255.87818953691132      -191.25381447654217
3am1dma4sa          -100.62434816965833     -183.4780597090721      -277.8927101772596       -199.5272352087777
2am2ma4sa           -100.96188584761694     -184.28684853366576     -279.473294268528        -199.94516136846505
3am4sa1tma          -100.98752948989568     -185.23135175961943     -282.55516441263217      -201.482777400568
1am2eda4sa          -101.16549201053567     -177.21517909690738     -255.07190034146333      -190.8742966465652
1dma1eda4sa1tma     -101.28779092429613     -179.7413866842253      -263.13464953671064      -194.4667978821526
2dma2eda3sa         -101.56618908583187     -180.28350793919526     -264.0191811286096       -194.07096020504832
1dma3eda3sa         -101.57105776597746     -180.94914569403045     -266.2354114633499       -194.9737167682033
2am1dma1ma4sa       -101.88356794137508     -187.86509440210648     -288.38345282795575      -203.99356022500433
2eda4sa1tma         -102.8978766095679      -181.9535971662117      -265.15418600297863      -197.18478884913202
2am4sa2tma          -102.90292425311054     -187.57574107541586     -283.9940191922718       -204.44742360696546
2am1eda1ma4sa       -103.60915611777455     -189.4151571583934      -287.79473768462327      -205.52035597199574
1am3ma4sa           -104.42569594201632     -189.2848297317978      -284.61892936405417      -205.3521322067827
2am1ma4sa1tma       -104.44215286055987     -189.8557201790245      -286.4785085300065       -206.5123491097911
2am1dma4sa1tma      -105.2588605577912      -189.66600940200442     -283.1029644279547       -206.61229828947398
1am1ma4sa2tma       -105.42665380166727     -193.11461888017948     -294.10687599705034      -209.64267493327498
1eda4sa2tma         -105.61316657086718     -185.43256010321784     -267.71555771386767      -201.21453655938967
1am4sa3tma          -105.79212831117911     -193.68232606892707     -294.7851677274219       -211.7051629635971
2eda1ma4sa          -106.42416194733232     -184.52970901271328     -261.9672884977615       -199.17324683605693
2am1eda4sa1tma      -106.9187701507326      -194.50359659349488     -293.76094731695343      -211.59859337580565
1am1dma4sa2tma      -107.80428865292924     -195.99736455103266     -295.80102598668776      -213.61297476672917
2am1dma1eda4sa      -107.8415474453941      -194.799423515331       -291.65814546288095      -211.19529908010736
2am2dma4sa          -107.97094989730977     -193.57230775640346     -287.10836109005635      -209.48410530155525
1am1dma2ma4sa       -108.16810873453505     -192.97011441830546     -284.4273207575688       -209.20923677412793
1am1eda2ma4sa       -108.53626051847823     -197.00914091942832     -296.73949488866896      -213.53056065621786
1am1eda1ma4sa1tma   -108.77271357899008     -195.04560529520677     -289.360696683656        -212.17423036640685
1dma2eda4sa         -108.8202098167967      -189.55118822748773     -270.773028377925        -204.02592256339267
1am1eda4sa2tma      -109.16629676471348     -198.5576660267252      -299.82012162295814      -215.9608017137216
2dma1eda4sa         -109.28679112903774     -188.18522753263824     -264.62665236735546      -202.4126255272422
4sa4tma             -109.37619864073349     -198.7474816024187      -299.7527518408011       -218.41984239820158
2am2eda4sa          -109.43141607614234     -199.4246266533155      -301.8387072865331       -215.49338025110774
1am2dma4sa1tma      -109.57374587071536     -195.61018141252862     -288.567618789594        -213.3097169992252
1am2dma1ma4sa       -110.11928052920848     -197.03099632286467     -291.50332313891744      -213.5112033181358
1am1dma1eda4sa1tma  -110.33037632469495     -199.3741834914399      -298.65439264489805      -217.28315321814443
1am2ma4sa1tma       -110.58922579720092     -197.30747450828494     -290.8544313636571       -214.1869338144752
4ma4sa              -110.6372908744961      -196.59105724887922     -288.2903450417891       -213.29328646091744
1am1dma1ma4sa1tma   -110.88498586321657     -196.0952936870599      -285.7967728456608       -213.11103022254247
1ma4sa3tma          -111.10741697106278     -200.45014452544274     -299.6569765353245       -218.66792081482708
2ma4sa2tma          -111.39698919348302     -199.6515507234435      -296.0072498067          -217.22293966225698
1dma4sa3tma         -111.66798987536458     -202.00953139044577     -303.0070149753444       -220.62581225205213
3eda4sa             -111.71499965828843     -193.944009215571       -275.79744946171235      -209.14398700394668
1dma1ma4sa2tma      -112.10378735183622     -201.37907975559938     -299.4307979321017       -219.63745248233317
1am3dma4sa          -112.2975542161148      -200.67986995913088     -296.4357395380937       -217.2819195475895
1eda4sa3tma         -113.541773623263       -205.1868660832406      -307.37914626764086      -223.48583224765025
1eda3ma4sa          -114.26304330118        -204.245997879887       -301.804308496678        -220.37526009324938
1dma3ma4sa          -114.32511297450401     -201.69293234846555     -293.0331020415649       -218.20092517556623
2dma1ma4sa1tma      -114.68042083967885     -203.82840086692886     -299.0037901290441       -221.39291910750035
1am1dma1eda1ma4sa   -114.79605725361034     -205.49621163401753     -304.20980841918737      -221.70311630517244
2dma4sa2tma         -114.85109782146174     -204.200754047808       -299.6802154159013       -222.44453117981902
2dma2ma4sa          -115.35357648832723     -203.9338995309081      -297.0998592749998       -220.71848026360385
3dma4sa1tma         -115.55437012993207     -204.7243170140864      -299.07746732908606      -222.36560573444876
3ma4sa1tma          -115.63967884167505     -202.94928672384412     -292.83785974204454      -219.89348086008977
1am2eda4sa1tma      -115.9068110082153      -208.17541905409598     -309.47042779087724      -225.26032840406697
1dma2ma4sa1tma      -116.08440116232669     -204.49040485346632     -296.5151893034239       -222.08181649904873
1dma1eda2ma4sa      -116.1080481451936      -205.59955704584718     -300.15599161603006      -222.46724892151542
1am2dma1eda4sa      -116.29628955526277     -206.20564477774315     -301.55745504734256      -222.79294519219548
1dma1eda4sa2tma     -116.4313225466467      -207.91998325890745     -306.85447161490254      -225.97634961208678
1eda1ma4sa2tma      -116.51897167388233     -206.03734848994645     -300.24610704536326      -224.07139432788244
1am2eda1ma4sa       -117.15051074768417     -208.79532191180624     -307.37820279861506      -225.12884908053093
1am1dma2eda4sa      -117.77607835410163     -210.0151061967481      -309.37121530321804      -227.29220382496715
3dma1ma4sa          -118.10893891821615     -207.35244160029106     -299.32417468507015      -224.6483689036686
1dma1eda1ma4sa1tma  -118.65548527774808     -209.59157667552063     -305.0011450537462       -227.10945825969975
1eda2ma4sa1tma      -119.38182503006828     -209.84999989705102     -303.43174531927264      -226.84292585884396
1am3eda4sa          -119.9259948937688      -215.33227187162265     -319.99422095507714      -232.1669414283242
4dma4sa             -119.93036140222102     -209.06422030343674     -298.9564276405307       -225.9300442833919
2eda2ma4sa          -120.53450085571967     -213.54084251541644     -311.9447984561031       -230.36075913230889
2dma1eda1ma4sa      -120.6047563154716      -211.1644651805982      -303.7387518531034       -228.479085840052
2eda4sa2tma         -121.4207624331757      -216.68668939053896     -319.52348468050656      -235.2241995477525
3eda4sa1tma         -122.0199775344081      -216.28136182074377     -316.15423205249493      -233.7585608704685
3dma1eda4sa         -122.11279885913245     -214.3061424472835      -309.21798956413426      -231.6667953073047
2dma1eda4sa1tma     -122.95348741624912     -214.73529941109882     -307.83770583400144      -232.5655345964915
1dma2eda4sa1tma     -123.22403300179576     -217.89161870219687     -317.516638271289        -235.82011592893105
2eda1ma4sa1tma      -124.40174140477029     -218.9571244035469      -317.1403085655169       -237.14184382084932
3eda1ma4sa          -124.86521904217079     -217.33460172242485     -310.14382921421804      -234.66695441887714
1dma3eda4sa         -125.13225686433725     -218.5141374845989      -313.20436230071857      -235.89561206963845
1dma2eda1ma4sa      -126.37593606649898     -219.97296584839933     -313.9259761253465       -236.68163500307128
2dma2eda4sa         -126.89084307011217     -220.391976097133       -313.6043368347637       -237.29144292068668
4eda4sa             -129.1350680887699      -225.2993334850762      -322.53652656796316      -242.37585374852642
