#CLUSTER            dG_298.15K_[Eh]      dH_298.15K_[Eh]      dS_298.15K_[Eh/K]       dE_[Eh]
2am                 -113.05536239990964  -113.02045741387666  0.00011707189680691298  -113.099827248
1am1ma              -152.32051189482704  -152.28153352592955  0.00013073408987920903  -152.391174402
2ma                 -191.58593176089943  -191.54361922382353  0.00014191694474558443  -191.683601312
1am1dma             -191.59160340765067  -191.54930397639808  0.00014187298759885054  -191.688292609
1dma1ma             -230.85523876791174  -230.8109845709825   0.00014842930380430135  -230.980284134
1am1tma             -230.86424280138917  -230.8215468509139   0.00014320291958837283  -230.989581759
1am1eda             -246.9241779494653   -246.88297674108904  0.0001381895300227156   -247.042448029
2dma                -270.1260860706795   -270.07993116401707  0.00015480431548689006  -270.278808208
1ma1tma             -270.12872517284364  -270.0830943393188   0.00015304656557060765  -270.281486345
1eda1ma             -286.18925474785254  -286.14457442378375  0.00014985854123362327  -286.334292737
1dma1tma            -309.40030507293784  -309.3510747324541   0.0001651193710674212   -309.578836669
1dma1eda            -325.46011696409636  -325.41263679045653  0.0001592492827094562   -325.631715672
2tma                -348.67031780365807  -348.62029981630053  0.00016776115162683397  -348.876992971
1eda1tma            -364.7320720113613   -364.6819815082817   0.00016800437055048315  -364.929831124
2eda                -380.79168509998146  -380.74239095967533  0.00016533335672029136  -380.981448674
1am1sa              -756.6583630511105   -756.6166708171016   0.00013983643806451078  -756.702608569
1ma1sa              -795.9270814146831   -795.8822584409279   0.0001503369906261209   -796.000061327
2am1sa              -813.1970224621142   -813.1487008441234   0.00016207150089149258  -813.27587436
1dma1sa             -835.2031806445898   -835.1550512313179   0.00016142684310560505  -835.302968602
1am1ma1sa           -852.4659537735353   -852.4155094114155   0.0001691912195864154   -852.574609657
1sa1tma             -874.4774938292907   -874.4274519457812   0.00016784129971339446  -874.60436322
1eda1sa             -890.5369792554873   -890.4884757025521   0.00016268171368501392  -890.655464812
2ma1sa              -891.7320787420988   -891.6782041132593   0.00018069639054006832  -891.867598533
1am1dma1sa          -891.7405403099815   -891.6864943384628   0.0001812710767018816   -891.875617164
1dma1ma1sa          -931.0075343155065   -930.9503872843626   0.00019167208164989766  -931.169662121
1am1sa1tma          -931.0114974516064   -930.9557650411413   0.00018692742064420684  -931.173370673
1am1eda1sa          -947.0739868678826   -947.0184028376051   0.00018642975105647268  -947.22721061
1ma1sa1tma          -970.277658152594    -970.2194130284231   0.00019535510370908424  -970.467257589
2dma1sa             -970.2785059333189   -970.2186349844839   0.00020080814635260386  -970.467176267
1eda1ma1sa          -986.3430383300849   -986.2860921454688   0.00019099843909457676  -986.525423771
1dma1sa1tma         -1009.5500401082339  -1009.4877888875545  0.00020879161723773624  -1009.76519086
1dma1eda1sa         -1025.616258109938   -1025.5559225254642  0.00020236654192072284  -1025.82492381
1sa2tma             -1048.8244994488027  -1048.7608549790393  0.0002134645975628597   -1049.06320697
1eda1sa1tma         -1064.8844414991545  -1064.8214242358376  0.00021136093683355622  -1065.11842357
2eda1sa             -1080.9503521213887  -1080.8885490204464  0.00020728861627528362  -1081.17691835
2sa                 -1400.2386374920554  -1400.1893210552164  0.0001654081396577126   -1400.28202936
1am2sa              -1456.7957738569555  -1456.7422798012267  0.00017941994207249147  -1456.87752302
1ma2sa              -1496.0700929145144  -1496.0131938873922  0.000190840272084868    -1496.17943049
2am2sa              -1513.3421040242936  -1513.2827094595154  0.00019921034639668563  -1513.46039864
1dma2sa             -1535.347033533903   -1535.2855015791772  0.00020637918740806498  -1535.48172876
1am1ma2sa           -1552.6158239737074  -1552.5534987045382  0.00020903997708957922  -1552.76189207
3am2sa              -1569.8823750436668  -1569.820053185442   0.0002090285367259533   -1570.03946544
2sa1tma             -1574.6168147219732  -1574.5544363099282  0.00020921821916847235  -1574.78045011
1eda2sa             -1590.6822361389152  -1590.6250943858502  0.00019165437888664429  -1590.84104913
2ma2sa              -1591.8888760090251  -1591.8250138785502  0.0002141946351666089   -1592.06474865
1am1dma2sa          -1591.8924314978178  -1591.8272679974932  0.00021855945102991354  -1592.06568867
2am1ma2sa           -1609.1560409030185  -1609.090209271929   0.00022080037259560126  -1609.34044496
1am2sa1tma          -1631.16257127269    -1631.0972983636325  0.0002189264097185584   -1631.36586028
1dma1ma2sa          -1631.1658384647114  -1631.098026738765   0.00022744164328902564  -1631.36772263
1am1eda2sa          -1647.2255890182016  -1647.1584936295615  0.00022503903619072203  -1647.41651774
1am2ma2sa           -1648.4279844530956  -1648.3580124655484  0.000234687196200927    -1648.63927422
2am1dma2sa          -1648.431741634929   -1648.3629423581872  0.0002307539048860508   -1648.64335868
1ma2sa1tma          -1670.435592803801   -1670.3666034691528  0.00023139136222744705  -1670.66603172
2dma2sa             -1670.4419901205958  -1670.3717014553476  0.00023574933841411362  -1670.67147709
1eda1ma2sa          -1686.4990711267562  -1686.429169597062   0.00023445087940397104  -1686.71829432
3ma2sa              -1687.6966734685586  -1687.626022803925   0.00023696349030202763  -1687.93696074
2am2sa1tma          -1687.7031103046343  -1687.6317748859065  0.00023926016678809853  -1687.94152701
1am1dma1ma2sa       -1687.7048760892883  -1687.6300256200311  0.0002510497040323522   -1687.94108796
2am1eda2sa          -1703.7663917407235  -1703.6959246798335  0.00023634768032889425  -1703.99574842
1dma2sa1tma         -1709.7124001394786  -1709.6402878735273  0.00024186572514256225  -1709.96954291
1dma1eda2sa         -1725.7759726020397  -1725.7028804554493  0.0002451522609104248   -1726.02197405
1dma2ma2sa          -1726.9724280743096  -1726.8985582528644  0.00024776059515429653  -1727.23936561
1am1ma2sa1tma       -1726.9750773821895  -1726.9002080376956  0.00025111301188625     -1727.24089611
1am2dma2sa          -1726.9783907809283  -1726.900972591939   0.0002596618782129372   -1727.24145666
1am1eda1ma2sa       -1743.037051615776   -1742.9626529468826  0.0002495343581866129   -1743.29349103
2sa2tma             -1748.9831041169562  -1748.908774173448   0.0002493038521157995   -1749.26724334
1eda2sa1tma         -1765.046806921582   -1764.972875930533   0.0002479657590099858   -1765.32147343
2ma2sa1tma          -1766.2418057410107  -1766.165294154066   0.0002566211200560338   -1766.53573738
1am1dma2sa1tma      -1766.246875541386   -1766.1685082151425  0.00026284530016303207  -1766.53892223
2dma1ma2sa          -1766.2481234999266  -1766.1711107204533  0.00025830212803388885  -1766.54153061
2eda2sa             -1781.1085468611543  -1781.0360739030136  0.00024307549267369295  -1781.37522239
1eda2ma2sa          -1782.30554848437    -1782.2302027564795  0.00025271080962817793  -1782.59099513
1am1dma1eda2sa      -1782.3106629400365  -1782.2326330491976  0.0002617135362702877   -1782.59289076
1am2sa2tma          -1805.5121191215283  -1805.432606967221   0.0002666850723034226   -1805.83205388
1dma1ma2sa1tma      -1805.5173804634962  -1805.4360344387212  0.0002728359039915996   -1805.83640654
3dma2sa             -1805.5229869363761  -1805.443084422643   0.0002679943442326637   -1805.84383928
1am1eda2sa1tma      -1821.5810390719048  -1821.501449447735   0.0002669449074953371   -1821.89106666
1dma1eda1ma2sa      -1821.581638903538   -1821.5024393570634  0.0002656365804951966   -1821.89281519
1am2eda2sa          -1837.6442158062678  -1837.5655331392588  0.0002639029582721389   -1837.94544041
1ma2sa2tma          -1844.7846271754045  -1844.702350497048   0.0002759573313988476   -1845.13252472
2dma2sa1tma         -1844.7933662193443  -1844.7098859340704  0.00027999424878032456  -1845.14025734
1eda1ma2sa1tma      -1860.8505584914678  -1860.768932510353   0.00027377488215637395  -1861.18934674
2dma1eda2sa         -1860.8571167554242  -1860.7755860605241  0.0002734552906257547   -1861.19616385
2eda1ma2sa          -1876.9147160844955  -1876.8352780537052  0.00026643646080901567  -1877.24546979
1dma2sa2tma         -1884.059868670073   -1883.9748102014626  0.00028528750162786165  -1884.43486037
1dma1eda2sa1tma     -1900.1255426963855  -1900.0404888296596  0.0002852720668320791   -1900.49057377
1dma2eda2sa         -1916.1909655954084  -1916.1092998004328  0.00027390841849948334  -1916.54977312
2sa3tma             -1923.323345074658   -1923.2372039863158  0.00028891862600105946  -1923.72675063
1eda2sa2tma         -1939.392764291238   -1939.3059912631115  0.0002910381624233453   -1939.7853687
2eda2sa1tma         -1955.459070517034   -1955.3751701312415  0.00028140327282428503  -1955.84540175
3eda2sa             -1971.523711282079   -1971.4408357450318  0.00027796591328933367  -1971.9007818
2am3sa              -2213.481935389496   -2213.410802484234   0.00023858093329537198  -2213.63588755
1am1ma3sa           -2252.7559222273967  -2252.6821788678108  0.0002473364399990192   -2252.93898566
3am3sa              -2270.0335402504356  -2269.95962025472    0.00024792888048127065  -2270.22807916
2ma3sa              -2292.0300015511616  -2291.951961715106   0.00026174689269126974  -2292.2394032
1am1dma3sa          -2292.0328692176313  -2291.9560904087484  0.00025751738682810966  -2292.24268752
2am1ma3sa           -2309.307495455963   -2309.230177665668   0.0002593251393416504   -2309.52952123
4am3sa              -2326.5756782572535  -2326.4969328019424  0.0002641135512700245   -2326.80671914
1dma1ma3sa          -2331.305572228396   -2331.2256432979634  0.0002680829462785108   -2331.54343661
1am3sa1tma          -2331.306230512963   -2331.2281533105647  0.0002618722200171465   -2331.54419751
1am1eda3sa          -2347.3744904005575  -2347.298323858891   0.0002554638325230517   -2347.60658765
1am2ma3sa           -2348.5794540083225  -2348.495650315718   0.00028107896228113036  -2348.82595996
2am1dma3sa          -2348.583221866697   -2348.5005587814485  0.0002772533464648825   -2348.82999865
3am1ma3sa           -2365.8484470083704  -2365.766940152584   0.00027337533384596267  -2366.10714388
1ma3sa1tma          -2370.5790892584882  -2370.4976060241     0.0002732961072885344   -2370.84484287
2dma3sa             -2370.579641717618   -2370.4959353766835  0.0002807524431818203   -2370.84378371
1eda1ma3sa          -2386.6423685790087  -2386.5622072562214  0.0002688623940543065   -2386.90063792
2am3sa1tma          -2387.851880855836   -2387.7696505258577  0.00027580187817675966  -2388.1285772
3ma3sa              -2387.8546790521245  -2387.7701888650954  0.0002833814758649512   -2388.13144347
1am1dma1ma3sa       -2387.8571483061914  -2387.7715934229054  0.0002869524846081421   -2388.1318145
2am1eda3sa          -2403.9162883277877  -2403.83282066054    0.0002799519277132503   -2404.18198471
2am2ma3sa           -2405.1217427694205  -2405.036563595723   0.00028569234847543095  -2405.40748055
3am1dma3sa          -2405.123131337434   -2405.0361153236718  0.0002918531402398409   -2405.4071418
1dma3sa1tma         -2409.852558438698   -2409.7687025320315  0.000281254089104585    -2410.14427805
1dma1eda3sa         -2425.923319657827   -2425.840123303685   0.0002790419390990843   -2426.20871658
1am1ma3sa1tma       -2427.1252979411943  -2427.03983693851    0.0002866376075277225   -2427.42962672
1dma2ma3sa          -2427.129091033365   -2427.040660462374   0.0002965975884325615   -2427.43185626
1am2dma3sa          -2427.132659048366   -2427.045060826839   0.0002938058746501994   -2427.43544152
1am1eda1ma3sa       -2443.18847663299    -2443.1005513368414  0.00029490288830629017  -2443.48033688
1am3ma3sa           -2444.3919142475906  -2444.298888426021   0.0003120101343932394   -2444.70132461
3am3sa1tma          -2444.3929487388514  -2444.306268480596   0.0002907270107504377   -2444.70602772
2am1dma1ma3sa       -2444.398337456173   -2444.3098035816847  0.0002969440700596324   -2444.71000178
3sa2tma             -2449.120084852274   -2449.032752457416   0.00029291428763370496  -2449.43756765
3am1eda3sa          -2460.4537312506322  -2460.3688942331496  0.00028454475090578185  -2460.7592162
1eda3sa1tma         -2465.1910367960613  -2465.1065752687546  0.000283285350684512    -2465.50473662
2ma3sa1tma          -2466.3981860672816  -2466.309454869933   0.00029760589417670495  -2466.7302737
1am1dma3sa1tma      -2466.4016553479805  -2466.3131200182097  0.00029694895110108206  -2466.73259777
2dma1ma3sa          -2466.40611394001    -2466.3148305505556  0.0003061659884439156   -2466.73602232
2eda3sa             -2481.258893837244   -2481.1769743288796  0.00027475937737540254  -2481.56400188
1eda2ma3sa          -2482.462069658822   -2482.369934848746   0.0003090216672003781   -2482.78055168
1am1dma1eda3sa      -2482.4663141213878  -2482.3763081343172  0.00030188155985392124  -2482.78563031
2am1ma3sa1tma       -2483.6644599594324  -2483.573003416386   0.0003067467484357455   -2484.00488002
1am1dma2ma3sa       -2483.6690629313744  -2483.5759987305014  0.0003121388592077301   -2484.00900723
4ma3sa              -2483.671024736533   -2483.578792086411   0.0003093498243235424   -2484.0116873
2am2dma3sa          -2483.674458737213   -2483.5828066422973  0.00030740263262004963  -2484.01356855
2am1eda1ma3sa       -2499.7272136428446  -2499.6392809743465  0.00029492761528717793  -2500.06033214
1am3sa2tma          -2505.669549468288   -2505.5782783533323  0.0003061248195741824   -2506.02730679
1dma1ma3sa1tma      -2505.672977334106   -2505.580844190828   0.00030901607673199767  -2506.03138935
3dma3sa             -2505.6799780565607  -2505.587079845551   0.00031158212647798696  -2506.03796528
1am1eda3sa1tma      -2521.733977161341   -2521.643583541271   0.000303181687306555    -2522.08272408
1dma1eda1ma3sa      -2521.7393565390976  -2521.6457514313997  0.00031395306958834036  -2522.08603126
1am2ma3sa1tma       -2522.9380399800107  -2522.843012369486   0.0003187241674478756   -2523.30552752
2am1dma3sa1tma      -2522.941959446009   -2522.849791853134   0.0003091316212492533   -2523.31154315
1dma3ma3sa          -2522.9444610819246  -2522.8482747917474  0.00032261039804594503  -2523.31078044
1am2dma1ma3sa       -2522.948181242528   -2522.853073022962   0.0003189945314972452   -2523.31495628
1am2eda3sa          -2537.797440738078   -2537.706231514081   0.0003059172362792783   -2538.13554187
1am1eda2ma3sa       -2539.005418270125   -2538.912132286743   0.0003128827213890082   -2539.36314298
2am1dma1eda3sa      -2539.007410187662   -2538.9149247195105  0.0003101977801500868   -2539.36544071
1ma3sa2tma          -2544.942766355399   -2544.84821249269    0.00031713520948862465  -2545.32829545
2dma3sa1tma         -2544.9465245367     -2544.851391754222   0.0003190769159089668   -2545.33130311
1eda1ma3sa1tma      -2561.0067662766883  -2560.912845843811   0.0003150106754234152   -2561.38350187
2dma1eda3sa         -2561.013153291224   -2560.918511896443   0.0003174287934981228   -2561.38861686
2am3sa2tma          -2562.205555155565   -2562.1083853041696  0.00032590927853500706  -2562.59941256
3ma3sa1tma          -2562.213158835136   -2562.1162661461367  0.0003249796713036647   -2562.60843761
1am1dma1ma3sa1tma   -2562.2170931440637  -2562.1198872685527  0.00032603010401197015  -2562.61081987
2dma2ma3sa          -2562.220732069907   -2562.1231239843873  0.00032737912299127074  -2562.61705867
1am3dma3sa          -2562.2218780929375  -2562.124101844855   0.0003279431429906488   -2562.61572753
2eda1ma3sa          -2577.070311443627   -2576.9754074507987  0.0003183095516625526   -2577.4354353
2am1eda3sa1tma      -2578.2738834814822  -2578.1786690651834  0.0003193507170851347   -2578.66032258
1eda3ma3sa          -2578.2773068022816  -2578.1793228837587  0.00032863967305980096  -2578.66266578
1am1dma1eda1ma3sa   -2578.2792044989983  -2578.1822585843015  0.0003251581911681757   -2578.66485572
1dma3sa2tma         -2584.2137790915012  -2584.1168203576785  0.000325201186727663    -2584.62606212
2am2eda3sa          -2594.3410855517345  -2594.247355563659   0.00031437192042764705  -2594.71732831
1dma1eda3sa1tma     -2600.280957759994   -2600.185511205679   0.00032012931180591523  -2600.68556375
1am1ma3sa2tma       -2601.4796672533244  -2601.381654049157   0.0003287378975929881   -2601.9030213
1dma2ma3sa1tma      -2601.4891819087525  -2601.389380858768   0.00033473436184548207  -2601.91164353
1am2dma3sa1tma      -2601.492689071088   -2601.3925652860394  0.00033581682055601464  -2601.91388243
3dma1ma3sa          -2601.4949321967088  -2601.393876166237   0.0003389435870260817   -2601.91638304
1dma2eda3sa         -2616.3444770627407  -2616.2468506655955  0.00032744054048391974  -2616.73663486
1am1eda1ma3sa1tma   -2617.54697634597    -2617.4474928540953  0.0003336692667271958   -2617.95965218
1dma1eda2ma3sa      -2617.5525137892946  -2617.4536062172356  0.0003317376221996213   -2617.96618217
1am2dma1eda3sa      -2617.5545887495273  -2617.455342250224   0.00033287438974794983  -2617.9666777
3sa3tma             -2623.4803213619143  -2623.3810129891326  0.00033308191441049225  -2623.92004914
1am2eda1ma3sa       -2633.6131485818173  -2633.513826096983   0.00033312924646746887  -2634.01565405
1eda3sa2tma         -2639.547692262879   -2639.449190306794   0.00033037717955625135  -2639.97895094
2ma3sa2tma          -2640.7508170420465  -2640.648737098993   0.0003423778066528192   -2641.19948958
1am1dma3sa2tma      -2640.755509753928   -2640.654702210634   0.0003381101569488526   -2641.20547482
2dma1ma3sa1tma      -2640.762356450918   -2640.6595309528752  0.0003448784103394288   -2641.21156699
4dma3sa             -2640.764906694301   -2640.660271037083   0.00035094971396280904  -2641.21231982
2eda3sa1tma         -2655.6120645445094  -2655.514614935857   0.00032684758897303225  -2656.03416933
1eda2ma3sa1tma      -2656.821135381712   -2656.7184858152955  0.00034428833277393134  -2657.26162001
1am1dma1eda3sa1tma  -2656.823656894391   -2656.7241581375715  0.0003337204656042648   -2657.26535546
2dma1eda1ma3sa      -2656.8278794776347  -2656.727191864488   0.00033770790926339973  -2657.26894158
3eda3sa             -2671.68575587518    -2671.590431364935   0.0003197199739897857   -2672.10060323
2eda2ma3sa          -2672.8861383782637  -2672.783699293828   0.0003435823727518      -2673.3152807
1am1dma2eda3sa      -2672.887066138468   -2672.785781148532   0.00033971152083190953  -2673.31740265
1am3sa3tma          -2680.019338099725   -2679.9159464139884  0.00034677741316924463  -2680.49716484
1dma1ma3sa2tma      -2680.0278999490793  -2679.92262927488    0.0003530795713542306   -2680.50492555
3dma3sa1tma         -2680.033800203876   -2679.9283608441856  0.000353645345264121    -2680.51015578
1am1eda3sa2tma      -2696.0900097193303  -2695.9890864845374  0.0003384981881358452   -2696.55974301
1dma1eda1ma3sa1tma  -2696.0964863923264  -2695.9934144311     0.00034570505190706477  -2696.56575818
3dma1eda3sa         -2696.098565422246   -2695.993615778612   0.00035200282956199464  -2696.56547026
1am2eda3sa1tma      -2712.154847587705   -2712.05165087313    0.0003461234766896137   -2712.61331488
1dma2eda1ma3sa      -2712.16139908558    -2712.0594181054867  0.00034204588325741254  -2712.62092242
1ma3sa3tma          -2719.292722922613   -2719.185931025641   0.00035818177753501885  -2719.79752621
2dma3sa2tma         -2719.2998467268358  -2719.1918294665165  0.00036229166633910037  -2719.80230218
1am3eda3sa          -2728.2185284126817  -2728.1150974910474  0.0003469090110157988   -2728.6661387
1eda1ma3sa2tma      -2735.360045922073   -2735.2542344921903  0.00035489327480392956  -2735.85607601
2dma1eda3sa1tma     -2735.3709851160816  -2735.266296843593   0.00035112618644582216  -2735.86893969
2eda1ma3sa1tma      -2751.425807126132   -2751.3229678527164  0.00034492461316711266  -2751.91580511
2dma2eda3sa         -2751.4382074743276  -2751.333417476048   0.00035146737641938617  -2751.92423275
1dma3sa3tma         -2758.5632453174926  -2758.453235940833   0.00036897325728530415  -2759.09499506
3eda1ma3sa          -2767.4935393915016  -2767.3867589922947  0.0003581432138413461   -2767.96870253
1dma1eda3sa2tma     -2774.6376859466554  -2774.531361338024   0.00035661448476041426  -2775.16403012
1dma2eda3sa1tma     -2790.7002151741613  -2790.5925931996326  0.0003609658713025366   -2791.21425713
3sa4tma             -2797.8264456072297  -2797.715183871235   0.0003731736910778443   -2798.38566348
1dma3eda3sa         -2806.77070843533    -2806.6641113796118  0.00035752827676850636  -2807.27511551
1eda3sa3tma         -2813.9005985276362  -2813.7895333976767  0.0003725142712040423   -2814.45044773
2eda3sa2tma         -2829.9666389994572  -2829.8588658407884  0.00036147294539224577  -2830.51061255
3eda3sa1tma         -2846.0343608246912  -2845.926669655681   0.0003611979507299597   -2846.56878073
4eda3sa             -2862.0979738744204  -2861.988093427147   0.0003685408260057772   -2862.61929104
3am4sa              -2970.1735368454742  -2970.085495491751   0.0002952921473203851   -2970.4009034
2am1ma4sa           -3009.447022451909   -3009.355240137672   0.0003078393903649344   -3009.7020163
4am4sa              -3026.727500605321   -3026.633926802274   0.0003138480732752769   -3026.99361157
1am2ma4sa           -3048.7194373906004  -3048.6235913443106  0.00032146921445559993  -3049.00083308
2am1dma4sa          -3048.720970015494   -3048.6272744556136  0.0003142564476954209   -3049.00440444
3am1ma4sa           -3065.9970957576047  -3065.9017584922876  0.00031976275471101695  -3066.29217214
2am4sa1tma          -3087.9892879073104  -3087.894133043004   0.000319150978723946    -3088.30106363
1am1dma1ma4sa       -3087.993753900978   -3087.896472261139   0.0003262842188129616   -3088.30402005
3ma4sa              -3087.995452178308   -3087.8964437640557  0.0003320758485736548   -3088.3047954
2am1eda4sa          -3104.065201897544   -3103.9731147024654  0.00030886196571599763  -3104.37241645
2am2ma4sa           -3105.2710188610863  -3105.1702956532886  0.00033782729430658704  -3105.59132955
3am1dma4sa          -3105.27481587559    -3105.175300824586   0.00033377511656542097  -3105.59602253
1am1ma4sa1tma       -3127.263436175411   -3127.1662225699624  0.0003260560303488307   -3127.60370257
1dma2ma4sa          -3127.2677939687323  -3127.1657329669715  0.0003423142772451705   -3127.60404849
1am2dma4sa          -3127.2683344494853  -3127.1670725934664  0.00033963392929359595  -3127.6043686
1am1eda1ma4sa       -3143.335026308624   -3143.236530127842   0.0003303578090970263   -3143.66510495
1am3ma4sa           -3144.5429294634355  -3144.4392095861754  0.0003478781729334253   -3144.89127157
2am1dma1ma4sa       -3144.5432132033843  -3144.4432411421985  0.0003353079362265332   -3144.89446552
3am4sa1tma          -3144.5481736296583  -3144.4491390925446  0.0003321634650812805   -3144.89914783
3am1eda4sa          -3160.6059941720955  -3160.5099828050174  0.0003220237030965181   -3160.95022745
2ma4sa1tma          -3166.537645757323   -3166.4346322082256  0.00034550913666693875  -3166.90326533
1am1dma4sa1tma      -3166.5399734391854  -3166.439708500836   0.00033629025104632944  -3166.90662488
2dma1ma4sa          -3166.5419652001447  -3166.437947427838   0.0003488773178148174   -3166.90582051
1eda2ma4sa          -3182.608450937137   -3182.5064221363887  0.00034220627452189844  -3182.96612052
1am1dma1eda4sa      -3182.611342124594   -3182.5107370800138  0.00033743097293376106  -3182.97014809
4ma4sa              -3183.81921898483    -3183.7118019816644  0.00036027839398219817  -3184.19525211
1am1dma2ma4sa       -3183.8196189726073  -3183.7123256540594  0.00035986355374053713  -3184.19410269
2am1ma4sa1tma       -3183.82006959188    -3183.7174576294265  0.00034416220846438596  -3184.19848842
2am2dma4sa          -3183.8236396973407  -3183.7195793917576  0.00034901997512358886  -3184.19989972
2am1eda1ma4sa       -3199.878456333741   -3199.7753444812574  0.0003458388478394606   -3200.24634276
1am4sa2tma          -3205.8085993703066  -3205.7059210859584  0.0003443846531889289   -3206.20213975
1dma1ma4sa1tma      -3205.81345271238    -3205.7097285468135  0.0003478925559828986   -3206.20792003
3dma4sa             -3205.81506671724    -3205.7099959229786  0.00035240917075790617  -3206.20787915
1dma1eda1ma4sa      -3221.880371442794   -3221.7750190801908  0.00035335355560347457  -3222.26511845
1am1eda4sa1tma      -3221.8835918876116  -3221.784016627031   0.0003339770604743892   -3222.2722963
2am1dma4sa1tma      -3223.0920966451026  -3222.9843984352583  0.0003612215658031899   -3223.49533207
1am2dma1ma4sa       -3223.0934539280984  -3222.986040280385   0.00036026713973896443  -3223.49764275
1dma3ma4sa          -3223.0958214972984  -3222.987175553358   0.0003644002815370688   -3223.49975738
1am2ma4sa1tma       -3223.096256289869   -3222.9902819390463  0.0003554397143135252   -3223.50204415
1am2eda4sa          -3237.947889237824   -3237.8447352583667  0.00034598014240140096  -3238.32263238
1am1eda2ma4sa       -3239.152698868059   -3239.0483954502424  0.0003498353775492108   -3239.55043334
2am1dma1eda4sa      -3239.1559266814666  -3239.0511680767077  0.00035136208203573067  -3239.55207082
1ma4sa2tma          -3245.0827774709346  -3244.9772803860124  0.0003538389566398944   -3245.504158
2dma4sa1tma         -3245.0904238050393  -3244.9843836389923  0.0003556604596585514   -3245.51161907
1eda1ma4sa1tma      -3261.1511093872173  -3261.0465023548086  0.00035085370588147326  -3261.56612736
2dma1eda4sa         -3261.1654544290013  -3261.0607763853586  0.000351091878728106    -3261.5795857
2am4sa2tma          -3262.3611211647085  -3262.2521115366803  0.0003656200839454186   -3262.791891
1am1dma1ma4sa1tma   -3262.367453151632   -3262.255593318335   0.00037517971926030004  -3262.79701394
1am3dma4sa          -3262.367650797226   -3262.259098322969   0.0003640867826840076   -3262.8003362
2dma2ma4sa          -3262.368186008376   -3262.257989931045   0.00036959945440585953  -3262.80045377
3ma4sa1tma          -3262.370695394791   -3262.260221892553   0.00037052994210226196  -3262.80246358
2eda1ma4sa          -3277.222660160908   -3277.117340884707   0.0003532425832665521   -3277.62718311
2am1eda4sa1tma      -3278.4272351088944  -3278.321740832035   0.00035382953835075634  -3278.85272243
1eda3ma4sa          -3278.428215784144   -3278.3208772955722  0.00036001505474357327  -3278.85266655
1am1dma1eda1ma4sa   -3278.43340012529    -3278.3291637301922  0.0003496105822503857   -3278.86014164
1dma4sa2tma         -3284.3534739243137  -3284.2460089477777  0.00036043929745489817  -3284.8013077
2am2eda4sa          -3294.4909535267284  -3294.38817201446    0.00034473088132890077  -3294.90836443
1dma1eda4sa1tma     -3300.4254860610836  -3300.3183643200136  0.00035928808006063323  -3300.866932
1am1ma4sa2tma       -3301.631533637892   -3301.52188745207    0.0003677551092468507   -3302.09149562
1am2dma4sa1tma      -3301.6360890693704  -3301.5220633670588  0.00038244407952979124  -3302.09401494
1dma2ma4sa1tma      -3301.642129645467   -3301.529920978276   0.00037634971387186375  -3302.10263532
3dma1ma4sa          -3301.643302536442   -3301.5306809131253  0.00037773477550559834  -3302.10340088
1dma2eda4sa         -3316.4972040788666  -3316.3925863360814  0.00035088962866068753  -3316.93160079
1am1eda1ma4sa1tma   -3317.6965801989413  -3317.583553647483   0.0003790929111470625   -3318.14496515
1dma1eda2ma4sa      -3317.701881550085   -3317.590277483978   0.0003743218719010493   -3318.15268475
1am2dma1eda4sa      -3317.7065164555434  -3317.5975374278523  0.00036551744991151965  -3318.15856278
4sa3tma             -3323.6227085014343  -3323.512723821353   0.0003688904245555157   -3324.09905919
1am2eda1ma4sa       -3333.76964542666    -3333.6640543826534  0.0003541540969540391   -3334.21504506
1eda4sa2tma         -3339.7051580388706  -3339.598478066127   0.00035780638183283684  -3340.17769423
1am1dma4sa2tma      -3340.9060482125356  -3340.79372457943    0.0003767353114394814   -3341.39450713
2ma4sa2tma          -3340.9074386837697  -3340.7932538842197  0.00038297769428127044  -3341.39490104
2dma1ma4sa1tma      -3340.910617770557   -3340.796109129205   0.00038406386500819216  -3341.39822185
4dma4sa             -3340.9169307211127  -3340.800651966589   0.000390000853676793    -3341.40212775
2eda4sa1tma         -3355.760545124605   -3355.6515228695275  0.00036566243527526385  -3356.22070755
1am1dma1eda4sa1tma  -3356.969788051377   -3356.8576948794057  0.0003759623410061671   -3357.44979119
2dma1eda1ma4sa      -3356.9797731178564  -3356.866388953395   0.0003802923510366811   -3357.45894969
1eda2ma4sa1tma      -3356.979877681284   -3356.8680952560994  0.0003749200911778933   -3357.45966682
3eda4sa             -3371.8343104699015  -3371.7292199454846  0.00035247534602415355  -3372.28920114
1am1dma2eda4sa      -3373.0413678756167  -3372.933241385016   0.0003626580264994226   -3373.51517699
2eda2ma4sa          -3373.0414288264524  -3372.9325659898227  0.0003651277431820492   -3373.5147081
1am4sa3tma          -3380.1756205796623  -3380.0610794831136  0.0003841727202700144   -3380.69147572
1dma1ma4sa2tma      -3380.1792905831862  -3380.0632500376896  0.0003892018966846342   -3380.69543322
3dma4sa1tma         -3380.1827360450056  -3380.0647800095135  0.0003956264816109459   -3380.69645631
1am1eda4sa2tma      -3396.240711935201   -3396.1274378529747  0.0003799231334104424   -3396.74769278
1dma1eda1ma4sa1tma  -3396.2494457065027  -3396.134926560551   0.0003840990976075777   -3396.75677594
3dma1eda4sa         -3396.2529018946507  -3396.138638718776   0.00038324056976247035  -3396.76071405
1am2eda4sa1tma      -3412.311167959577   -3412.201353817093   0.0003683184386511746   -3412.81194787
1dma2eda1ma4sa      -3412.321463375278   -3412.2100594688845  0.00037365053293265813  -3412.82146553
1ma4sa3tma          -3419.4504817313564  -3419.332813860298   0.0003946599733645821   -3419.99389707
2dma4sa2tma         -3419.4543942795044  -3419.334989840609   0.0004004844504291106   -3419.996591
1am3eda4sa          -3428.37728722324    -3428.2713480466386  0.00035532173939745675  -3428.87238957
1eda1ma4sa2tma      -3435.518819902048   -3435.400306669367   0.0003974953301395384   -3436.05194334
2dma1eda4sa1tma     -3435.5270206127902  -3435.4103668213857  0.00039125873353898277  -3436.06215521
2eda1ma4sa1tma      -3451.5910962451912  -3451.479484796195   0.000374346634232492    -3452.12220784
2dma2eda4sa         -3451.5930094735195  -3451.4779703434265  0.00038584313296278144  -3452.1191217
1dma4sa3tma         -3458.7221006035934  -3458.602542059404   0.00040100132211685864  -3459.29370157
3eda1ma4sa          -3467.6515490718043  -3467.535488055978   0.00038927055450648765  -3468.16769901
1dma1eda4sa2tma     -3474.7894057560666  -3474.670550002113   0.0003986441521158166   -3475.35166348
1dma2eda4sa1tma     -3490.8599449612584  -3490.745029919577   0.00038542693839095437  -3491.41678588
4sa4tma             -3497.99122734593    -3497.868387788939   0.0004120058929773379   -3498.59019501
1dma3eda4sa         -3506.9227001612867  -3506.8046109175757  0.00039607326416623304  -3507.46634139
1eda4sa3tma         -3514.0575799010626  -3513.9372386481155  0.0004036265401544103   -3514.64770346
2eda4sa2tma         -3530.1298502188624  -3530.0141539130823  0.00038804731101849956  -3530.71584513
3eda4sa1tma         -3546.190519359125   -3546.072096916758   0.00039719081793465117  -3546.76294466
4eda4sa             -3562.261572315008   -3562.145057058573   0.0003907940849738941   -3562.82611253
