Cluster		E(wB97X-D)	H-corr:		G-corr:		H(wB97X-D)	G(wB97X-D)	S(wB97X-D)	E(DLPNO)
1sa		-700.126098	0.045614	0.011148	-700.080484	-700.114950	72.540		-699.460421	
1dma		-135.134498	0.098641	0.067924	-135.035857	-135.066574	64.650		-134.937072	
1w		-76.409619	0.025505	0.004091	-76.384115	-76.405528	45.069		-76.342066	
1dma_pos	-135.506487	0.114571	0.083464	-135.391915	-135.423023	65.471		-135.305456	
1dma_1w_H	-211.946478	0.142539	0.101001	-211.803939	-211.845477	87.424		-211.674447	
1dma_2w_H	-288.382408	0.170268	0.119224	-288.212140	-288.263184	107.430		-288.040063	
1dma_3w_H	-364.817819	0.198989	0.144646	-364.618830	-364.673173	114.376		-364.404263	
1sa_1dma_1w_H	-912.103169	0.189742	0.129032	-911.913427	-911.974137	127.774		-911.165502	
1sa_1dma_2w_H	-988.540158	0.217948	0.150892	-988.322210	-988.389266	141.132		-987.530884	
1sa_2dma_1w_H	-1047.307234	0.293979	0.220444	-1047.013255	-1047.086790	154.768		-1046.167300	
1sa_2dma_2w_H	-1123.744987	0.322411	0.242578	-1123.422575	-1123.502409	168.024		-1122.534336	

