#CLUSTER    dG_298.15K_[Eh]      dH_298.15K_[Eh]      dS_298.15K_[Eh/K]       dE_[Eh]
2am         -113.05505469016296  -113.02046947208804  0.00011599938982031645  -113.099841434
3am         -169.5819527474274   -169.54117660047606  0.00013676386701778895  -169.661817592
1am1dma     -191.5910049722708   -191.54928411439172  0.00013993244299545605  -191.688296886
4am         -226.10726684047378  -226.0593071431193   0.0001608576131292124   -226.221052223
2dma        -270.1259842036922   -270.07941648420933  0.00015618889647119166  -270.278172948
3dma        -405.1889254627498   -405.1295286494009   0.0001992178881397589   -405.429094062
4dma        -540.2524041054529   -540.1802772773771   0.00024191456674785015  -540.580331537
1am1sa      -756.6580098138089   -756.6166223514698   0.0001388142288752738   -756.702646746
2am1sa      -813.196905864424    -813.148671999746    0.00016177717483815832  -813.275874646
1dma1sa     -835.2030967276346   -835.1551161242196   0.0001609277323998041   -835.302994957
3am1sa      -869.7303834418086   -869.6770875622433   0.00017875525596295732  -869.847078224
1am1dma1sa  -891.7402157620072   -891.686941600208    0.00017868241421845204  -891.876250018
4am1sa      -926.2641365160267   -926.2049361958346   0.00019855884686270251  -926.415987853
2am1dma1sa  -948.2681046430097   -948.2094469135588   0.0001967389885992983   -948.438796904
2dma1sa     -970.2753841522132   -970.2156544272029   0.0002003344793234639   -970.46384759
3am1dma1sa  -1004.7961030633123  -1004.7292232431596  0.00022431601594083677  -1005.00068698
1am2dma1sa  -1026.8106688753414  -1026.7467099625999  0.0002145192444792063   -1027.03657049
2am2dma1sa  -1083.3336910823684  -1083.261717483695   0.0002414006328132256   -1083.59249821
3dma1sa     -1105.3497258642249  -1105.2784542215313  0.0002390462609206237   -1105.62734682
1am3dma1sa  -1161.8705427250945  -1161.7924441959462  0.0002619437502875861   -1162.18279734
4dma1sa     -1240.418820123577   -1240.3383355264605  0.00026994666146775396  -1240.78831598
2sa         -1400.2386367689576  -1400.1893210557182  0.00016540571269273662  -1400.28202936
1am2sa      -1456.7957618725327  -1456.7422768160418  0.00017938975848060204  -1456.87752205
2am2sa      -1513.3410701868145  -1513.2813813615815  0.00020019730079845163  -1513.45956898
1dma2sa     -1535.3469331252422  -1535.2868395368864  0.00020155488296451292  -1535.48294397
3am2sa      -1569.8827509718687  -1569.8178387477128  0.00021771666663057262  -1570.03726208
1am1dma2sa  -1591.8912263626835  -1591.8257976632121  0.00021944893332636817  -1592.0643921
4am2sa      -1626.4184270091098  -1626.3481601947067  0.00023567605032056066  -1626.60871608
2am1dma2sa  -1648.4277678824717  -1648.3608697786187  0.00022437733977204453  -1648.63982264
2dma2sa     -1670.4417066257238  -1670.3703312933796  0.00023939403771292637  -1670.66987377
3am1dma2sa  -1704.956642172505   -1704.8809749655722  0.0002537890556192235   -1705.20032846
1am2dma2sa  -1726.978419485891   -1726.9009626376774  0.0002597915418867275   -1727.24145651
2am2dma2sa  -1783.5063700656347  -1783.421597626162   0.0002843281551989796   -1783.80247468
3dma2sa     -1805.5213367711456  -1805.4396184870561  0.00027408446785026673  -1805.8395083
1am3dma2sa  -1862.056655180559   -1861.9701651101188  0.00029008911769274286  -1862.4130235
4dma2sa     -1940.5930981224794  -1940.5006345500447  0.00031012434155584323  -1941.00098652
3sa         -2100.3593163296614  -2100.2971663938283  0.00020845190619776867  -2100.43724866
1am3sa      -2156.9228254282843  -2156.8552822566007  0.00022654090787735902  -2157.03719275
2am3sa      -2213.4780639653645  -2213.40612779052    0.00024127511267795122  -2213.6319429
1dma3sa     -2235.4789650580747  -2235.4063374912166  0.00024359405285258597  -2235.65021487
3am3sa      -2270.0323317661455  -2269.954465496523   0.00026116474802057954  -2270.22307995
1am1dma3sa  -2292.029382114445   -2291.951529355055   0.0002611194344800921   -2292.23823896
4am3sa      -2326.578562334698   -2326.4998785701077  0.00026390663957812327  -2326.80943667
2am1dma3sa  -2348.5807155336834  -2348.497434111654   0.0002793272581902626   -2348.82683124
2dma3sa     -2370.579676220769   -2370.495943329451   0.00028084149360388107  -2370.84378381
3am1dma3sa  -2405.1238002971095  -2405.0390608366524  0.0002842175430396797   -2405.41022179
1am2dma3sa  -2427.129854039542   -2427.043639113678   0.0002891662782618599   -2427.43351256
2am2dma3sa  -2483.674371701455   -2483.58298067386    0.0003065270085355916   -2484.01499129
3dma3sa     -2505.6779872977118  -2505.5848042168577  0.0003125375846189396   -2506.03494185
1am3dma3sa  -2562.219979821197   -2562.122453016783   0.0003271065048262744   -2562.6150578
4dma3sa     -2640.761753999409   -2640.657828516453   0.00034856777781670274  -2641.21007393
4sa         -2800.4825161401236  -2800.4047963700787  0.0002606733860297952   -2800.59230036
1am4sa      -2857.0476333838737  -2856.9688420659027  0.00026426737538483714  -2857.1968468
2am4sa      -2913.609110133407   -2913.52671792413    0.00027634482400387613  -2913.80120172
1dma4sa     -2935.6007574506775  -2935.5158904059936  0.00028464546263201704  -2935.80824662
3am4sa      -2970.164755631847   -2970.0777925433904  0.0002916756278943277   -2970.39334177
1am1dma4sa  -2992.1624595542703  -2992.0734520604683  0.0002985325970215745   -2992.40694509
4am4sa      -3026.7231639300717  -3026.6270072021334  0.000322511245810284    -3026.98652611
2am1dma4sa  -3048.717275276547   -3048.6210128519156  0.0003228657542557773   -3048.99890234
2dma4sa     -3070.7089160715514  -3070.614858830825   0.0003154695311967908   -3071.00842519
3am1dma4sa  -3105.27726172442    -3105.17736927995    0.0003350409004514082   -3105.59793411
1am2dma4sa  -3127.267468104667   -3127.1696886632535  0.0003279538534744807   -3127.60734033
2am2dma4sa  -3183.8183750444914  -3183.711753855678   0.0003576092195656333   -3184.19325821
3dma4sa     -3205.8085697946813  -3205.7025235329115  0.00035568090481271177  -3206.19992964
1am3dma4sa  -3262.3645032341765  -3262.2513662845126  0.000379463188542218    -3262.79367788
4dma4sa     -3340.9079170535183  -3340.7909098548384  0.0003924440673483813   -3341.39279505
