#CLUSTER  dG_298.15K_[Eh] dH_298.15K_[Eh] dS_298.15K_[Eh/K]
4ma                  10.614503120683366    -19.887000225367956  -102.30254350520737
4dma                 10.027892962854821    -21.955955862242263  -107.27435460364816
4put                 8.438723118859343     -34.15651585056912   -142.86513154252313
4am                  8.42141334770713      -16.985601121385116  -85.21554408558615
3put                 7.787549140106421     -19.968201584764756  -93.09324408770689
3ma                  7.671869044046616     -11.93584314029431   -65.76458891279411
2tma                 5.983579282532446     -2.5197499383066315  -28.52030595620252
3am                  5.270232148483046     -10.728413989025285  -53.659722077936266
2dma                 5.20721171493642      -4.593698165088426   -32.87241281254673
2ma                  5.198535069081117     -3.730486119980924   -29.948083813784535
1dma1tma             4.923138839265448     -4.557068525406066   -31.796771305384723
1eda1tma             4.837797521846369     -5.607185427230434   -35.032644471141396
1dma1ma              4.534212539976579     -4.044092345968238   -28.771775569164497
1ma1tma              4.534048310189974     -4.371949837703141   -29.8708641553253
1dma1eda             4.359671291123959     -6.503870429834933   -36.43649747097375
1am1ma               4.264646181902208     -2.756863813199743   -23.55025991991034
1eda1ma              4.233338399702916     -6.108677762153093   -34.687292174559595
1am1dma              4.1386164951109095    -3.0765077226096764  -24.19964520461251
2eda                 3.418378142610891     -8.846156522660749   -41.135450831028265
1am1eda              3.3977053691924084    -5.66013327355904    -30.380139670512904
1am1tma              3.393784811050864     -3.9810212312149815  -24.735220668288633
2put                 3.1184404147206806    -11.294351376069244  -48.34074053555538
2am                  2.577463025227189     -2.8001098491658922  -18.036467799464134
1b2dma               2.43731624117936      -20.23484240786638   -76.04279271846806
1sua1w               2.049340320765623     -8.000042891515477   -33.705796452427414
1homF1w              1.7843518495355966    -9.525814127737249   -37.93448256645873
2w                   1.7195404111553216    -4.687243798325653   -21.488459532085514
2am1b                1.4004647984402254    -16.44711935892701   -59.86109058323041
1dma4w               1.3582007743534632    -37.43000262315036   -130.0962716669926
1ma2w                1.3521683347062208    -16.356167378660757  -59.39404901351474
3w                   1.345933310862165     -15.551490357960574  -56.6742366890074
1dma2w               1.055960545738344     -16.68069182331965   -59.48902354205289
2nta                 0.9812243524938822    -9.919526394282002   -36.56129715509584
1dma1w               0.9516104579961393    -7.446850742511742   -28.168576892579985
1sua2w               0.8748562358960044    -19.58584140376479   -68.62551614858802
1am1b                0.8024978926987387    -9.21929445990827    -33.61325625552929
1dma6w               0.7621005099499598    -58.477894091105554  -198.69191548205742
1dma5w               0.4799538043444045    -47.05664143105969   -159.43852166835217
1dma1sua1w           0.36627029326336924   -22.212825394912215  -75.7306580183373
1ma1w                0.2991470289998688    -7.246819281477656   -25.309295020889977
1b1dma               0.2867494332458591    -11.635855514265131  -39.98861293826279
1w                   0.0                   0.0                  0.0
1triAABmda           0.0                   0.0                  0.0
1tma                 0.0                   0.0                  0.0
1teAABBmda           0.0                   0.0                  0.0
1sua                 0.0                   0.0                  0.0
1sa                  0.0                   0.0                  0.0
1pz                  0.0                   0.0                  0.0
1put                 0.0                   0.0                  0.0
1pha                 0.0                   0.0                  0.0
1pda                 0.0                   0.0                  0.0
1pa                  0.0                   0.0                  0.0
1oa                  0.0                   0.0                  0.0
1nta                 0.0                   0.0                  0.0
1msa                 0.0                   0.0                  0.0
1mea                 0.0                   0.0                  0.0
1mda                 0.0                   0.0                  0.0
1mbtca               0.0                   0.0                  0.0
1ma                  0.0                   0.0                  0.0
1homF                0.0                   0.0                  0.0
1fa                  0.0                   0.0                  0.0
1eda                 0.0                   0.0                  0.0
1dma1p               0.0                   0.0                  0.0
1dma                 0.0                   0.0                  0.0
1diABmda             0.0                   0.0                  0.0
1diAAmda             0.0                   0.0                  0.0
1ca                  0.0                   0.0                  0.0
1bda                 0.0                   0.0                  0.0
1b                   0.0                   0.0                  0.0
1am1p                0.0                   0.0                  0.0
1am                  0.0                   0.0                  0.0
1sua3w               -0.08591756562236696  -31.272180278145242  -104.59923767417877
6w                   -0.10466866492060944  -46.793262052349746  -156.5943095334501
1dma3w               -0.16304303385550156  -28.15027533637476   -93.86963710375079
1am1homF             -0.41076810826780275  -9.661381246580277   -31.0267084966777
1dma1homF            -0.41539422096684575  -12.209015368716791  -39.555999153637956
5w                   -1.306688719720114    -37.31835597072495   -120.78372380025706
7w                   -1.3491438647615723   -59.45936730352696   -194.9026444366022
4w                   -1.422041181649547    -28.395566825027345  -90.46964830919048
1dma1sua             -1.7069010711857118   -14.257632822089363  -42.09536055977247
1pha1w               -1.9374707009847043   -12.02340502313018   -33.82838947572265
1nta1sa              -2.064129855367355    -13.172410929226317  -37.25735728251473
1sua5w               -2.253655143256765    -53.89832857082365   -173.21708343966066
1msa1nta             -2.324115943221841    -14.113745221839054  -39.542610359272174
1oa1sa               -2.4399107599747367   -13.587074308656156  -37.38776974253274
2homF                -2.6907089760061353   -20.27474188513588   -58.97713536459881
1sua4w               -2.7459998467820697   -42.43427543409052   -133.11512858421958
1sa1w                -3.289724574467982    -12.459754265822994  -30.756430291403653
1am1b1w              -4.275895660844981    -24.692584477226774  -68.47790983223302
1b1dma1w             -4.328810197243001    -25.54383751666319   -71.15555029168561
1dma1sua2w           -4.42553620543913     -36.8818854996498    -108.85912894272903
1homF1sa             -4.451570842182264    -19.740720132773276  -51.28005799295212
1b1w                 -4.645925163509673    -13.827751390497724  -30.795996065859576
1am1pha              -4.806783750245813    -14.475744155584835  -32.42985210600942
1dma1sua4w           -4.813100989558734    -59.610225169191835  -183.79045507188363
2am1nta              -4.84851289272774     -23.960741236427566  -64.10272796812748
1oa1sa1w             -4.915840531277354    -26.130669112819305  -71.15488372138614
1am2nta              -5.240146945987362    -26.82043733994942   -72.38064864642459
9w                   -5.6190602132701315   -85.39123628707603   -267.5571895818787
1nta2tma             -5.624936517095193    -27.202257127297344  -72.37068794296873
1ma1msa              -5.669321080553345    -17.31279706239002   -39.05240979994624
1am1msa              -5.713162689935416    -15.640090293600224  -33.295078328885296
8w                   -5.728946551098488    -75.78541656554444   -234.97055178432825
2msa                 -5.954001246485859    -19.607754378928803  -45.79491240183509
2sa                  -6.0074964731466025   -17.567838167538866  -38.77357603384556
1sua6w               -6.142960330354981    -68.69854184589349   -209.81244848421
1sa2w                -6.170267893146956    -25.32639604045835   -64.2499686307752
1am1nta              -6.386502358393045    -15.383589554898208  -30.176378321421097
10w                  -6.431539103563409    -97.18982149055228   -304.4047707096297
1dma1sua3w           -6.582036630366929    -49.444513875758275  -143.76145311233847
1pa1sa               -6.608825636387337    -19.01404474658193   -41.6073087713702
2pa                  -6.614513682899997    -24.16207838919945   -58.85482041333759
1ma1nta              -6.768861042684875    -17.369983763812343  -35.5563398328461
1am1nta1tma          -6.930019916093443    -27.00127694447292   -67.31932593775332
1ma1nta1tma          -6.9524771045544185   -29.35450374323409   -75.13676551609043
2ma1nta              -7.212643540173303    -29.54716016713064   -74.91033582749104
1msa2tma             -7.329306896892376    -29.743870943086222  -75.17881618746439
1dma1p1sa            -7.7509235315956175   -17.71520596044138   -33.42036702600305
1dma1nta             -7.802215828036424    -18.538405187166063  -36.00935555638074
1oa1sa2w             -7.817214787733974    -39.393693073958275  -105.90802712125287
1eda1nta             -7.83050706848735     -19.51055943025858   -39.175087579325336
1am1ma1nta           -7.881827239849372    -28.415754818794085  -68.87113056831356
1b2w                 -7.917028731055325    -27.604311296789092  -66.03146927999893
2am1msa              -7.964699670556001    -28.588177743542474  -69.17148439714745
1sa3w                -8.205428011715412    -37.204826230648905  -97.26445822197887
1am1sa               -8.301191197009757    -17.47109475848265   -30.75600724949028
4msa                 -8.396793559426442    -49.70960359973833   -138.56384383854297
1dma1msa             -8.417456716881134    -20.369128927355632  -40.086105015795226
1nta1tma             -8.509301814367063    -19.28385395638179   -36.13802496071209
1am1b2w              -8.534947534411913    -38.02509736579668   -98.91044719584346
3msa                 -8.570635225158185    -35.33075149008073   -89.75386974689314
1msa1sa              -8.62712557503255     -21.84159082226688   -44.321533615016506
1am1dma1msa          -9.212696164555382    -31.47226707020309   -74.65896664647374
1mbtca1sa            -9.292033589968923    -23.20213903457625   -46.65472226930051
1b1dma2w             -9.333995425884495    -41.34168262699677   -107.35430890915059
1homF1sa1w           -9.37633942636603     -35.41388308149908   -87.33034933788488
1eda1nta1tma         -9.505741730565205    -32.642498370609246  -77.60106201596815
1dma1sua5w           -9.666881877172273    -75.48531546810409   -220.75610796919096
1eda1msa             -9.666962778544985    -23.02672004426131   -44.8088454329705
1pha1sa              -9.686563713883515    -21.967535186442547  -41.19058015282414
1ma2nta              -9.714887579146307    -32.67670888727298   -77.01432603755174
1am1msa1tma          -9.835996932990383    -31.15863411637838   -71.51647554389969
1dma1nta1tma         -9.895898843300529    -32.2138399805408    -74.85474136245237
1ma1sa               -9.98116344033042     -20.411015351244714  -34.98189472057181
1am1eda1nta          -10.139521015807986   -31.555738374619978  -71.83034499021518
1dma1ma1nta          -10.1634043273516     -32.346985409531044  -74.40409552975208
1eda1ma1nta          -10.196277679002378   -33.80253228332731   -79.1757659041771
1am1msa1nta          -10.200785787368659   -32.54759623503196   -74.95156950409407
2sa1w                -10.203694886164158   -32.2892605839661    -74.07535031971256
1am1dma1nta          -10.409313266573008   -30.950768211798277  -68.8963774785821
1dma1sua6w           -10.643033510656096   -86.40337643178646   -254.10143525511666
1oa1sa3w             -10.731159404967912   -53.50209618837107   -143.45442489833772
2dma1nta             -10.73288703642902    -32.89234476655838   -74.32318541061589
2pha                 -10.836513971211389   -23.721758915227838  -43.21732330760561
3sa                  -10.918218245496973   -34.43153457995504   -78.86404941975772
1ma1msa1tma          -10.927992182259914   -33.81474671707838   -76.76255084689335
1sa4w                -10.98787829442881    -50.34264323106618   -131.9965283802602
2homF1sa             -11.082132038252894   -43.18310951732565   -107.66720603356828
1am1ma1msa           -11.380738986073993   -33.05271304916823   -72.68815717982471
1homF2sa             -11.601353356963955   -40.31062811217271   -96.29137935642586
2ma1msa              -11.713743683183566   -35.47507027495885   -79.69587989897371
2msa1sa              -11.822455613815691   -38.064968677354045  -88.01782010273928
1b3w                 -11.851287671073806   -41.65898342372384   -99.97550143448542
2eda1nta             -12.18115570791997    -37.33890807052376   -84.3795148837829
1eda1msa1tma         -12.185431042511482   -36.93413551626145   -83.00756154250625
1dma1eda1nta         -12.281595512642525   -35.47778857886442   -77.80041276626791
1oa1sa4w             -12.592389217345044   -67.90469804304303   -185.51839284203515
1am1b4w              -12.780347968509886   -62.78678249139921   -167.7224032297412
1dma1msa1tma         -12.916399696317967   -36.444995943660615  -78.91529849858404
1sa5w                -12.990233159041964   -64.71265387249878   -173.4778491147568
1am1b3w              -13.017410176515114   -53.84450112550985   -136.93473402323525
1am1b5w              -13.066812826611567   -73.17686360800872   -201.61009821024737
1am1nta1sa           -13.180479942006059   -34.09856711525936   -70.15960816126584
1dma2nta             -13.205643798224628   -36.27959871763596   -77.39042401281006
1b1dma3w             -13.327951497281902   -56.125663037470076  -143.54422787237462
1pa2sa               -13.425761338905431   -39.45170110184699   -87.291429693453
2nta1tma             -13.430824187409598   -36.08532917124103   -75.9835820353214
1ca1sa               -13.585345922678243   -28.623619578487705  -50.43861699090847
1dma1sa              -13.708412586478516   -23.99818253936246   -34.5120575312164
1bda1sa              -13.776912148867268   -26.03344417887274   -41.10860986093785
1am1p1sa             -13.778004003572278   -20.345744475198444  -22.02830948069837
1eda1sa              -13.787605382094625   -26.037189717637375  -41.08530717922906
2sa2w                -13.853144625056302   -45.085998969108914  -104.75550677184442
1am1eda1msa          -13.864529378945008   -36.59889028285397   -76.25142010364888
2homF1sa1w           -14.014034766049008   -56.620663387504464  -142.903332622474
1homF2sa1w           -14.077604630132555   -53.3244464890231    -131.63455260381446
1msa2sa              -14.107108076103032   -40.21066078892909   -87.55174480266707
1oa1sa5w             -14.24161494593136    -79.82830960542196   -219.9788517842357
1dma1ma1msa          -14.282867858652025   -38.140818088606466  -80.01995716907047
1am1dma1p            -14.306198255697382   -22.874377202999312  -28.737813004541295
1sa1tma              -14.313801626907662   -24.895983652008     -35.49281242708551
1eda1ma1msa          -14.445760524307843   -38.96181253809482   -82.2272413680985
2am1sa               -14.542669558140915   -32.57793344807578   -60.4905714905737
1diAAmda1sa          -14.575791811977979   -26.467051233397797  -39.883479528404095
1eda2nta             -14.577129303652328   -38.619104793760926  -80.63718091587795
1dma1eda1msa         -14.85667949123308    -39.48543558939127   -82.60525271922234
2dma1msa             -15.174541253829375   -39.01083043270046   -79.94730564786552
1ma1msa1nta          -15.221672808460426   -38.741334523510886  -78.88533193050054
1msa3sa              -15.326933382544667   -52.76651502237655   -125.57297212844837
1ma1sa1w             -15.35910615521425    -36.13263651179295   -69.67476222272884
2dma1p               -15.367598687240388   -26.435617915005423  -37.12231838932486
1mbtca2sa            -15.459520999691449   -43.26187306037173   -93.24954573398314
2ca                  -15.466995127964765   -33.46962681901641   -60.38112255946962
1sa1tma1w            -15.481548019786715   -35.84155377542629   -68.28779391461455
1b1dma5w             -15.578587883268483   -77.51557797077112   -207.73768266836402
2ma1sa               -15.72965879185358    -37.691735155764036  -73.66116506437855
1b4w                 -15.784990350774024   -57.027225207333686  -138.3271335121992
2pa1sa               -15.785140702675562   -46.503799176891334  -103.03088537418597
1am2msa              -15.83603100758046    -40.08695961884223   -81.33801311888021
3sa1w                -15.857692697070888   -50.595249077923654  -116.51033500197121
3msa1sa              -15.867157477361616   -56.446961557725444  -136.1053298024814
1am1ma1sa            -15.893272366258316   -35.819470335089136  -66.83279546838185
1sa6w                -15.998996565060224   -77.49877720151562   -206.27127498384803
1sa1teAABBmda        -16.071184481988894   -28.21115605873638   -40.71766418488643
1sa1triAABmda        -16.116806011559675   -28.019162358163157  -39.92069879790141
2am2nta              -16.212842605018523   -48.20937627670355   -107.31689978782317
3am1sa               -16.320875157718547   -45.35903755371692   -97.39447390941723
2am1dma1sa           -16.4632849599584     -47.88677892868873   -105.3949152063381
1ma1sa1tma           -16.587342471815646   -39.16499613496126   -75.72582144254946
1diABmda1sa          -16.804038581147324   -28.76363894820679   -40.112696183012105
2homF2sa             -16.917462246259674   -62.854106797487475  -154.07226077899531
1oa1sa6w             -17.057912405056413   -92.29418898874428   -252.34370814589823
1mda1sa              -17.0695362361148     -29.187098743743263  -40.642503799168026
1sa1tma2w            -17.20744989879313    -48.2080876694381    -103.97664856841817
1b1dma4w             -17.284600719809532   -70.10218994968454   -177.15106231735547
1am1sa1tma           -17.287563184276223   -37.530387407779926  -67.89476512992036
1b5w                 -17.423307292803656   -69.11893944669282   -173.3879998455095
1dma1p2sa            -17.53993497567717    -40.36072252120357   -76.54129647991871
2msa2sa              -17.617025707964785   -57.56631661846768   -133.99057826755003
1sa7w                -17.6650051921024     -90.13670505746268   -243.071272397961
1dma1sa1tma          -17.743519137613475   -39.81663791780011   -74.03360315397471
1msa1nta1tma         -17.781407289672643   -41.827713071368635  -80.65170478546882
2sa3w                -17.908407472481485   -61.00263967993669   -144.53876306413412
1am1dma1sa           -17.93685493443627    -38.52490118803689   -69.05264549266947
1ma1nta1sa           -17.94319050060585    -39.92754437122494   -73.73588418768458
1dma1msa1nta         -17.974569383251946   -42.06006466501276   -80.78314701302092
1pda1sa              -18.048931569850538   -30.62321308569517   -42.17434685826103
1mea1sa1w            -18.068852440846968   -40.54853953872953   -75.39723997307593
2mbtca1sa            -18.105316436558496   -48.504281493718736  -101.95862840009735
4sa                  -18.14533071150072    -56.786043024621904  -129.60158414618627
1dma1sa1w            -18.19021749238891    -38.85858742622804   -69.32205243643648
2homF2sa1w           -18.198491669478244   -75.14562129628757   -191.00160867645906
2ma1sa1w             -18.244476666135597   -50.63615988163656   -108.64223785218417
2eda1msa             -18.24852842919063    -44.935016591858584  -89.50691988139677
1sa2tma              -18.382368363498244   -40.95965485746274   -75.72458995154656
1dma1ma1sa           -18.398678191646468   -40.81017215247266   -75.16851907050739
4am1sa               -18.40338158182567    -57.7009385820711    -131.80465202221416
1am1eda1sa           -18.484552612237167   -39.905991574167274  -71.8478583328674
1pa3sa               -18.59252398693934    -60.244998197769746  -139.70308304878972
2dma1sa              -18.699753388005774   -41.013598347781226  -74.84100271641381
1eda1sa1tma          -18.7062121136114     -42.32171154758544   -79.2067732148787
1am1homF1sa          -18.83102707960643    -44.7036534405197    -86.77721402261453
1eda1ma1sa           -18.901501483866014   -41.81626151321689   -76.85648173524066
3msa2sa              -19.144729721709155   -72.91040914761834   -180.3309724168762
1pha2sa              -19.204380195238627   -45.33056731731631   -87.62766098310597
1sa8w                -19.28664753359044    -102.93743456312222  -280.56611447131354
2ca1sa               -19.4770451017539     -50.79302959085908   -105.03432664446265
1sa1tma3w            -19.482909453159664   -62.186295173625695  -143.22785752303014
3ma1sa               -19.499356170766987   -52.85361396276858   -111.87072880058795
1sa2tma1w            -20.221191544711473   -52.45199722934194   -108.10265196929913
1am2dma1sa           -20.253308370069135   -53.65881906449795   -112.04263187785646
2msa3sa              -20.413522645132616   -73.03771923459135   -176.50242022429225
1put1sa              -20.428425411286298   -34.091330948635004  -45.82560971768115
4ma1sa               -20.4330764284241     -65.5828795695561    -151.43318175805217
1sa2tma2w            -20.472751019668067   -62.716969440938556  -141.6878028551297
1am2nta1tma          -20.48106534819817    -53.850463882641634  -111.921511100117
1ma1sa2w             -20.550963611487532   -50.5610793884407    -100.65442152267889
5sa                  -20.566584728192538   -68.64502522489056   -161.25587957931808
1ca2sa               -20.60815488791559    -49.72573029133491   -97.66082644114867
1ma2msa              -20.656209791544825   -46.12744759907946   -85.43095021829183
2msa1tma             -20.702798075566534   -46.17910739351646   -85.4479601477467
3dma1sa              -20.898052462784108   -55.68364721076796   -116.67145647520476
1am1ma2nta           -20.93011758720968    -54.49230017908849   -112.56811199684819
1dma1nta1sa          -21.00657383282669    -43.87877501233015   -76.71373865354818
3sa2w                -21.0470174557704     -66.07545950340864   -151.02613465599376
1nta1sa1tma          -21.258673591306433   -43.71471112445579   -75.31791894453352
1dma1sa2w            -21.440032132464694   -52.71708074801427   -104.9037350852166
1eda1msa1nta         -21.48798010853352    -47.89336465948145   -88.56409374805492
2am1msa1nta          -21.612883930269163   -54.59163595849532   -110.61127629807162
2sa4w                -21.639123942994047   -76.12458561282256   -182.745133891674
1dma1eda1sa          -21.910284206678625   -45.708902717917226  -79.82095760968636
1eda1nta1sa          -21.984004098689184   -44.88616035145242   -76.814208461956
1am1msa1sa           -22.101357179519255   -46.017325020220596  -80.21454918961668
2am1p                -22.125029067632568   -29.281321397524152  -24.00232208583033
1ma1sa3w             -22.161314093857072   -62.10696139768697   -133.9783575511905
1am2homF1sa          -22.20583531568991    -65.2792676409008    -144.4689999172915
2eda1sa              -22.427731268282514   -47.49823211086914   -84.08687185154113
1sa9w                -22.44553615147015    -116.67629324435256  -316.0515079423507
4sa1w                -22.46650754006987    -71.50504537617235   -164.4760618349446
4dma1sa              -22.5445212777704     -70.4731765568722    -160.75349749856525
2nta2tma             -22.70872990670614    -57.214487431105226  -115.73287782792451
1mbtca3sa            -22.83716099872254    -64.43536639516242   -139.52106455204222
1dma1sa3w            -22.84066593181342    -64.17675158358179   -138.64191062123035
1dma1sa4w            -23.243137157987803   -75.5477928276232    -175.43067472651438
1am2sa               -23.259833607124165   -45.81019656127319   -75.6342879562849
2am1nta1sa           -23.324853566125967   -55.8152322875103    -108.97326420051824
2ma1sa2w             -23.391600563103566   -65.34686088930175   -140.71863265550434
2am1dma1p            -23.47416292509297    -40.81207430658105   -58.151639716600926
3dma1p               -23.50783842378587    -45.31105643705814   -73.12835154546786
1am1msa1nta1tma      -23.627475120010786   -58.17697327781934   -115.87958463138087
1dma2msa             -23.723899161675945   -49.47359726403374   -86.36491062371705
1am1eda2nta          -23.821741177060176   -58.28643373720115   -115.59514526269147
1am2dma1p            -23.857992925914004   -42.959212736663176  -64.06580516772438
1am1dma2nta          -23.993996728619095   -57.24404729733942   -111.52121606134585
1ma2nta1tma          -24.019874508783687   -58.925012107385555  -117.07240516062168
1sa10w               -24.1352099381038     -129.20602286513895  -352.40923336268384
1dma1sa6w            -24.3734047836042     -96.661331665935     -242.4548947926338
3msa3sa              -24.464435785077512   -92.54942973610014   -228.35818866638795
1am1p2sa             -24.718146441387944   -44.88551964319777   -67.64170116329898
1msa1nta2tma         -24.75881524331635    -59.72017977471114   -117.26099121710632
1dma1sa5w            -24.876024562167004   -86.85303132451372   -207.8718992537453
2sa5w                -25.034326469816733   -89.4364508393337    -216.00578356366051
2pa2sa               -25.381668513058685   -68.38900051463861   -144.24729834494616
2ma2nta              -25.413359391328413   -60.18362800317118   -116.62005236237674
2am2msa              -25.94573258678429    -61.05657270317897   -117.76233478634971
3mbtca1sa            -26.08154566999292    -72.93766578543      -157.15619693243985
1am1ma1msa1nta       -26.133353284036275   -60.21536022119108   -114.31161139417787
1msa1sa1tma          -26.490645166137256   -51.51598196211853   -83.9353908970793
2msa2tma             -26.563199327909388   -64.90076140727615   -128.58481328006602
2put1sa              -26.610014065285213   -55.23779349157121   -96.01804268416979
3sa3w                -26.69145651248982    -83.70678403461352   -191.23034553776805
1sa11w               -26.711235131020658   -141.14356594509445  -383.80791821002134
1dma1homF1sa         -26.7913654075237     -55.05653850274393   -94.80185509068836
1am2msa1tma          -26.874394121055957   -62.09093809200567   -118.11686725146585
1eda2msa             -26.88610314205289    -55.22234574088361   -95.04022337374361
1sa12w               -27.101890402147546   -152.50186390604358  -420.5935720401656
1ma1msa1sa           -27.4088308045757     -52.47941626032116   -84.08715564576369
1dma2nta1tma         -27.416441348730586   -62.55548310247832   -117.8569235408833
1ma2sa               -27.797779436339624   -51.53672894788906   -79.62082680359725
1eda2nta1tma         -27.828605256450828   -62.98739728736109   -117.92316629516642
1eda1ma2nta          -28.241417231794912   -63.72349900822155   -119.00748541476702
1mbtca4sa            -28.288475399604067   -84.12270079320297   -187.26890958736868
1am1ma1nta1sa        -28.317877610214055   -61.34611351497006   -110.77724603267339
1ma1msa1nta1tma      -28.419705163920298   -63.405637828516774  -117.34339313982991
1am1dma1p1sa         -28.501877156435512   -49.01640658744145   -68.80606886112086
1dma1ma2nta          -28.540790432540234   -62.968776828667615  -115.472032185735
2mea1sa2w            -28.83177527357475    -73.3114899557113    -149.1856940542895
1am1homF2sa          -29.11027556413319    -68.92103645182215   -133.52594629496508
4sa2w                -29.14736147315125    -88.21770265100349   -198.12289511341248
1am1eda1msa1nta      -29.221388491161633   -65.81845711564529   -122.74716962770346
1pa4sa               -29.272427288349718   -83.76840721792541   -182.78041230801443
1am1dma1msa1nta      -29.37147813179763    -64.03539050670224   -116.2633317965329
1sa13w               -29.437294078292325   -166.3490095998859   -459.2041439599047
2ca2sa               -29.55296706885565    -74.80365335464012   -151.7715454833301
1eda1msa1nta1tma     -30.175291041261517   -66.94437342521269   -123.32410660386319
1am1nta1sa1tma       -30.28683333680965    -65.08223521642503   -116.70434975594173
2sa1tma              -30.290115604002494   -53.918420174653875  -79.24972185369825
1dma3msa             -30.329290270106867   -69.90434699249454   -132.73539065076454
2ma1msa1nta          -30.35540448926622    -65.87799373813323   -119.14334814344882
2sa1tma1w            -30.477128944170545   -64.76826773543871   -115.01304307013447
2eda2nta             -30.567427683854476   -67.01162011252018   -122.23442035429494
3sa4w                -30.65313425747445    -98.34887863407494   -227.05263919731806
1sa14w               -30.70672660251148    -177.46389314671978  -492.22594849675556
1ma2msa1tma          -30.7144117882126     -67.48192828163155   -123.31885458132362
1dma1msa1nta1tma     -30.74350026983302    -66.36095346638467   -119.46152338327188
1dma1msa1sa          -30.785719095671084   -55.99741495429771   -84.56044225606138
1am1ma2msa           -30.90511336387135    -66.24444332474377   -118.52869347919508
1am3sa               -31.15615120367147    -66.06049499940127   -117.06974273294334
2am1msa1sa           -31.24194735608762    -65.54379246901954   -115.04895224832781
1dma1eda2nta         -31.262100336665753   -67.14094445516821   -120.33823283084324
1am1dma1nta1sa       -31.332219822332263   -65.54270074574742   -114.74251525544908
2dma2nta             -31.522603737190366   -66.64714216964785   -117.80827916304952
1mea2sa1w            -31.586931159588858   -64.92087282581633   -111.80258818111858
1am2homF2sa          -31.58910071849823    -88.14404693350662   -189.68621906770284
1am1eda1nta1sa       -31.850866080611013   -67.77967301337048   -120.5058089309388
2mbtca2sa            -31.884605240193196   -77.21843981987331   -152.05042622757915
2ma1nta1sa           -31.98039955412969    -67.77011215826496   -120.03928426707316
1dma2sa              -32.15064350573812    -55.98647191305645   -79.94576021209014
1ma2sa1w             -32.1796620584646     -65.27233455298847   -110.99336741436733
1eda2sa              -32.19646026054397    -56.832247000187635  -82.62883360586176
1dma2homF1sa         -32.30667450121837    -77.38446377718356   -151.19164606921737
1nta1sa2tma          -32.34804682555841    -68.04563428024994   -119.73029500128591
1sa15w               -32.65128287160769    -190.89637623983435  -530.7566438652805
3am1p                -32.83743802753452    -48.80774522808497   -53.56467281758117
1am1dma2msa          -32.91316379618365    -68.48134200985078   -119.29625428070798
1dma2msa1tma         -33.00630296423333    -70.45058360978146   -125.58873267029445
1b1sa                -33.13952973095002    -47.11597846355289   -46.87723874788483
1ma2sa2w             -33.147228565154364   -76.61159597495862   -145.78020261551967
1eda1ma1msa1nta      -33.1956439690548     -71.52284117866657   -128.55004933666805
1eda2msa1tma         -33.2879253248102     -71.15454242742271   -127.00525608806808
2am2sa               -33.37266738561448    -65.21542437479366   -106.80113026754496
2am1b1sa1w           -33.41110866940289    -75.80055604797235   -142.17490316479257
1dma1ma1msa1nta      -33.51109354005894    -69.53980802706792   -120.84090050995482
2sa1tma2w            -33.73505493547418    -79.46807138666918   -153.38928878441726
2sa1tma3w            -33.98279526398983    -89.96123388610431   -187.75260312643152
2am2msa1nta          -34.13211804284947    -80.86155049482477   -156.73128442759764
2ma2msa              -34.150862515787594   -69.34930383611936   -118.05615066392373
1am1eda2msa          -34.27048997837119    -72.30820504145231   -127.57912145950236
1b1sa1w              -34.286963900129194   -57.08751018674957   -76.47340696503494
2am1b1sa2w           -34.32615099372924    -86.32922752837476   -174.41917335109832
1am1b1sa             -34.40061812213389    -58.69417305197567   -81.4809824918226
2am1b1sa             -34.50527839368442    -68.73799586493988   -114.81709700262041
1ma1nta1sa1tma       -34.57734645786695    -70.33705980543164   -119.93866626719891
1am1msa1sa1tma       -34.873709353851154   -70.68695684467093   -120.11822066353821
1dma2sa1w            -34.89624500645732    -69.25445602872787   -115.23800443490637
4sa3w                -34.90058005176252    -106.27140979631804  -239.37893591974574
1msa1sa2tma          -35.19821687921649    -72.63621964264894   -125.5676765512804
3sa5w                -35.25849520502379    -112.55529941554414  -259.25475167014474
1am1ma1msa1sa        -35.35836011898937    -70.6500465151039    -118.36889618005833
2msa1nta2tma         -35.494322983024176   -85.34850141670904   -167.21173380471373
1dma1ma1nta1sa       -35.91843477333896    -71.94029362592846   -120.81790659930368
1dma2sa2w            -36.00301526996191    -80.34846926208411   -148.73538149370188
1am1b1sa1w           -36.01537238403398    -69.56913338232698   -112.53986583383801
2eda1msa1nta         -36.02777050092118    -75.7335599900398    -133.17387049835932
1eda1ma1nta1sa       -36.280521776527166   -73.41408730100375   -124.54658904726111
3put1sa              -36.34331932262285    -80.62255695951171   -148.5132907488263
1dma1eda1msa1nta     -36.534970042004716   -73.49599242568365   -123.96787651756311
2am1p1sa             -36.59425950446166    -54.26819473662181   -59.27866923429271
2dma1msa1nta         -36.703016469895374   -72.1744650255132    -118.97182141760112
1dma1ma2msa          -36.72390852239914    -74.20036193728447   -125.69664066795508
1am2msa1nta1tma      -36.833995165652595   -86.08522725984221   -165.1894418721728
1eda1nta1sa1tma      -36.91886429069564    -74.10013945846003   -124.70660797508519
1b1sa2w              -36.92124244270963    -71.32557937009551   -115.39271147874234
3sa1tma              -37.0137331027654     -74.71345225619734   -126.44547762307803
1eda1ma2msa          -37.10072458698414    -74.8189482364105    -126.50754200725302
1ma2sa3w             -37.17783310828963    -92.38629250333179   -185.17008014409984
1am4sa               -37.28326125559397    -86.62769076786935   -165.50202754430143
1dma2msa1sa          -37.32649841316743    -76.25523748376872   -130.56763062481622
1am1ma2msa1nta       -37.88021732174093    -85.69421181283542   -160.36892333159489
1b2dma1sa2w          -38.1457886020944     -95.13870924881485   -191.15519250977098
1am1ma2sa            -38.23302164149936    -70.75810833484866   -109.08967530854156
2eda1nta1sa          -38.315314766485244   -76.58110753935762   -128.3440978458912
2dma1p1sa            -38.332637097802944   -60.385069329990074  -73.96422013164585
1dma1nta1sa1tma      -38.476685180095956   -74.42411553164129   -120.56827218356986
1ma3sa               -38.49877767148428    -75.50312051340006   -124.1131740465151
2am1msa1nta1sa       -38.53534973657224    -84.87416709645186   -155.421154989502
2am1dma1p1sa         -38.722446345491335   -68.83582149632275   -101.00075515936918
3mbtca2sa            -38.743452729075216   -98.90311515075155   -201.77649646736666
1am1dma1msa1sa       -38.7525960674393     -74.64392501005204   -120.38010713675472
1am2sa1tma           -38.7798892694409     -73.57988963639946   -116.71977315790558
2dma1nta1sa          -38.87174771807622    -75.18618029844947   -121.7992036907638
2dma2msa             -39.14070504240226    -76.66097581281792   -125.84360479779969
2am1b1sa4w           -39.1867625733139     -113.57368558927556  -249.49496232138242
4sa4w                -39.29170794872334    -121.70108154593618  -276.40239341719905
1dma2homF2sa         -39.315800071461126   -97.9823710116325    -196.76864309886673
2ma1msa1sa           -39.319422205735464   -75.90878242097097   -122.72131549694612
1am1eda1msa1sa       -39.54437831550604    -76.2089720199001    -122.97364985527656
4put1sa              -39.55781130242394    -98.19902960816398   -196.68360994698313
1dma3msa1sa          -39.58242692420026    -92.11866698693484   -176.20741258737297
1b1sa3w              -39.61573337181471    -85.37773362512235   -153.4865009335448
1dma1eda2msa         -39.64153257315047    -78.25346891349182   -129.5050690607252
3am2sa               -39.79397914081346    -83.10060808062553   -145.25114519462568
1ma1msa1sa1tma       -39.907538737519644   -76.52446774570853   -122.8137816809241
1dma1eda1nta1sa      -39.92647725378629    -77.33917338890024   -125.48279770353744
1am1b1sa2w           -39.99583595668082    -84.65848286690016   -149.79925175337584
1am1dma2msa1nta      -40.15314815909369    -89.61565550303203   -165.8980625333332
2am1nta2sa           -40.28740001830738    -85.37977872171905   -151.24057924989228
1ma2msa1nta1tma      -40.3698589183623     -90.1781493089511    -167.05782455361083
1b1sa4w              -40.484822246595286   -95.07902480525081   -183.10985262075405
1eda1msa1sa1tma      -40.64586021238938    -79.342532400653     -129.78927448654952
1dma2sa3w            -40.66977553087054    -96.03789648786187   -185.7055876478753
1b2dma1sa            -40.72608716931427    -78.2907094504917    -125.99236049366459
1put2sa              -41.02937198523432    -69.56555195187684   -95.71081659097749
2sa2tma1w            -41.09043061079865    -88.23482498198427   -158.1230735241573
1dma1homF2sa         -41.096337585593574   -82.85622818907723   -140.06335939407666
1b2dma1sa1w          -41.114955564306      -88.8849164349158    -160.22123384402119
1am1msa1nta1sa1tma   -41.18632114958018    -88.49056030253996   -158.65919555014256
1am1dma2sa           -41.286619133665226   -75.45875323889777   -114.61389939731228
1b1dma1sa            -41.31114838179201    -66.88167055352824   -85.76395160722441
2eda2msa             -41.33697023498826    -82.39234512776602   -137.70040212222074
1am1b1sa3w           -41.50267629441805    -95.17309803667013   -180.01147657923553
1am1eda2sa           -41.695301308413036   -77.17138282570522   -118.9873604473605
1b1dma1sa1w          -41.72179614739434    -77.56599339537934   -120.22202665781177
1dma2sa5w            -41.971650241699535   -118.11771248542937  -255.39514420229227
1dma1msa1sa1tma      -42.00615826086141    -79.9891137542727    -127.39545696275448
1dma1msa2sa          -42.01058012805879    -80.92507218942046   -130.51984592196825
2ma2msa1nta          -42.06631049717544    -91.16478674407699   -164.67709625006682
2ma2sa               -42.15601296676323    -78.82412484276574   -122.98544986127318
1dma2msa1nta1tma     -42.18349978362676    -92.5255859766039    -168.84818444780416
1dma2sa4w            -42.424740435613785   -108.72249697885127  -222.3637650287091
1b1sa5w              -42.447136761271395   -108.28608105605235  -220.82490120654828
1msa1nta1sa2tma      -42.70343762479024    -91.74279524356825   -164.4788114003229
1am5sa               -42.72223943239078    -105.02691315021366  -208.97089960684497
1dma3sa              -42.77098651230335    -80.2165184172336    -125.59292941494182
1am1dma1p2sa         -42.78880809631664    -75.75558788655326   -110.57112121514838
1am1eda2msa1nta      -42.81927501031896    -93.55535344072268   -170.1696408870452
1am1ma1msa1nta1sa    -42.964369247318245   -90.67285458894912   -160.01504390967207
1ma4sa               -43.21040019369684    -93.59317586221732   -168.98465761758473
1eda1ma1msa1sa       -43.23623301560292    -81.23683336150134   -127.4546380882471
1b1dma1sa2w          -43.2579112618987     -88.51010625583876   -151.77660571553469
2sa2tma3w            -43.29116373433499    -111.39248428010615  -228.41294833386624
1dma1ma1msa1sa       -43.46026611403795    -80.41945782786934   -123.96173642063209
3am1dma2sa           -43.488655471708626   -99.5391710945405    -187.9943505724334
4am2sa               -43.49438141845167    -96.93969534966163   -179.25646128197326
4sa5w                -43.56802439148305    -135.45643493538955  -308.195239121107
2sa2tma2w            -43.59630339240539    -98.56844859979174   -184.3774784757855
1dma3sa1w            -43.6283344989497     -91.25426753346255   -159.7381621140218
1ma2sa1tma           -43.734944281575736   -80.55688580896822   -123.50139703969205
1am1ma1nta2sa        -44.46700461546425    -90.80935000523459   -155.43298805925892
1dma1ma2msa1nta      -44.47281882684911    -95.05915915794321   -169.667416841023
2am1b1sa3w           -44.49590815708507    -110.04767162713688  -219.8616920013577
3mbtca3sa            -44.52795105148107    -118.49778239801526  -248.09603000624128
2am1dma2sa           -44.82902686018497    -92.21574545186013   -158.93583294256518
1am1eda1msa1nta1sa   -44.86172687262297    -93.64309270784725   -163.61350271824182
2mbtca3sa            -44.87157677533105    -104.74199115275405  -200.80635377309028
1dma2msa2sa          -45.25567631365266    -97.74134853610303   -176.03780721932242
2dma3msa             -45.31607997789979    -96.66035292646848   -172.2095352973251
2dma2msa1nta         -45.432944216707256   -95.62010948444367   -168.32857711848908
2dma1msa1sa          -45.925003231095616   -83.54670888750115   -126.18381907250973
1dma1eda1msa1sa      -46.03335984057048    -84.87568178930087   -130.27778617804086
1am1nta2sa1tma       -46.149287058913615   -93.30892536931788   -158.17420194653994
1dma1ma2sa           -46.16995005251374    -82.16062166553456   -120.71330408484926
1eda1ma2sa           -46.259903933503665   -83.00265962770209   -123.23580645423431
2mbtca4sa            -46.492177221225575   -117.87733987672254  -239.42700873784182
2mea2sa              -46.512950471718796   -84.94781914434861   -128.911181193048
1am2dma1p1sa         -46.566172954044305   -78.63861624221317   -107.5715018892879
1dma1msa3sa          -46.58377064485103    -98.67707697674632   -174.72180557423988
3ma2sa               -46.59257339441683    -92.92983387876302   -155.4159332030617
2eda1msa1sa          -46.63131654897006    -87.07840128970565   -135.66018695533342
1ma1msa1nta1sa1tma   -46.64498837757856    -96.59450219318387   -167.5314902429263
1am1dma1msa1nta1sa   -46.713129956042394   -94.46298862702679   -160.15381073755512
1eda3sa              -46.78581621591002    -85.49941047700122   -129.84603139807425
2ma1msa1nta1sa       -46.867577388184145   -95.44637881021481   -162.93409834670564
2sa2tma              -46.93349111545831    -83.29741720930906   -121.96520574804822
1eda1ma2msa1nta      -47.067020149494056   -98.38985856450745   -172.1376435185884
2am2sa1tma           -47.14330631651683    -92.27345770635293   -151.36726946087236
2am3sa               -47.162980204680935   -93.01067282352597   -153.7739145362601
3dma1msa1sa          -47.23797591897892    -96.62009263137588   -165.62843103305931
3am1p1sa             -47.31298296205932    -75.1294138491503    -93.29676634948073
2ma2sa1w             -47.325523299499764   -93.01235915246798   -153.23439829952403
1dma3sa2w            -47.38948829608853    -106.79889211065893  -199.2601167687589
1eda2msa1nta1tma     -47.470832169638015   -100.66118487360654  -178.40131713598072
1dma4sa              -47.61988694523461    -98.36161452136002   -170.1885882141429
1dma2sa1tma          -47.68078829400474    -84.75140870912583   -124.33547011710685
1b1dma1sa3w          -47.70526657672599    -104.90304919471964  -191.84230292799572
1am1b1sa5w           -48.10332217311952    -123.98187006049557  -254.49789665487026
2ma2sa1tma           -48.198460474435706   -95.53247710529831   -158.75906969905446
1am1b1sa4w           -48.23978799569886    -114.06641150268842  -220.7835770830244
1eda2sa1tma          -48.324430627108086   -86.53188392872107   -128.14842630114634
1am1eda1nta2sa       -48.71519492159132    -96.1946243661223    -159.24678666622194
1ma2sa2tma           -48.905546923168004   -97.35323700198205   -162.49434874693569
1nta2sa2tma          -48.91522421780974    -97.70237917039776   -163.63291951190644
1b2dma1sa3w          -49.08306073700078    -118.24986999109387  -231.98661497304826
1b2sa                -49.12720325042028    -75.25912236992735   -87.64688619708731
2ma1nta2sa           -49.21973043459002    -96.99407658854034   -160.2359421559218
1dma1msa1nta1sa1tma  -49.284600253915414   -99.64646316206199   -168.91451587597118
1am1dma1nta2sa       -49.2882038570242     -95.69412408641074   -155.6462191166055
2eda2sa              -49.48115747293923    -87.64033000729978   -127.98649181378318
1eda1ma1msa1nta1sa   -49.61878417816479    -100.4165442410158   -170.37652209611133
1b1dma1sa4w          -49.72181981429458    -117.20750022600987  -226.3480812064791
1dma3sa3w            -49.7779059712193     -119.20370958046988  -232.85528629629118
2dma2sa              -49.89847319689579    -86.60214723041281   -123.1047259213025
1dma1eda2msa1nta     -50.04743165051332    -102.77324463092373  -176.8432432677289
2am1p2sa             -50.07548744336236    -81.03127863467671   -103.82623240431407
2dma2sa1w            -50.14299193954503    -96.90341355352575   -156.8352225860721
1dma1eda2sa          -50.21671805472579    -88.34397452895064   -127.87944482433112
2am1b1sa5w           -50.31650586624164    -136.58594710141188  -289.3491237134019
2am2dma2sa           -50.516303464304656   -107.20313665864524  -190.1285701639496
2mea2sa1w            -50.614219512659474   -99.19388989595609   -162.93701285703318
1ma1nta2sa1tma       -50.62478353449842    -99.49067681029555   -163.89700914232304
1b1dma1sa5w          -50.79938224959187    -128.2633761736215   -259.8155087173729
1dma1ma1msa1nta1sa   -50.906732942094095   -99.72702995373402   -163.7440785223945
4ma2sa               -51.456916606402956   -109.60821062303148  -195.04039583031428
1dma1nta2sa1tma      -51.88086401199689    -101.76341153637622  -167.30688420077766
2dma2sa2w            -51.99526974905166    -108.65871368646913  -190.05012221228748
2eda2msa1nta         -52.10001463262597    -105.70434583982569  -179.78980783850108
2ma2sa2w             -52.305046142748324   -108.15064119799354  -187.30704361925862
2dma2sa3w            -52.44935506040929    -119.75996564689558  -225.7608941350267
2dma1p2sa            -52.642872112686746   -87.62361647211947   -117.32599147958221
1dma3sa4w            -52.64558598463191    -132.14490067018778  -266.642008001329
3dma1p1sa            -52.73554095486179    -87.91900397639256   -118.00591320303133
2dma1msa1nta1sa      -52.8308647419326     -102.35851224523503  -166.11654369755226
1dma1eda1msa1nta1sa  -52.942576579516754   -103.65776194597129  -170.0995652066108
1dma1ma1nta2sa       -53.004540898720734   -99.99530917115044   -157.60780906463748
1b2sa1w              -53.009687751400634   -90.2289416727508    -124.83398933886943
1eda1ma1nta2sa       -53.08531769516412    -101.56165651406627  -162.59043709270173
1dma5sa              -53.1930143549107     -117.51229759305716  -215.7279330468416
1am2dma2sa           -53.33339813409839    -99.70599358261097   -155.5344472525128
2ma2sa3w             -53.554835876391735   -119.93095712584909  -222.6266015414103
1dma3sa5w            -54.22841076453915    -144.9315530229942   -304.2198298126998
2am2dma1p1sa         -54.23963732493576    -96.56301028467715   -141.95328847859582
2ma2sa4w             -54.34047697513597    -130.51396616213606  -255.487134620448
1b2dma1sa4w          -54.62957344087772    -134.32771081049577  -267.3088625508146
2dma2msa1sa          -54.66319832665613    -105.36918813397642  -170.06872315101327
1eda1nta2sa1tma      -54.785636693413835   -107.54789630210144  -176.96548585914337
1b2sa4w              -54.96040457725758    -123.57543876595446  -230.13595233531552
2eda1nta2sa          -55.07331088196952    -104.5352011345094   -165.89599279740065
1am1dma3sa           -55.19614733220078    -103.37083663837984  -161.57869966867247
1eda1msa1nta1sa1tma  -55.449559717206284   -108.0517697155301   -176.42867683505088
2dma1nta2sa          -55.455344924819656   -103.77714858052786  -162.07212361512944
1dma1eda1nta2sa      -55.57138324400876    -103.42038255336229  -160.48633006728886
1am3sa1tma           -55.64090324897552    -104.39535465781228  -163.5232312897616
2dma2sa4w            -55.89873933192575    -134.9066687595623   -264.99389377122606
2eda1msa1nta1sa      -56.36402898828965    -110.22497782495338  -180.65050758632583
1put3sa              -56.37165711610578    -98.16923613636754   -140.18976696389612
2dma2sa5w            -56.40266526193591    -143.88150643004337  -293.40547096441594
2put2sa              -56.47111193474848    -99.43511455389671   -144.10197088434603
1b2sa3w              -56.51102095335955    -114.32547250774223  -193.9106206750881
3dma2sa              -56.76468229095917    -106.0970512710046   -165.4615763206445
1b2sa2w              -57.11795727870776    -104.86043679034628  -160.12906091491328
2ma3sa               -57.392245683353394   -106.30086102359928  -164.0402996480156
2am4sa               -57.39469367195852    -117.97629071283154  -203.19167211375319
1am1b2sa             -57.53113378153648    -95.22917018423323   -126.43983364990062
2am1p3sa             -58.67094272840768    -103.17730255564675  -149.2750623091393
1ma3sa1tma           -59.00521819066489    -106.47141735456535  -159.20241208820784
2dma1msa2sa          -59.30352693493478    -109.02352547179908  -166.76169222502512
1eda4sa              -59.86907332506962    -114.90821888740174  -184.60219876668017
1b3sa                -60.3677888805978     -99.48985073924996   -131.2160384327811
1b2sa5w              -60.5259315930889     -141.172276013589    -270.4891645838575
4dma2sa              -60.73369287827518    -121.87461515865289  -205.06765816007214
2dma3msa1sa          -60.94130900449818    -126.227746182587    -218.97178325850948
1am3dma2sa           -60.987511160667054   -120.5848594836425   -199.8904857388181
1b2dma1sa5w          -61.85341305239126    -153.02631429728353  -305.7954091729161
1b1dma2sa1w          -62.067907765493146   -109.88625117010815  -160.3835096589639
2am5sa               -62.152063159737736   -135.23350200615823  -245.11634696106023
3am3sa               -62.44555465597659    -118.58978894050233  -188.30868450276125
2am1dma1p2sa         -63.338066557771526   -107.91363068681676  -149.50717467405136
1b1dma2sa            -63.605712060350925   -102.36230360437185  -129.99024499052558
1am1b2sa1w           -63.647725237868144   -111.49038392239163  -160.46506350697305
1b1dma2sa3w          -63.653259726415854   -135.06943025859073  -239.53100966820904
2dma3sa1w            -63.8485498418886     -124.12129436821124  -202.15577570523283
2dma3sa              -63.90349278738722    -113.67475826502778  -166.93364238839774
1am1b2sa4w           -64.66758833295899    -143.59967633863562  -264.7395203940921
1am1dma4sa           -65.05967006925493    -126.58782832813449  -206.3664539965452
1b4sa                -65.4966039522551     -118.08106985967606  -176.3691628624788
2dma3sa2w            -65.95931413929793    -137.78945961182762  -240.9194884202069
1am1b2sa2w           -65.98072863891139    -123.87084297715046  -194.16439489684913
2am1b2sa             -65.98316192103084    -112.88024198252242  -157.29357726490576
1b3sa1w              -66.18194374394079    -118.56881237231573  -175.70641834061237
2am1b2sa1w           -66.19631738575117    -125.90334212853486  -200.2583422531981
2am3sa1tma           -66.75215739087434    -125.25415998199605  -196.21667815188843
1b1dma2sa4w          -66.84523292753147    -148.17996370364563  -272.7980237331133
2dma2msa2sa          -66.89022284455132    -131.7457175255986   -217.52639503965136
1am1b2sa3w           -67.37811688013608    -135.72332523425575  -229.23095205182204
2dma3sa3w            -67.91789418616099    -150.88675946276635  -278.2789377045395
2ma4sa               -68.12227291776799    -131.03211099887267  -211.00063082665127
1b1dma2sa2w          -68.1362427493732     -127.95270955942397  -200.62541274563577
4put2sa              -68.17634482006542    -141.8270970522426   -247.0258334125594
1b1dma2sa5w          -68.20640976197319    -160.0239420578      -307.9575123124024
3put2sa              -68.42092556436546    -126.37944141880143  -194.39381470491392
2am1b2sa2w           -69.15802871980122    -136.71856374498748  -226.59914481028198
3am1dma1p2sa         -69.24854228959884    -124.34452799265273  -184.79284153369994
1am1b2sa5w           -69.27628925797762    -159.66898224974284  -303.178577868793
1b3sa2w              -69.31998587885755    -131.90592771217052  -209.9142774895945
1b3sa4w              -69.46694933593972    -152.82555731004686  -279.58614111754565
2am1dma3sa           -70.35292383586057    -129.61971971113235  -198.7818073964806
1b3sa3w              -70.44957122666528    -142.54184956708923  -241.7986863677456
3sa3tma              -70.53250825445866    -134.1355035167653   -213.3254914042232
1am3sa2tma           -70.77331641467754    -132.46981268312084  -206.9310624466995
3dma2msa1sa          -71.06812521925895    -134.69188489636872  -213.3951355942428
1b3sa5w              -71.4802537697251     -166.0120604329859   -317.06123314768683
1put4sa              -71.56045359442942    -126.08531229803339  -182.87727219069112
3am1p2sa             -71.78526527865324    -113.19210934254806  -138.879235498521
4am3sa               -71.97061072452925    -141.2570841468405   -232.38797055937164
1am1ma3sa1tma        -72.45676948345499    -133.50792938671657  -204.76659367192772
2dma1msa3sa          -72.49278039764613    -136.2725138736423   -213.9182742776626
1am2dma3sa           -72.79865654185414    -134.09826247463934  -205.5998857395833
1am1b3sa             -72.9404989327304     -122.32136939628981  -165.62425109337187
2dma3sa4w            -73.17801999946823    -166.62284867130802  -313.41549110142495
2dma4sa              -73.20553131308407    -137.9120217920281   -217.02663249723264
2am1dma1p3sa         -73.34931515809149    -130.84135884512216  -192.82925939006364
3am4sa               -73.35748604312539    -144.91779933916405  -240.0144668673226
1am1dma3sa1tma       -73.67100059991935    -134.54964816910797  -204.1879844679124
2am1b2sa3w           -73.75221559690544    -152.2232218781719   -263.19304471313933
2dma3sa5w            -73.80203991633607    -176.7830904725124   -345.40013602683405
1am1eda3sa1tma       -73.80560391448671    -135.15868404475623  -205.7792390749755
1am2dma1p2sa         -73.87316957546864    -119.39587924815714  -152.68391639320706
2ma3sa1tma           -74.14115016633878    -135.9964277424442   -207.4636175612903
2mea4sa              -74.35690807271749    -141.38305878499523  -224.80681104320735
1ma3sa2tma           -74.46803094993811    -137.4219876556308   -211.14860541881183
2am1b2sa4w           -74.61600421002368    -165.1572761956195   -303.67691425717135
3am3sa1tma           -75.52989219297888    -146.66588472449803  -238.59128804779496
1am1dma1ma3sa        -75.68585313437507    -137.2356758657843   -206.43911699339404
3ma3sa               -75.71865205070935    -137.2201767200604   -206.2771244987566
1b2dma2sa            -75.77477229828946    -127.66818784596398  -174.05136859811148
1b2dma2sa1w          -76.0565529686719     -137.96539520848455  -207.64327432515924
2am3sa2tma           -76.26298276905436    -148.7507144807023   -243.12504347306268
1am1eda1ma3sa        -76.29637537105009    -138.98267502710223  -210.25087927601555
1b1dma3sa3w          -76.48675569001352    -159.2825956463348   -277.6986079366924
2am2dma1p2sa         -76.914300566772      -134.4104681077879   -192.84309086456705
1am3sa3tma           -77.03044611139921    -151.57116328855045  -250.0107904653772
3am1dma3sa           -77.19548300746828    -148.37183173722588  -238.72664339993537
1b1dma3sa            -77.23722918331623    -129.7706449474208   -176.1979398428992
1b2dma2sa3w          -78.21099821355892    -161.56392679957207  -279.5670923570183
1b5sa                -78.42404804797843    -144.7292891391553   -222.38886832377972
1am1dma1eda3sa       -78.4474585452117     -140.46393431769684  -208.00427896214956
3dma1msa2sa          -78.5042978185229     -142.55553074833006  -214.82888790874114
1b2dma2sa4w          -78.70658810000168    -173.05939775067964  -316.4608742282876
2am1b2sa5w           -78.73977688612649    -178.7515055607655   -335.4409816362229
1dma1ma3sa1tma       -79.80705164262326    -142.7906355759187   -211.24797562737209
1b2dma2sa2w          -79.88871684178594    -152.02002810496197  -241.92960343180278
3dma1p2sa            -80.04164418345317    -126.83268543484155  -156.93792135356216
3dma3msa1sa          -80.06730942608556    -157.75505567668006  -260.5659776991064
1b1dma3sa2w          -80.11679444691981    -153.79650707666588  -247.12296706300629
2put3sa              -80.60602360405028    -139.02077708486468  -195.9240432020611
1eda1ma3sa1tma       -80.69670158118242    -143.83868448869907  -211.77924839118464
1am1b3sa3w           -80.6996027349378     -162.89723731111735  -275.6922172620398
3am1p3sa             -80.72333794902079    -135.0364772703033   -182.16716190285896
1am1b3sa1w           -80.80862389293907    -141.26104736250272  -202.75842183353365
1am2dma1p3sa         -81.174555035308      -140.77220287290402  -199.89149031607792
4am1p2sa             -81.52052408980671    -132.73120474617463  -171.761464552217
3dma3sa1w            -81.5480919212423     -154.4948813448791   -244.66473058456904
1dma1eda3sa1tma      -81.58671157906065    -145.1101816847513   -213.05876272241161
2am4sa1tma           -81.73231049632886    -154.26679641046212  -243.28185783786452
1b3dma2sa            -81.8038780085044     -144.97706658486277  -211.8839127160016
3dma3sa              -82.4887764453888     -146.49432616634294  -214.67566567522368
2am1dma4sa           -82.65293681365438    -156.673941005487    -248.26766457126206
1ma3sa3tma           -82.72997990477597    -157.32860233914107  -250.2050056489866
1am1b3sa2w           -82.88368956904742    -154.7148129922134   -240.9227684827993
1dma1eda1ma3sa       -83.02846953412518    -147.41529104369693  -215.95445752015385
1b2dma2sa5w          -83.12135873601073    -187.18160443525994  -349.01977427396605
1b6sa                -83.76185026019812    -164.14505843585357  -269.6066012923854
2ma3sa2tma           -83.84400576876942    -158.6487659770646   -250.89639513014987
3dma3sa3w            -84.00601347413613    -178.90660084108822  -318.2981296894602
3mea3sa              -84.24017476662993    -152.13848500931635  -227.73204844164644
2am2dma3sa           -85.30519699957222    -158.18490813695826  -244.43974890963472
1am1b4sa             -85.49062353139743    -149.84538073278964  -215.8469133041225
1b1dma3sa1w          -85.98284098457952    -148.93751011641143  -211.1509949075744
1b1dma3sa4w          -86.25328110036207    -181.74385268162587  -320.27694644132396
3eda3sa              -86.67105903942138    -153.6874611780513   -224.77411416604593
2am1b3sa             -86.84655544697307    -148.60211693751626  -207.12916817197743
3ma4sa               -87.61121217627078    -163.66145043517463  -255.07374898206982
3dma2msa2sa          -87.77514746214729    -166.0950514691649   -262.68624520177775
3am5sa               -87.9741495596245     -172.31980178738013  -282.89670376609524
3dma3sa2w            -88.0705227527942     -172.49364245340985  -283.15653094347664
4ma3sa               -88.24096093256958    -162.71621162747033  -249.79121480781316
2am1b3sa1w           -88.6354400417622     -160.5964633055628   -241.35845468290523
1am4sa2tma           -88.656311338651      -163.76928039715858  -251.93013268019314
1b1dma3sa5w          -89.30317647190532    -196.81561925035203  -360.59850001189
2am1b3sa2w           -89.54831972086686    -171.89195457480673  -276.1819045919101
3dma1p3sa            -89.56072659487836    -150.64051297516562  -204.8626073464402
1b1dma4sa            -89.69091386720538    -154.98253824398853  -218.98918120679258
1am3dma3sa           -89.96076788753271    -164.90172517346218  -251.35320236863532
3am1p4sa             -90.63969378056936    -157.97145627159625  -225.831837971089
3am1dma1p3sa         -91.09918566141278    -159.30962783005089  -228.77894405039567
3dma3sa4w            -91.26311265089316    -196.17609585929313  -351.8798698915368
4am4sa               -91.3940821387805     -173.3719647442922   -274.9551655390493
1am3dma1p2sa         -91.48259019525722    -148.3875486830948   -190.8601659829423
1am2dma4sa           -91.80792348179966    -167.22625661129132  -252.95432879377117
1b1dma4sa2w          -92.30629846916418    -179.82263762650837  -293.531239837115
1ma4sa2tma           -92.66094774298836    -169.8152649377589   -258.7768478781873
4dma3sa              -93.00772762321867    -169.3802105281502   -256.15456282012804
1b1dma4sa3w          -93.43671435298165    -191.41504999389872  -328.62094798259136
2ma4sa1tma           -93.56503010523738    -167.91808663486154  -249.38137356897775
3dma4sa              -93.897520176135      -170.82405801909044  -258.01287218831555
4dma1p2sa            -94.2795298929559     -155.04462236119434  -203.80711879389088
4dma3msa1sa          -94.52413238579175    -184.06765541573986  -300.3304478621262
5am4sa               -95.1900238613598     -188.98747479263693  -314.59819195535164
3dma1msa3sa          -95.65467110602185    -172.56585149466991  -257.96136303497997
1b1dma4sa1w          -96.09173291175102    -173.2180388906636   -258.68289780061224
3am1dma4sa           -96.14338664570823    -177.89345696591772  -274.1910793912286
3am4sa1tma           -97.21180587081471    -180.97120941305184  -280.93041604045357
1b2dma3sa1w          -97.34953549269994    -172.94904997075355  -253.5620140151432
1b2dma3sa            -97.35219443892129    -163.13328555808403  -220.63086070524545
3put3sa              -97.4734171750024     -169.48223776114173  -241.5187676863289
1b2dma3sa2w          -97.74918592415634    -184.9274315727671   -292.39726865402116
1am1b5sa             -97.93694702489302    -176.26890940824524  -262.7266891945013
3am1b3sa             -98.23841427220032    -170.0871418362949   -240.98181306072763
4am5sa               -99.31940507283434    -193.75097464490682  -316.72503629699145
1am1b6sa             -100.38139893300831   -191.73313002707437  -306.3952074250623
2am4sa2tma           -100.74028955225367   -187.5581127680489   -291.1884058889125
2am1b4sa             -100.87658492475748   -175.89183998992667  -251.6023983411158
2am2dma1p3sa         -100.94734327425249   -170.16556341177784  -232.1590479202619
4am1p3sa             -101.00099822646007   -166.50597659498453  -219.7047740012777
3am1dma1p4sa         -101.484487461159     -183.31634759064764  -274.4654037551592
3dma1p4sa            -101.73797396454029   -178.53048675786704  -257.5633499703637
1b1dma4sa4w          -102.03266241209349   -211.1236280341691   -365.89289157307167
1b1dma5sa            -103.17857689224184   -182.29800580069423  -265.36786486147133
2put4sa              -104.68700584233738   -175.908277425915    -238.8773153900885
2am2dma4sa           -104.755544395186     -191.68628516653553  -291.56713322632993
4dma2msa2sa          -104.8286894444609    -195.54504972405266  -304.26416327194374
1am4sa3tma           -106.24045665416634   -194.886834011646    -297.32140653218937
1b1dma4sa5w          -106.39879630779615   -226.26341590454103  -402.0279040644069
1am3dma4sa           -106.51127909286879   -193.68019267730415  -292.3659687558212
1b3dma3sa            -107.5914023895748    -186.0213812298607   -263.05543800212064
4put3sa              -108.72913111979142   -199.05083785927854  -302.9404888122042
1ma4sa3tma           -109.23682636389276   -198.6614417070523   -299.9316295262779
4ma4sa               -109.27632380020805   -196.71838303096592  -293.2821037426554
5am1p3sa             -109.67861328227445   -185.44613177864812  -254.12550225164057
1am3dma1p3sa         -110.05525520839728   -181.36196328164078  -239.16387078154486
4dma1msa3sa          -110.08084628591314   -200.83775515016168  -304.4001638910552
4am1p4sa             -111.2108600565698    -189.6166951705236   -262.9744595475528
2ma4sa2tma           -111.85162006493192   -200.72278233553516  -298.075338823719
2am2dma1p4sa         -113.50814263056964   -196.06672567408532  -276.9028443526002
4dma4sa              -114.36210198816843   -202.74450384103693  -296.43602835115826
4dma1p3sa            -117.53177159489132   -192.16105624334887  -250.3078472189785
1b4dma3sa            -117.76689872215502   -208.3855006475933   -303.9362801450014
1am3dma1p4sa         -118.1993902376853    -204.15633580600843  -288.30100811177465
3am1b4sa             -119.65342561574653   -205.7086676172912   -288.63069596411935
3put4sa              -120.35672547179274   -207.2944654719904   -291.5906087556571
5am5sa               -120.41996335610747   -225.43826238112524  -352.2331008714971
4am1b4sa             -121.07703554118052   -217.95190627872944  -324.91990856169457
4dma1p4sa            -125.6480289795436    -213.67830042121932  -295.25497716464156
5am1p4sa             -127.96635105274618   -217.5912604611367   -300.60341911274065
5dma4sa              -128.87366304849274   -231.6570259546861   -344.7370883997403
5am1p5sa             -138.25700774695724   -241.76324283890426  -347.1616135891387
4put4sa              -141.0819037745241    -245.25036591943353  -349.38273401002004
5dma1p4sa            -151.69365471228957   -251.67254595761187  -335.33084435724027
