#CLUSTER  dG_298.15K_[Eh] dH_298.15K_[Eh] dS_298.15K_[Eh/K]
1am                 -56.52988805909683  -56.50803939758097  7.32807697999575e-05  
1am1p               -56.85720364625544  -56.83610463444376  7.076643237191799e-05 
1w                  -76.40561586272608  -76.38420180831024  7.182309044389683e-05 
1ma                 -95.79623047622077  -95.7689426619235   9.152377761955581e-05 
2am                 -113.05566862703388 -113.02054110028108 0.0001178183020385581 
2am1p               -113.42235054725046 -113.39080726932802 0.00010579667255555442
1dma                -135.06699067938317 -135.03623562975207 0.00010315294191215255
1dma1p              -135.42346841720837 -135.39234262282193 0.00010439642591462469
1am1ma              -152.319322318914   -152.2813754469675  0.000127274432153275  
2w                  -152.8084914351091  -152.77587329214128 0.00010940178758276483
3am                 -169.58126544111155 -169.54121518509044 0.000134329216907986  
3am1p               -169.9693100927942  -169.9299643250406  0.0001319663516806453 
1ma1w               -172.20136961289296 -172.16469313100745 0.00012301352301029756
1tma                -174.33978968449028 -174.3072050320137  0.00010928945992474745
1fa                 -189.70265315505225 -189.67447074040697 9.452428188922547e-05 
1eda                -190.39973908219653 -190.365919158711   0.00011343257919013304
1bda                -190.39975612208346 -190.36592512765836 0.00011346971130336562
2ma                 -191.58417647401023 -191.54383029322562 0.00013532175342814893
1am1dma             -191.59028336523858 -191.54917780504508 0.00013786872444573441
1am1dma1p           -191.9761550896277  -191.9368350368873  0.00013188010310380378
1am2aq              -209.34000893405243 -209.3016764725504  0.00012856770585950697
1am2aq1p            -209.70780045087577 -209.66661058969595 0.00013815147133931774
1mea                -210.27413668478795 -210.24087824973287 0.00011154933776652117
1dma1w              -211.47109003866944 -211.4323048725487  0.00013008608459073195
1aq1dma1p           -211.84453394266927 -211.80445846741043 0.00013441380264581638
4am                 -226.10613172150894 -226.0592261479585  0.00015732206456629653
3w                  -229.21470268478998 -229.1773885580121  0.00012515219445873949
1mda                -229.67047370424535 -229.6332930421903  0.00012470455158489595
1pda                -229.67834719244354 -229.64193774232197 0.00012211789408542436
1dma1ma             -230.85599535343252 -230.81162302954291 0.0001488255035707257 
1am1tma             -230.86426934743434 -230.82158865620588 0.00014315173982379828
1am1eda             -246.92421249726902 -246.8829786458749  0.00013829901524106802
2am1dma1p           -248.52065338113678 -248.47346026928275 0.00015828647276215296
1ma2w               -248.60530736203918 -248.5634117593125  0.00014051854008621887
1pz                 -267.75501793371467 -267.7202683597808  0.00011655064207237262
1diABmda            -268.94012434269126 -268.8998634708834  0.0001350356257180542 
1diAAmda            -268.9417042950372  -268.90229770811214 0.0001321703401812206 
1put                -268.95635996950756 -268.9158983472572  0.0001357089460014761 
2dma                -270.12568305307707 -270.07979185903133 0.00015391981903649255
1ma1tma             -270.12879462025916 -270.0831149113652  0.00015321049436168053
2dma1p              -270.51494917661864 -270.4707065259289  0.000148390577527249  
1nta                -280.80756023921487 -280.7774218367255  0.00010108469726430694
1am3aq              -285.7477251422262  -285.70383183411025 0.00014721887679353346
1am3aq1p            -286.12379903447726 -286.0738918744861  0.0001673894348185898 
1eda1ma             -286.1892232346552  -286.144596718734   0.0001496780678221309 
3ma                 -287.37646540098746 -287.3258491588012  0.00016976770815441247
1dma2w              -287.87653960723003 -287.8312218950983  0.00015199635127207637
2aq1dma1p           -288.2613950757026  -288.2127494239204  0.00016315831555324664
4w                  -305.62472964115625 -305.582058916221   0.0001431183127125702 
1triAABmda          -308.21276758726134 -308.16986586076456 0.00014389309574637377
1dma1tma            -309.3989347617978  -309.3507028876443  0.00016177049858642192
1dma1eda            -325.4597821114631  -325.4125194726635  0.00015851966728011463
1am2dma1p           -327.05836767977496 -327.00507821964493 0.0001787337250713774 
1am1nta             -337.34762594265504 -337.3099767976662  0.0001262758510442277 
1am1glyt            -340.3010725746458  -340.25790752186464 0.00014477629643183654
1am1gly             -340.8465378839608  -340.80404155603145 0.00014253338228870666
1am1gly1p           -341.21090392503623 -341.1698325346942  0.00013775411820229474
1teAABBmda          -347.4810061249339  -347.4351362047652  0.00015384846610349493
2tma                -348.6700438300548  -348.61842558258    0.0001731284503597833 
1glyt1w             -360.185919297117   -360.14377040087953 0.00014136809068411875
1gly1w              -360.71822040521783 -360.67707994515274 0.0001379857791885807 
1gly1p1w            -361.07492707454037 -361.033554927338   0.0001387628616548541 
1am4aq              -362.1530928502251  -362.1024434244495  0.00016987900645846221
1dma3w              -364.2840980958553  -364.23370183676093 0.0001690298812490147 
3aq1dma1p           -364.6719492448586  -364.61953901980314 0.00017578475618127952
1eda1tma            -364.73181916606046 -364.6820599016731  0.00016689339053289537
1ma1nta             -376.61457769341456 -376.5740456153351  0.000135945256010254  
1oa                 -378.20964905278777 -378.17452758168577 0.00011779799128619043
2eda                -380.7940305758674  -380.74593571061797 0.00016131096847037203
5w                  -382.0301616761366  -381.98048024084545 0.0001666323504649794 
4ma                 -383.168006442932   -383.1074629268152  0.00020306394806910748
2am1nta             -393.8750630342415  -393.83168489751876 0.00014549098347399516
3dma1p              -405.5949122875863  -405.5370223919859  0.00019416366124566702
1dma1nta            -415.88698466923836 -415.8432006004342  0.0001468524863463045 
1am1ma1nta          -433.146239395342   -433.09968775115783 0.00015613497965510557
1am5aq1p            -438.9460338062154  -438.88251870246313 0.00021303070183558253
1dma4w              -440.68728967725013 -440.63269198438877 0.00018312155915266583
1nta1tma            -455.16091049921533 -455.1153579631825  0.0001527839544956615 
1sua                -456.78836050103115 -456.74645350912476 0.00014055673958205227
6w                  -458.43386197821235 -458.3797814288903  0.00018138705122278218
1eda1nta            -471.2197781574783  -471.17443337177616 0.00015208715647202503
2ma1nta             -472.41151538935776 -472.36239404329206 0.00016475380199801695
1am1dma1nta         -472.4210274454258  -472.3710205616533  0.00016772391002010587
1dma1ma1nta         -511.68697797766765 -511.6341488626854  0.0001771897198802203 
1am1nta1tma         -511.688281786443   -511.63569598401796 0.00017637364556445564
1dma5w              -517.0943051300499  -517.0322349764191  0.0002081843153808544 
1am1eda1nta         -527.7533459024847  -527.7016681818801  0.00017332792421479736
1sua1w              -533.1907104983817  -533.1434043288207  0.00015866567016945853
7w                  -534.841461058867   -534.7841681689877  0.0001921612942457869 
2pz                 -535.499786370485   -535.4460994163659  0.0001800669264435582 
2put                -537.9077503366153  -537.8497955748003  0.0001943812235957009 
4dma                -540.2519820880173  -540.1799319228235  0.00024165743818142335
1ma1nta1tma         -550.9546599917439  -550.9003493926606  0.0001821586419030935 
2dma1nta            -550.9586457186571  -550.9023109249358  0.00018894782398527407
2nta                -561.6135567817582  -561.5706516080654  0.00014390465769851765
1eda1ma1nta         -567.0197787680419  -566.9661519771662  0.00017986513793626086
1dma1nta1tma        -590.230110884415   -590.1721990498394  0.0001942372449292709 
1dma1sua            -591.8580713284792  -591.805410357456   0.00017662576227824497
1dma6w              -593.4994713587414  -593.4346378971702  0.00021745249562718201
1dma1eda1nta        -606.2938621709876  -606.2361146633795  0.0001936860895795303 
1sua2w              -609.5981980399441  -609.5460694727839  0.00017484007097177503
8w                  -611.254056653461   -611.1943874612972  0.00020013145116151563
1am2nta             -618.153359329389   -618.1056245995028  0.0001601030685434921 
1nta2tma            -629.496103607598   -629.4351819040634  0.00020433239488383835
1pha                -644.0430165069499  -644.0064399321965  0.00012267843284741368
1eda1nta1tma        -645.5622375258778  -645.5025656964727  0.00020014029651201843
1ca                 -651.9670448375736  -651.9114574058838  0.00018644115944925393
1pa                 -651.976336818848   -651.9229377316242  0.00017910141614566164
1ma2nta             -657.4268327731903  -657.375860522888   0.0001709617652265267 
2eda1nta            -661.6264505111324  -661.5687641056354  0.0001934811520944977 
1msa                -664.2000621456181  -664.1639977194129  0.00012096067819939471
1dma1sua1w          -668.2603833482525  -668.2022897028821  0.00019484704132273045
2am2nta             -674.70073367247    -674.6477497925887  0.00017770880389517038
1sua3w              -686.0053450089781  -685.9488948396657  0.0001893347956140888 
9w                  -687.6594973993544  -687.5938972756592  0.0002200238929909032 
1dma2nta            -696.703155907875   -696.6488951203668  0.00018199157306145178
1b                  -699.6207974062963  -699.5864407427903  0.00011523281404028793
1sa                 -700.1144840181483  -700.080667506986   0.00011342113420225625
1am1pha             -700.5805647425722  -700.5375481344773  0.00014427841051409146
1am1ma2nta          -713.9745936233464  -713.9186656367953  0.00018758338605142516
1pha1w              -720.4517199576253  -720.4098024537194  0.00014059199700104154
1am1msa             -720.7390548029239  -720.6969614445169  0.00014118181588781598
2nta1tma            -735.9763137644763  -735.9195549312059  0.00019037005960246588
1dma1sua2w          -744.6736355194881  -744.6098683876452  0.00021387600819368542
1eda2nta            -752.0380899345108  -751.9823069280369  0.00018709712048955442
2ma2nta             -753.2480806147657  -753.1886387029141  0.00019936914925939846
1am1dma2nta         -753.250236479088   -753.1903438380302  0.00020088090242441405
1am1b               -756.1494065904035  -756.1091721728554  0.00013494689769606876
1am1sa              -756.6576010039547  -756.6165491535418  0.00013768858095915216
1am1p1sa            -756.9936445379224  -756.9491954835893  0.0001490828587389952 
1homF               -759.5394318919161  -759.4841777097621  0.00018532343502932795
1ma1msa             -760.0053273532752  -759.9605303642726  0.00015024983733912453
1sua4w              -762.4152000263873  -762.3508847623849  0.0002157144524647745 
1mbtca              -763.1375051611251  -763.0813900852139  0.00018821088683960898
10w                 -764.0664080429665  -763.996901520298   0.00023312601934737573
1b1w                -776.033817098428   -775.9926787029444  0.00013797885454839236
1sa1w               -776.5253424447736  -776.4847254024636  0.00013623022743593477
2am1msa             -777.2725309516085  -777.2256351457584  0.00015728930353890386
1am2nta1tma         -792.5174372139392  -792.455905165088   0.0002063795031063012 
1dma1ma2nta         -792.5238247479512  -792.460370133707   0.00021282781903107938
1ma1sa              -795.926620654882   -795.8821375279041  0.00014919713894969542
1dma1msa            -799.280467034522   -799.2326939572057  0.00016023168645418588
3pz                 -803.251918706086   -803.1840926431729  0.00022748972971043914
3put                -806.8566695309786  -806.7795167248308  0.0002587717798011896 
1am1eda2nta         -808.5827103723747  -808.5216885326566  0.00020466825328887054
2am1b               -812.6783417187481  -812.6287299614226  0.00016639864942328222
2am1sa              -813.1974355945599  -813.1486630793554  0.000163583817556745  
2am1p1sa            -813.55989298972    -813.5112943044104  0.00016300078923205797
1am1homF            -816.0699745584145  -816.0076136572346  0.00020915948743880657
1am1ma1msa          -816.5443172300614  -816.493653173386   0.00016992807873702107
1dma1sua3w          -821.0826880198478  -821.0140902251443  0.0002300781308181306 
1ma2nta1tma         -831.7894191406122  -831.7248953202098  0.00021641395405763803
2dma2nta            -831.7993368221081  -831.7335250103089  0.00022073389837059293
1am1b1w             -832.5631154718936  -832.5180324927861  0.00015120905285088537
1am1aq1sa           -833.0674901509058  -833.020828902896   0.00015650259268756397
1am1aq1p1sa         -833.4143175148747  -833.3655159894806  0.0001636811182092157 
1b1dma              -834.6873311166559  -834.6412194799287  0.00015465918741290716
1dma1sa             -835.2033206689237  -835.1551470694991  0.00016157504418752336
1dma1p1sa           -835.5503044456763  -835.5012413987586  0.00016455826569756652
1homF1w             -835.9422041796322  -835.8835600257794  0.00019669345582023706
1sua5w              -838.8200312797912  -838.753355890741   0.00022363035066346923
1eda1ma2nta         -847.8560960642793  -847.791256401425   0.00021747329483248997
1b2w                -852.4446458502838  -852.3988350834342  0.0001536500648990636 
1am1ma1sa           -852.4659303564664  -852.414732114837   0.00017171974385193927
1sa2w               -852.935548792834   -852.88943172115    0.00015467741634729457
1eda1msa            -854.6152066725351  -854.566612670884   0.00016298508016492405
2ma1msa             -855.8111903294244  -855.7584167495131  0.00017700345433948413
1am1dma1msa         -855.8116224014209  -855.7584275142455  0.00017841652582723146
3am1sa              -869.7301574338929  -869.6770706729541  0.00017805386865281814
3am1p1sa            -870.1068625981601  -870.0525785137492  0.00018206971125568928
1dma2nta1tma        -871.0655921734184  -870.9979738715258  0.00022679289583295336
1ma1sa1w            -872.3408069032713  -872.2913935927846  0.00016573305546429304
1sa1tma             -874.4770844328294  -874.4275472236658  0.00016614861366302902
1dma1eda2nta        -887.1316700820448  -887.0639954714188  0.00022698175625023793
2am1aq1p1sa         -889.9778402031585  -889.9240254424888  0.00018049559171474304
1bda1sa             -890.5361952737512  -890.4880799967427  0.00016137942984555673
1eda1sa             -890.536195274792   -890.4880799967528  0.0001613794333025267 
2ma1sa              -891.7320120360729  -891.6786190538721  0.0001790809397981334 
1am1dma1sa          -891.739947249347   -891.6863365056436  0.00017981131545687134
1am1dma1p1sa        -892.1132615954785  -892.0591629492967  0.00018144774838795195
1dma1homF           -894.6070845509568  -894.5398698446921  0.00022543922946387812
1am1msa1tma         -895.0854147097765  -895.0288971054243  0.0001895609738458567 
1dma1ma1msa         -895.0860447348067  -895.0299579007187  0.00018811616330023908
1dma1sua4w          -897.4854848751096  -897.4144922927256  0.00023811028805605834
1am1b2w             -908.9755186358335  -908.9234812320091  0.00017453430764521487
1am2aq1sa           -909.4821128261877  -909.4305443422396  0.00017296154267374423
1am2aq1p1sa         -909.8290120735097  -909.7681550307901  0.0002041155214477501 
2nta2tma            -910.3308888854017  -910.2604317675932  0.00023631433106978265
1b1dma1w            -911.1003024177313  -911.0475852970205  0.0001768140892530478 
1am1eda1msa         -911.1517840488153  -911.0962809216155  0.00018615840080419486
1dma1sa1w           -911.6160788160785  -911.563030684728   0.00017792430437846515
1aq1dma1p1sa        -911.9707004618786  -911.9140931839017  0.0001898617406566153 
1sua6w              -915.2318452088008  -915.1611435835412  0.00023713441307953283
4am1sa              -926.2633642124605  -926.2047783446761  0.0001964979633885977 
1eda2nta1tma        -926.3989974080041  -926.3283457066519  0.00023696696747334625
1b3w                -928.8565314183978  -928.805434668531   0.0001713793388122243 
1sa3w               -929.3444079231119  -929.2925632081873  0.0001738880259087038 
1mda1sa             -929.8121600405277  -929.7604736315739  0.0001733570650806886 
1pda1sa             -929.8215943106405  -929.7714069491972  0.00016832923509424403
1dma1ma1sa          -931.0070256362706  -930.9508816186535  0.00018830795779640355
1am1sa1tma          -931.0117115315123  -930.9557210329639  0.0001877930523174225 
1ma1msa1tma         -934.3534973500534  -934.2940331982963  0.00019944374226740644
2dma1msa            -934.358225924634   -934.298637335774   0.00019986110635597306
2eda2nta            -942.4633114420984  -942.3934729067929  0.00023423959518868587
1msa1nta            -945.0113261375532  -944.9639114728652  0.00015902956460818034
1am1eda1sa          -947.073568472972   -947.0182209649345  0.00018563645157677303
2am1dma1sa          -948.2674870009863  -948.2092951589741  0.00019517639447340845
2am1dma1p1sa        -948.6594373363698  -948.5987869208301  0.000203422490490435  
1ma1sa2w            -948.7546966028655  -948.6985888256307  0.00018818640695881435
1eda1ma1msa         -950.4190527262842  -950.360949781111   0.00019487823301435447
1sa1tma1w           -950.8845612370853  -950.8291920882217  0.00018570903526306527
2am2aq1p1sa         -966.395814094667   -966.3351194843003  0.0002035707206664397 
1pz1sa              -967.8916876455926  -967.8411143236242  0.00016962375303829092
2ma1sa1w            -968.1416355575262  -968.0834493288605  0.00019515756721666527
1diAAmda1sa         -969.0794165556194  -969.0251435811512  0.00018203244832558694
1diABmda1sa         -969.0813875771639  -969.0263692271656  0.0001845324501034457 
1put1sa             -969.1033990916335  -969.0508944087658  0.00017610156923616543
1b2dma              -969.7508946143238  -969.6911586089367  0.00020035554381040035
1ma1sa1tma          -970.2769380643896  -970.2192292389993  0.0001935563487848375 
2dma1sa             -970.2782656382489  -970.2184987701041  0.00020045905800658724
2dma1p1sa           -970.6660306905726  -970.605476485676   0.00020309979841224467
1dma1msa1tma        -973.6274263149813  -973.5655177783188  0.00020764224941304023
1dma1sua5w          -973.8988358098394  -973.8239929287688  0.0002510242531295469 
1nta1sa             -980.9253336916056  -980.8790811332793  0.00015513184077247134
1glyt1sa            -983.9534421125259  -983.9049446676024  0.00016266122731336033
1gly1sa             -984.4284147363732  -984.3815525264927  0.00015717662210472226
1gly1p1sa           -984.7817662818433  -984.7285132327537  0.00017861160184308924
1am1b3w             -985.3882778311686  -985.3328931249878  0.0001857612147602801 
1am3aq1sa           -985.8907655137191  -985.8331686246372  0.00019318091256696608
1am3aq1p1sa         -986.2415746358492  -986.1752959273872  0.0002222998774512352 
1eda1ma1sa          -986.3405753472725  -986.2821684696058  0.00019589762759258196
1mea1sa1w           -986.8230314119671  -986.7703664426101  0.00017663917275545203
1b1dma2w            -987.5138946331259  -987.4569628337501  0.0001909501907622862 
3ma1sa              -987.5342499694357  -987.4717239569434  0.00020971327349437837
1dma1sa2w           -988.0268736415187  -987.9693176357735  0.00019304378918417358
2aq1dma1p1sa        -988.3851522478983  -988.3229709256926  0.00020855717660794935
1dma1eda1msa        -989.6904677772593  -989.6290772039961  0.0002059049916592908 
1am1msa1nta         -1001.5537665985416 -1001.5013273850019 0.00017588198403400117
1b4w                -1005.2684161000453 -1005.2141275817182 0.0001820845826837322 
1sa4w               -1005.7544579483563 -1005.6977016765619 0.00019036146836959287
1sa1triAABmda       -1008.352935635624  -1008.2951852058424 0.00019369589059742146
1dma1sa1tma         -1009.5495407713578 -1009.487560674824  0.0002078822623974769 
1msa2tma            -1012.891321629111  -1012.8258081479695 0.00021973329244164247
1ma1sa3w            -1025.162878748912  -1025.101190357941  0.00020690387714510024
1dma1eda1sa         -1025.6161304003763 -1025.5556648200552 0.00020280255012944894
1am2dma1sa          -1026.8106294703414 -1026.7466898175046 0.00021445464644256302
1am2dma1p1sa        -1027.2090398596183 -1027.1426050619737 0.0002228234031346774 
1sa1tma2w           -1027.2929275279034 -1027.2331014260483 0.00020065772884542745
1eda1msa1tma        -1028.9590098330789 -1028.8959808088462 0.00021140038313817366
1am1nta1sa          -1037.472936964951  -1037.4204688274997 0.00017597899530883473
1am1glyt1sa         -1040.4813906744148 -1040.426990649257  0.0001824585784264953 
1ma1msa1nta         -1040.8281103909912 -1040.7721011014194 0.00018785607771867663
1am1gly1sa          -1040.9810066383554 -1040.9245873054363 0.00018923136984461798
1am1gly1p1sa        -1041.3459344284531 -1041.2877381451435 0.0001951912906575004 
2ma1sa2w            -1044.5554539689206 -1044.491094373311  0.00021586314140435272
2eda1msa            -1045.0286214911835 -1044.9674452826741 0.00020518600875191054
1aq2dma1p1sa        -1047.0819846435704 -1047.0143052858618 0.00022699767804295625
1sa1teAABBmda       -1047.6211014700114 -1047.5607615144368 0.00020238120266480533
1sa2tma             -1048.8233578580134 -1048.7603516093168 0.00021132399361610928
1dma1sua6w          -1050.3060072852613 -1050.2255939542363 0.0002697076338255609 
2am1msa1nta         -1058.1018411812772 -1058.0444965584143 0.00019233480752298078
1glyt1sa1w          -1060.3639244241488 -1060.3082425127684 0.0001867580458843983 
1gly1sa1w           -1060.8483774253855 -1060.7926138899468 0.00018703181431726137
1gly1p1sa1w         -1061.201719950423  -1061.1418846013578 0.00020068874413968886
1am1b4w             -1061.7935159073215 -1061.7313455127628 0.00020852052510032739
1am4aq1sa           -1062.2985406475182 -1062.2350121138836 0.0002130757458814681 
1am4aq1p1sa         -1062.657216728329  -1062.5861362919436 0.00023840495182141393
1b1dma3w            -1063.925875335656  -1063.864724657567  0.0002051003793025682 
1dma1sa3w           -1064.4347215793096 -1064.3717817804159 0.0002111011198850672 
1eda1sa1tma         -1064.88382333891   -1064.8212363339078 0.00020991784337468436
4pz                 -1071.0060474281304 -1070.9234805445712 0.00027693068441749256
4put                -1075.8119917779911 -1075.7180258233766 0.00031516335607723614
1ma1nta1sa          -1076.746869322774  -1076.690661254214  0.00018852278571207206
1oa1sa              -1078.3280213563467 -1078.276847693215  0.0001716373071664104 
1dma1msa1nta        -1080.1032576593545 -1080.0446828569377 0.00019646084996450964
2eda1sa             -1080.9497034160786 -1080.8881998563263 0.0002062839502008268 
1b5w                -1081.676642813942  -1081.6175989620294 0.00019803404968150962
1sa5w               -1082.1632647995948 -1082.1048037907535 0.00019607918444157984
4ma1sa              -1083.331968438953  -1083.260952204126  0.00023818961873916587
2am2dma1p1sa        -1083.7511564887313 -1083.6792090943732 0.00024131274310990421
2am1nta1sa          -1094.0189912792277 -1093.963116290974  0.00018740562889071454
1am1ma1msa1nta      -1097.3753874991853 -1097.3143618902889 0.00020468089517469742
1sa1tma3w           -1103.7021696036586 -1103.6395791557552 0.00020992939092226944
3dma1sa             -1105.3487595663412 -1105.2781128520116 0.00023695024091712396
3dma1p1sa           -1105.7559740950537 -1105.685590685963  0.00023606711081922274
1dma1nta1sa         -1116.0225113883853 -1115.964250973837  0.00019540638788645805
1msa1nta1tma        -1119.3757488378958 -1119.3152819795453 0.00020280683666100256
2aq2dma1p1sa        -1123.4968479568543 -1123.4237214396276 0.00024526754058926906
1sa2tma1w           -1125.2319041022376 -1125.1628678199038 0.00023154882553733357
1am1ma1nta1sa       -1133.2932906687392 -1133.2328336665278 0.00020277377900898688
1eda1msa1nta        -1135.4416050963166 -1135.383662437062  0.0001943406314090774 
2ma1msa1nta         -1136.6484582525964 -1136.584289228647  0.00021522396092346743
1am1dma1msa1nta     -1136.6513080359998 -1136.5877425266794 0.00021319976293906237
1am1b5w             -1138.1995882855672 -1138.132105140106  0.00022633957894120218
1am5aq1sa           -1138.7091792172318 -1138.6417828229742 0.00022604861397879658
1b1dma4w            -1140.3377965853244 -1140.2711997090526 0.00022336701751439467
1dma1sa4w           -1140.8409788273775 -1140.7741046833569 0.0002242969781001396 
1oa1sa1w            -1154.7375829050236 -1154.6810391984734 0.00018964852104740094
1nta1sa1tma         -1155.2957121441748 -1155.2349589209537 0.00020376730914336362
1sa6w               -1158.5736754814789 -1158.5093817938055 0.0002156420851029716 
1eda1nta1sa         -1171.356817441546  -1171.2955398900835 0.00020552591468144833
2ma1nta1sa          -1172.5654697463156 -1172.5039743299637 0.00020625663710117386
1am1dma1nta1sa      -1172.5688545815444 -1172.5068143907986 0.00020808381937265305
1am1msa1nta1tma     -1175.9149532952097 -1175.8493758505017 0.0002199478272951042 
1dma1ma1msa1nta     -1175.924247418251  -1175.8574177291964 0.00022414787541406164
1am1eda1msa1nta     -1191.9838172532784 -1191.9202675824658 0.00021314664032398968
1sa2tma2w           -1201.6379208546407 -1201.563428071459  0.00024985001905670486
1am1nta1sa1tma      -1211.8399876400576 -1211.77704998696   0.0002110939228493929 
1dma1ma1nta1sa      -1211.8425056728117 -1211.7779129735382 0.00021664497492404774
1ma1msa1nta1tma     -1215.1889326958124 -1215.118611608156  0.0002358580837040336 
2dma1msa1nta        -1215.2000943268633 -1215.128909333523  0.00023875563756571837
1b1dma5w            -1216.7406937154922 -1216.667215625058  0.00024644672290513863
1dma1sa5w           -1217.2491968886654 -1217.1763227218637 0.0002444211531169693 
1am1eda1nta1sa      -1227.902429508308  -1227.8400627987583 0.00020917896880676715
1oa1sa2w            -1231.1478224496389 -1231.0863771988993 0.0002060883808137285 
1eda1ma1msa1nta     -1231.256493114988  -1231.1902614552405 0.00022214207528901262
1sa7w               -1234.9819463253398 -1234.913723629902  0.00022882004171625252
2pz1sa              -1235.656645945076  -1235.5910768660383 0.0002199197686991258 
2put1sa             -1238.0696101513415 -1238.0004921368115 0.00023182295666582814
4dma1sa             -1240.4183740878655 -1240.3379173401536 0.0002698532541064489 
1ma1nta1sa1tma      -1251.113167495602  -1251.0463274337192 0.00022418266604992614
2dma1nta1sa         -1251.1179723282858 -1251.050378644402  0.00022671032662696736
1dma1msa1nta1tma    -1254.463396140403  -1254.3906142198236 0.00024411175777038134
1eda1ma1nta1sa      -1267.1758311039473 -1267.109945166448  0.00022098251718741086
1dma1eda1msa1nta    -1270.5325749278845 -1270.4606988721746 0.00024107347211134222
2mea1sa2w           -1273.519935945739  -1273.4476581242104 0.00024242100126959192
2pha                -1288.1033022763115 -1288.0506832835244 0.00017648496658421653
1dma1nta1sa1tma     -1290.3901417546688 -1290.3201336066259 0.0002348084790973958 
1dma1sa6w           -1293.654011767526  -1293.5761552129616 0.00026113216355664535
1msa1nta2tma        -1293.726657844451  -1293.651000766399  0.0002537550831865511 
2ca                 -1303.9587381551194 -1303.8762526074738 0.00027665788242653937
2pa                 -1303.9632146449628 -1303.884380583366  0.00026441073820836664
1dma1eda1nta1sa     -1306.4524015669447 -1306.3834932216434 0.00023111972262678088
1oa1sa3w            -1307.5580820266057 -1307.4930624106585 0.00021807686046359753
1eda1msa1nta1tma    -1309.7952390348307 -1309.7212274972599 0.00024823591336844747
1sa8w               -1311.3901464662947 -1311.3183249096182 0.00024089068145735984
2eda1msa1nta        -1325.864515048441  -1325.7939482288098 0.00023668227278647594
2msa                -1328.4096126940747 -1328.3592427067736 0.00016894176522259564
1nta1sa2tma         -1329.6531740521195 -1329.5809381471238 0.00024228041252997114
1pha1sa             -1344.1729372062198 -1344.1221152960156 0.0001704575220668983 
1eda1nta1sa1tma     -1345.7204075862603 -1345.6493008415223 0.00023849319046822482
1pa1sa              -1352.1013527796904 -1352.0339063602726 0.0002262163991878913 
1ca1sa              -1352.1031787058782 -1352.037740024795  0.00021948241181682815
2eda1nta1sa         -1361.7825823924122 -1361.7119686833107 0.00023683954084038433
1msa1sa             -1364.3282945053281 -1364.2794723760417 0.0001637502240028441 
1oa1sa4w            -1383.966663978438  -1383.9002164627902 0.00022286605952578396
1am2msa             -1384.9552489324808 -1384.899918131975  0.00018558041424058858
1sa9w               -1387.8007963904004 -1387.7244212087614 0.00025616361441828503
1b1sa               -1399.7880931715295 -1399.742193115448  0.00015394954245024552
2sa                 -1400.238541690085  -1400.1893314349732 0.00016505200439964634
1am1msa1sa          -1420.8796553408172 -1420.8260386558813 0.00017983124244766834
1ma2msa             -1424.2292728726954 -1424.1704476259613 0.00019730084432046033
2am2msa             -1441.5012479927668 -1441.4413750798853 0.0002008147337965321 
1am1b1sa            -1456.3199909236337 -1456.268683730933  0.00017208516753545612
1am2sa              -1456.795923382095  -1456.7423783598388 0.00017959088464299718
1am1p2sa            -1457.1255629626596 -1457.0689700150324 0.0001898136764286601 
1homF1sa            -1459.6610100129487 -1459.5963043812983 0.0002170237519718227 
1ma1msa1sa          -1460.154455842803  -1460.0972400243604 0.0001919027953799641 
1oa1sa5w            -1460.3749080767718 -1460.3034199516699 0.00023977234647678825
1mbtca1sa           -1463.2667971301357 -1463.199032935799  0.0002272822214882368 
1dma2msa            -1463.5049218004856 -1463.4430730777221 0.0002074416326125835 
1sa10w              -1464.2091049474827 -1464.1285906182159 0.0002700463835882866 
1b1sa1w             -1476.1955376058627 -1476.1422857349944 0.0001786076500699166 
2sa1w               -1476.6508446896264 -1476.5969935652522 0.0001806175561770077 
2am1msa1sa          -1477.4241100078452 -1477.3651957811046 0.00019759928472487114
1am1ma2msa          -1480.7754937677666 -1480.7105458276048 0.00021783645870139474
1ma2sa              -1496.0694975508268 -1496.0124075285778 0.00019148087287972125
1dma1msa1sa         -1499.4305975155219 -1499.3701393378064 0.0002027777216684434 
2msa1tma            -1502.7729063248873 -1502.7087923220236 0.0002150394192979502 
3pz1sa              -1503.4157586323565 -1503.3380748311235 0.00026055274604408165
3put1sa             -1507.0414812901302 -1506.9568440969883 0.0002838745367827483 
2am1b1sa            -1512.8500457712105 -1512.7927291441233 0.00019224090923069097
2am2sa              -1513.3419274339099 -1513.2813422754118 0.00020320361730008835
2am1p2sa            -1513.6958609337441 -1513.6346119403966 0.0002054301302954426 
1am1homF1sa         -1516.2138134305976 -1516.1441251557137 0.0002337356192650792 
1am1ma1msa1sa       -1516.697012413946  -1516.6342364631903 0.00021055157053719538
1eda2msa            -1518.8427095480995 -1518.7819179150363 0.0002038961363851838 
2homF               -1519.083151745764  -1519.0006656106868 0.00027665985268248593
2ma2msa             -1520.04700866877   -1519.9763970531706 0.0002368325192000581 
1am1dma2msa         -1520.049454036     -1519.981403557172  0.0002282424243773906 
1am1b1sa1w          -1532.728180087622  -1532.6702160704604 0.0001944122661800861 
1am1aq2sa           -1533.2087058696832 -1533.1490872942404 0.00019996168184758246
1b1dma1sa           -1534.868106288496  -1534.8099277055076 0.00019513192348963795
1dma2sa             -1535.3471945559957 -1535.2867916863531 0.00020259221748302107
1dma1p2sa           -1535.6803884074807 -1535.6179972058176 0.00020926111575788936
1homF1sa1w          -1536.074474074941  -1536.0054832223059 0.00023139645358103236
1oa1sa6w            -1536.7850120414817 -1536.7074876082443 0.00026001822316766316
1msa1sa1tma         -1538.6965518140228 -1538.6339670483276 0.00020991033270207897
1sa11w              -1540.6188260100132 -1540.5318163086113 0.00029183196847868407
1b1sa2w             -1552.6053515019728 -1552.5491775849193 0.00018840824099794276
1am1ma2sa           -1552.616015398475  -1552.5510784600112 0.0002177995588251883 
2sa2w               -1553.0622763807053 -1553.0015884846473 0.00020354820076465868
2ma1msa1sa          -1555.9696672504315 -1555.903520143094  0.00022185848511598402
1am1dma1msa1sa      -1555.9731817322015 -1555.9078941471955 0.00021897563309052336
1am2msa1tma         -1559.312629549785  -1559.2421890974952 0.00023625843464618527
1dma1ma2msa         -1559.3218693240522 -1559.2514207539218 0.0002362856620170103 
3am2sa              -1569.8820486102272 -1569.8178838215176 0.00021520975585990714
3am1p2sa            -1570.260346082951  -1570.1939034128009 0.00022284980764770352
1ma2sa1w            -1572.4820964600437 -1572.418498643561  0.00021330812169294847
2sa1tma             -1574.617028590574  -1574.5544654043897 0.00020983795466810102
1am1eda2msa         -1575.3843654980851 -1575.3171856434788 0.00022532233642888713
2am1b1sa1w          -1589.2539179455011 -1589.1881859746136 0.00022046611064111357
2am1aq2sa           -1589.7562048991676 -1589.6925898237635 0.00021336600839920504
1eda2sa             -1590.6800159732086 -1590.6178230576127 0.0002085960610297021 
2ma2sa              -1591.8886095647142 -1591.824835872474  0.0002138980118733646 
1am1dma2sa          -1591.8916418691963 -1591.8258624596024 0.0002206252208416673 
1am1dma1p2sa        -1592.2505135222102 -1592.1824424936738 0.00022831134843654278
1dma1homF1sa        -1594.763601788367  -1594.6888199306204 0.00025081957989768955
1am1msa1sa1tma      -1595.239799274091  -1595.1725576542417 0.0002255294980691352 
1dma1ma1msa1sa      -1595.2470263764808 -1595.1780014038977 0.00023151089244696313
1ma2msa1tma         -1598.5850914877194 -1598.51168354019   0.00024621146244997846
2dma2msa            -1598.5964809773593 -1598.522635000016  0.0002476806216446977 
1am1b1sa2w          -1609.1401392882644 -1609.0784645358933 0.00020685813305766079
1am2aq2sa           -1609.6148520449794 -1609.5514000230592 0.000212819124334371  
1b1dma1sa1w         -1611.2743765668433 -1611.211156241725  0.00021204200945293888
1am1eda1msa1sa      -1611.307191933362  -1611.240071763051  0.00022512215432201192
1dma2sa1w           -1611.7571858583622 -1611.69213759137   0.00021817295653924924
1eda1ma2msa         -1614.6552182276835 -1614.5820900730666 0.0002452730324224851 
1sa12w              -1617.0250644279643 -1616.9341189036281 0.000305032783283828  
4am2sa              -1626.4178336965535 -1626.3479774360012 0.0002342990459580185 
4am1p2sa            -1626.8057484245471 -1626.7330806621587 0.00024372886932244736
1b1sa3w             -1629.0152613536186 -1628.9557731574905 0.00019952438748332073
2sa3w               -1629.4743547828095 -1629.41115533617   0.00021197198269164052
1am2sa1tma          -1631.1604461047737 -1631.0938376712347 0.00022340578077821585
1dma1ma2sa          -1631.1657664497823 -1631.0974459412928 0.0002291481082992323 
1ma1msa1sa1tma      -1634.5141636917213 -1634.4427636803257 0.00023947681165717452
2dma1msa1sa         -1634.5217144287803 -1634.4502780149276 0.00023959890609665028
1dma2msa1tma        -1637.8595040896369 -1637.7837074102265 0.00025422330843657373
1am1eda2sa          -1647.2250415552303 -1647.1582752656911 0.00022393523239666596
2am1dma2sa          -1648.4271751725812 -1648.3606060995742 0.00022327376490684271
2am1dma1p2sa        -1648.8131492469938 -1648.7417295232187 0.00023954292730210964
1ma2sa2w            -1648.889254254054  -1648.8207709016092 0.00022969428960236757
1eda1ma1msa1sa      -1650.579417756143  -1650.508987517121  0.00023622417917743222
2sa1tma1w           -1651.0229424811025 -1650.9559577237585 0.00022466797700485536
1dma1eda2msa        -1653.93002750788   -1653.8548563544525 0.00025212528400952967
2am1b1sa2w          -1665.6609920360354 -1665.5891664620383 0.00024090415561701145
2am2aq2sa           -1666.1705883838276 -1666.1027463721236 0.00022754322221731058
1pz2sa              -1668.037172139894  -1667.9742447269523 0.0002110595771982626 
2ma2sa1w            -1668.302463651533  -1668.2316483046534 0.0002375158372615552 
1put2sa             -1669.2507131465688 -1669.1880942685902 0.00021002474586165099
1b2dma1sa           -1669.9341646038706 -1669.8643449836295 0.00023417615375190167
1ma2sa1tma          -1670.434684986157  -1670.3658596014202 0.00023084147153034756
2dma2sa             -1670.4424684940902 -1670.3718170036723 0.0002369662599967446 
2dma1p2sa           -1670.803319755095  -1670.7295518283888 0.0002474188385242155 
1dma1msa1sa1tma     -1673.7882682924774 -1673.7155779699783 0.00024380453630433468
2msa2tma            -1677.122035249592  -1677.0458325166003 0.00025558521882215876
1glyt2sa            -1684.1056666351253 -1684.0450347073067 0.00020336048237004007
1gly2sa             -1684.5819535916203 -1684.5188381234295 0.00021169031759461575
1gly1p2sa           -1684.912424419351  -1684.8467373431204 0.0002203155332241312 
1am1b1sa3w          -1685.548156478694  -1685.47942262293   0.00023053448185114377
1am3aq2sa           -1686.0294769082432 -1685.9623614705067 0.00022510628118876347
1eda1ma2sa          -1686.4986582047084 -1686.4284713570032 0.00023540784070124398
1mea2sa1w           -1686.9590580820532 -1686.8898741356782 0.00023204409315786563
1b1dma1sa2w         -1687.68244041008   -1687.6127987839607 0.00023357915854241523
3ma2sa              -1687.6919102229542 -1687.616257644515  0.0002537399914110172 
2am2sa1tma          -1687.7036622548073 -1687.6316674731163 0.0002414716810031007 
1dma2sa2w           -1688.1645654899683 -1688.0940190175204 0.00023661402799870216
1dma1eda1msa1sa     -1689.8546355106237 -1689.7820794188638 0.00024335432419873666
1eda2msa1tma        -1693.192701290879  -1693.1145127805432 0.00026224554866980125
1sa13w              -1693.4344020317433 -1693.3403877708909 0.00031532537599346855
3am1dma2sa          -1704.9549271918686 -1704.880316239196  0.00025024636147118515
3am1dma1p2sa        -1705.3524563458907 -1705.2759534925162 0.00025659182751793983
1b1sa4w             -1705.422262211914  -1705.355435116876  0.00022413917503908922
2sa4w               -1705.885915982005  -1705.8194557478857 0.00022290871748856855
2eda2msa            -1709.2654777904643 -1709.191135670546  0.0002493446919953863 
1dma2sa1tma         -1709.7117333568856 -1709.639837035937  0.00024114144205428535
1msa1sa2tma         -1713.0502180404785 -1712.9748296687205 0.00025285383785975585
2am2msa1nta         -1722.3218542022098 -1722.250358483315  0.00023979781618210875
1ma2sa3w            -1725.301293360244  -1725.2301115483447 0.00023874496696046218
1dma1eda2sa         -1725.7757240575988 -1725.7042763397567 0.00023963681986309746
1am2dma2sa          -1726.9778305109805 -1726.9007389250853 0.0002585664460684804 
1am2dma1p2sa        -1727.3670407958075 -1727.2882240719896 0.00026435258701331895
2sa1tma2w           -1727.4337502329374 -1727.3635854019867 0.0002353339961450567 
1eda1msa1sa1tma     -1729.1188488999999 -1729.0442310953317 0.0002502693431770502 
1am1glyt2sa         -1740.639861851773  -1740.5712439275085 0.0002301456456973198 
1am1gly2sa          -1741.1221318233643 -1741.0521254878472 0.00023480239985627756
1am1gly1p2sa        -1741.4822842289568 -1741.4113993730919 0.00023774897154121526
2am1b1sa3w          -1742.0828146056033 -1742.0111664069293 0.00024030923586771508
2am3aq2sa           -1742.5782780396858 -1742.5048564766503 0.0002462571290805753 
2ma2sa2w            -1744.7160149708916 -1744.6399747498904 0.0002550401509350867 
2eda1msa1sa         -1745.1883368279387 -1745.115273241001  0.0002450564713654468 
1b2dma1sa1w         -1746.3404001742235 -1746.265429909605  0.0002514514996426146 
2dma2sa1w           -1746.8484740262566 -1746.7724350941728 0.0002550358278841444 
2sa2tma             -1748.9833414558482 -1748.9084893313482 0.00025105525574364775
2am1msa1nta1sa      -1758.243293143493  -1758.1734228484468 0.00023434611788147798
1glyt2sa1w          -1760.5102743201612 -1760.4405538133506 0.00023384372567686126
1gly2sa1w           -1760.9901719542265 -1760.9214497715047 0.00023049533027604295
1gly1p2sa1w         -1761.3312316825736 -1761.2604532828886 0.0002373919157640402 
1am1ma2msa1nta      -1761.5941696573573 -1761.5189631631379 0.00025224381760652277
1am1b1sa4w          -1761.9645087230804 -1761.8937331533757 0.00023738242396301849
1am4aq2sa           -1762.4377253484831 -1762.3668163349205 0.00023782999685604303
1b1dma1sa3w         -1764.095143657751  -1764.0231246792296 0.00024155283756921762
1dma2sa3w           -1764.5776183852836 -1764.5032237775706 0.00024952073692064065
1eda2sa1tma         -1765.045507479629  -1764.972357962039  0.00024534468418508813
2ma2sa1tma          -1766.2380286015866 -1766.1586676333839 0.00026617799162386373
3dma1msa1sa         -1769.5907974849135 -1769.5073476227544 0.0002798922091536109 
1sa14w              -1769.8420408848365 -1769.742302456346  0.0003345243283267095 
4pz1sa              -1771.1746203365221 -1771.083045121174  0.0003071447772870812 
4put1sa             -1776.002963931529  -1775.9007526253104 0.00034281840086723464
2eda2sa             -1781.107300257918  -1781.032838528225  0.0002497458651447814 
1b1sa5w             -1781.8310052541353 -1781.760683926158  0.00023585888974487124
2sa5w               -1782.296942500181  -1782.2248715826254 0.0002417270419441171 
4ma2sa              -1783.4958926034878 -1783.411779265813  0.0002821175169373518 
2am2dma2sa          -1783.5032291976443 -1783.4207259039147 0.0002767174030843767 
2am2dma1p2sa        -1783.9017752556247 -1783.820190986825  0.00027363497836510966
2am1nta2sa          -1794.1605071146778 -1794.0908983877455 0.00023346881412798727
1am1ma1msa1nta1sa   -1797.5166937252964 -1797.4435670048524 0.00024526822218321246
2ma2msa1nta         -1800.8671831074093 -1800.7885844334996 0.0002636212440369135 
1am1dma2msa1nta     -1800.8685520437398 -1800.7925054137431 0.0002550616468110988 
2sa1tma3w           -1803.8397608990804 -1803.7645093016647 0.00025239509446777766
3dma2sa             -1805.5204012870474 -1805.439120061055  0.0002726185678093917 
3dma1p2sa           -1805.913973607516  -1805.8282717314635 0.0002874455007628367 
2am1b1sa4w          -1818.4799697190044 -1818.4009873341317 0.0002649082169128923 
2am4aq2sa           -1818.9838312849697 -1818.9047352907478 0.0002652892645374162 
2mea2sa             -1820.8513652753547 -1820.778465876818  0.00024450578077013095
2ma2sa3w            -1821.1236225208822 -1821.042949880285  0.000270577362391709  
1b2dma1sa2w         -1822.7412843193924 -1822.6595978739558 0.0002739776804848843 
2dma2sa2w           -1823.2570417120166 -1823.1753703589493 0.00027392706043060424
2sa2tma1w           -1825.3796457128851 -1825.3005594809615 0.000265256521628763  
1am1ma1nta2sa       -1833.4335102244152 -1833.3604543139613 0.00024503072431240837
2ma1msa1nta1sa      -1836.7892563646997 -1836.7120774427406 0.00025885937266183624
1am1dma1msa1nta1sa  -1836.7934280205484 -1836.7168999980486 0.00025667624517786635
1am1b1sa5w          -1838.3699071114318 -1838.2937364137233 0.00025547777195493367
1am5aq2sa           -1838.8454076626494 -1838.7676489797655 0.0002608039003324034 
1am2msa1nta1tma     -1840.1360615872934 -1840.0578486624352 0.0002623274353788311 
1dma1ma2msa1nta     -1840.1417783652723 -1840.0620835428351 0.00026729774421323325
1b1dma1sa4w         -1840.5039731357706 -1840.426935080696  0.0002583869028156518 
1dma2sa4w           -1840.9860309914595 -1840.907639992013  0.0002629247004745724 
1ma2sa2tma          -1844.7827146354628 -1844.6998315989993 0.00027799106645485806
1sa15w              -1846.2507556271999 -1846.1479105098742 0.00034494421373648714
1am1eda2msa1nta     -1856.2055492339716 -1856.1284673157736 0.00025853402045255164
1am3dma2sa          -1862.0570189217315 -1861.9702474888331 0.00029103281200202366
1am3dma1p2sa        -1862.4620941627313 -1862.3706613444986 0.00030666717502160934
2ma1nta2sa          -1872.7074266703792 -1872.6312136691643 0.000255619658610983  
1am1dma1nta2sa      -1872.7119535768877 -1872.6355317451014 0.00025632007977963444
1am1msa1nta1sa1tma  -1876.057419404327  -1875.9783516317505 0.0002651946086755227 
1dma1ma1msa1nta1sa  -1876.0664534383693 -1875.9861921327654 0.0002691977380647243 
1ma2msa1nta1tma     -1879.4080388201119 -1879.3252744805332 0.0002775929551522559 
2dma2msa1nta        -1879.4140686414219 -1879.3302704511332 0.00028106050742493304
1am1eda1msa1nta1sa  -1892.1232259943067 -1892.0452769262115 0.0002614424554591844 
2am1b1sa5w          -1894.903322139632  -1894.8218618938265 0.0002732190032052242 
2am5aq2sa           -1895.3939153672331 -1895.3098414498543 0.00028198530061692583
1eda1ma2msa1nta     -1895.4786609336954 -1895.3970749339182 0.000273640784092372  
2mea2sa1w           -1897.2635169937514 -1897.1853704781852 0.00026210469752245156
2ma2sa4w            -1897.5304903953097 -1897.4440169610102 0.00029003331980351254
1b2dma1sa3w         -1899.1643300145415 -1899.0806300412323 0.0002807310860614941 
2dma2sa3w           -1899.6633812132138 -1899.577263320864  0.0002888408262613292 
2sa2tma2w           -1901.789254979279  -1901.7012291366254 0.0002952401229361486 
1am1nta2sa1tma      -1911.9797503480643 -1911.9027000520418 0.0002584279591563431 
1dma1ma1nta2sa      -1911.9842184151662 -1911.9032894548964 0.0002714370627865513 
1ma1msa1nta1sa1tma  -1915.3324608511418 -1915.2521694827815 0.0002692985690438997 
2dma1msa1nta1sa     -1915.3402799723694 -1915.2576786778225 0.00027704609943660546
1b1dma1sa5w         -1916.9113062212593 -1916.8287557305857 0.0002768757024101125 
1dma2sa5w           -1917.3909248015514 -1917.3068141837325 0.00028210839449553074
1dma2msa1nta1tma    -1918.6816892737834 -1918.5963083654055 0.00028636896990741085
1am1eda1nta2sa      -1928.043788822417  -1927.9660128802545 0.0002608617882355751 
1eda1ma1msa1nta1sa  -1931.397149343005  -1931.3169744840206 0.0002689077946813902 
1dma1eda2msa1nta    -1934.754170773913  -1934.6713533441532 0.00027777102049276667
2pz2sa              -1935.8219339920306 -1935.744579160961  0.0002594493747098817 
2put2sa             -1938.2316813489444 -1938.1515932848513 0.00026861668319007125
4dma2sa             -1940.593717052665  -1940.5004990987075 0.00031265454958043313
4dma1p2sa           -1941.0036540361266 -1940.909466408306  0.00031590685165418345
1ma1nta2sa1tma      -1951.2532249963897 -1951.173454666005  0.00026755099910999805
2dma1nta2sa         -1951.2588842634425 -1951.1766092296234 0.00027595181559347874
1dma1msa1nta1sa1tma -1954.6074275869844 -1954.5243261101764 0.0002787237189603979 
2msa1nta2tma        -1957.9438282871442 -1957.8558402373924 0.0002951133649231283 
1eda1ma1nta2sa      -1967.3170955453265 -1967.235469142986  0.0002737762949540157 
1dma1eda1msa1nta1sa -1970.6732064011649 -1970.589432714334  0.0002809783224248399 
1eda2msa1nta1tma    -1974.02286366402   -1973.938956930224  0.0002814245641319294 
1b2dma1sa4w         -1975.5787848990794 -1975.4904537841298 0.00029626401123484023
2dma2sa4w           -1976.0744940763866 -1975.9856031860645 0.00029814150703356013
2sa2tma3w           -1978.1943845659903 -1978.105867557478  0.00029688750129885905
2eda2msa1nta        -1990.090190209665  -1990.005707928404  0.00028335495978878977
1dma1nta2sa1tma     -1990.5259869118586 -1990.4443695045277 0.000273746125543884  
3msa                -1992.6138447543842 -1992.548296875496  0.00021984866304953303
1msa1nta1sa2tma     -1993.8697387336604 -1993.7827000859324 0.00029192905493186837
2ca1sa              -2004.0796126606022 -2003.984526998844  0.0003189188722390589 
2pa1sa              -2004.0923131382924 -2004.0006522560495 0.0003074321054599495 
1dma1eda1nta2sa     -2006.591817586996  -2006.5057242098628 0.0002887586018218874 
1eda1msa1nta1sa1tma -2009.9500005794227 -2009.8674044859383 0.00027702865498742087
2eda1msa1nta1sa     -2026.011407291709  -2025.9295818759338 0.00027444378928496576
2msa1sa             -2028.5334487860257 -2028.4693239604642 0.00021507571880435418
1nta2sa2tma         -2029.7940598203666 -2029.7088671730028 0.000285737539371911  
1pha2sa             -2044.302588986883  -2044.2400145487156 0.00020987569400398315
1eda1nta2sa1tma     -2045.8633644123518 -2045.783271291831  0.00026863364253181676
1b2dma1sa5w         -2051.9959128017663 -2051.9044540212712 0.00030675425287625884
1pa2sa              -2052.226700388455  -2052.1471436818338 0.0002668345014969409 
1ca2sa              -2052.2288543979553 -2052.1520362327    0.0002576493887477404 
2dma2sa5w           -2052.4809130044846 -2052.3841074561483 0.0003246874000884567 
2eda1nta2sa         -2061.9237722527882 -2061.8371843336445 0.00029041730385316513
1msa2sa             -2064.451511521567  -2064.3894131613492 0.00020827892073842593
1b2sa               -2099.928055432044  -2099.8677100397376 0.000202399437552127  
3sa                 -2100.360851522249  -2100.2968732300697 0.00021458424343182022
1dma3msa            -2127.7155104154726 -2127.639629605186  0.00025450548477760454
1am1b2sa            -2156.47133614509   -2156.407574062562  0.0002138590727076074 
1am3sa              -2156.9229911131442 -2156.855317104473  0.00022697973728379728
1homF2sa            -2159.7868880523442 -2159.709752461412  0.0002587140396865343 
1mbtca2sa           -2163.3911097664895 -2163.311667993579  0.0002664490119428414 
1dma2msa1sa         -2163.6410831640037 -2163.5664202853945 0.00025042052191545406
1b2sa1w             -2176.339858491486  -2176.275768019736  0.0002149604955566855 
3sa1w               -2176.7743390197747 -2176.706833822797  0.00022641354008953046
1ma3sa              -2196.2010348710874 -2196.131268305661  0.00023399820703175005
1dma1msa2sa         -2199.562969672902  -2199.490532005047  0.00024295712847512255
3pz2sa              -2203.5899900002546 -2203.50028682553   0.0003008659222686512 
3put2sa             -2207.2070847551045 -2207.1104305931412 0.0003241796477052949 
2am1b2sa            -2213.014693507345  -2212.9437425237466 0.00023797076504497887
2am3sa              -2213.478387941125  -2213.40630478728   0.00024176808265978107
2am1p3sa            -2213.824042823114  -2213.7505717470544 0.0002464231965763898 
1am1homF2sa         -2216.3446786429145 -2216.263385917252  0.0002726571378920306 
2homF1sa            -2219.2110084857354 -2219.1178403019126 0.00031248761973116766
2mbtca1sa           -2226.4183472963787 -2226.320744967616  0.00032735981473276047
1am1b2sa1w          -2232.88669951732   -2232.8176900318217 0.00023145894851018379
1am1aq3sa           -2233.3355214556336 -2233.2646509090737 0.00023770097789756713
1b1dma2sa           -2235.0181193219296 -2234.947137783686  0.00023807324582916016
1dma3sa             -2235.4786033426417 -2235.4060726286602 0.0002432692067125016 
1homF2sa1w          -2236.1964501133725 -2236.114693323363  0.00027421361733863804
1b2sa2w             -2252.752021365983  -2252.683286840264  0.00023053672889225958
3sa2w               -2253.188224683217  -2253.115705171214  0.0002432316350927321 
2dma3msa            -2262.8063843108844 -2262.7185040843683 0.00029475172401811954
3am3sa              -2270.0326305841068 -2269.9551075216373 0.000260013625589905  
3am1p3sa            -2270.389073973512  -2270.3093824950747 0.0002672865283820753 
3sa1tma             -2274.742227485781  -2274.6682722462974 0.0002480470886578008 
1am2homF1sa         -2275.758623477257  -2275.6610925321393 0.00032712039281441904
2am1b2sa1w          -2289.4206490584306 -2289.348698177291  0.00024132443783144236
2am1aq3sa           -2289.8948476969567 -2289.8194442880795 0.00025290427260496977
1eda3sa             -2290.817749849852  -2290.744175068859  0.00024677102462845126
2ma3sa              -2292.0273743157304 -2291.9492907974973 0.00026189340343097626
1am1dma3sa          -2292.028292360172  -2291.9510111617374 0.00025920240964229165
1dma1homF2sa        -2294.9008824659386 -2294.8137895201244 0.00029211117160630307
2homF1sa1w          -2295.6212966810685 -2295.5234564363222 0.00032815778885212943
2dma2msa1sa         -2298.7357019183337 -2298.6490524274345 0.00029062381653317603
1am1b2sa2w          -2309.296033295978  -2309.2216215610333 0.00024957818193686155
1am2aq3sa           -2309.7477899364467 -2309.671281752552  0.0002566097061701904 
1b1dma2sa1w         -2311.4212845122365 -2311.3433298893583 0.00026146108629267716
1dma3sa1w           -2311.885585490448  -2311.8078643913072 0.00026067784384050985
4am3sa              -2326.5776979428542 -2326.49926992613   0.00026304885703130426
4am1p3sa            -2326.9512768745735 -2326.8675722494263 0.0002807466884026074 
1b2sa3w             -2329.15667000413   -2329.0825722987197 0.0002485249217178584 
3sa3w               -2329.6028356249412 -2329.5280045735294 0.0002509845762596147 
1am3sa1tma          -2331.3018001362598 -2331.223613254232  0.00026224008729700926
2dma1msa2sa         -2334.657518701499  -2334.5715458323252 0.00028835441614648755
3am1aq3sa           -2346.4390212398307 -2346.357050645485  0.00027493072059613934
2am1dma3sa          -2348.582334529295  -2348.50088124869   0.000273195641808472  
2am1dma1p3sa        -2348.943587369904  -2348.8589350677253 0.0002839252127402766 
1dma2homF1sa        -2354.311822975464  -2354.2085798213034 0.00034627923582392306
2am1b2sa2w          -2365.8309847572914 -2365.750135316136  0.0002711703543700609 
2am2aq3sa           -2366.2991593137335 -2366.2174653637408 0.00027400285089027303
1pz3sa              -2368.16730550901   -2368.090986968621  0.000255973638734666  
1put3sa             -2369.389646904608  -2369.3143451181013 0.00025256342950523485
1b2dma2sa           -2370.10450283328   -2370.023701323012  0.00027100959338624846
1ma3sa1tma          -2370.573503985826  -2370.4878249692065 0.0002873688298486387 
2dma3sa             -2370.579271161855  -2370.4956279076378 0.0002805408492946813 
5am1p3sa            -2383.4949937361716 -2383.4057950169413 0.0002991739702505347 
1glyt3sa            -2384.2611571208254 -2384.1896479992215 0.0002398427690884502 
1gly3sa             -2384.70689093099   -2384.632160554009  0.00025064691256581364
1gly1p3sa           -2385.0392061243997 -2384.9607277660625 0.00026321770362989393
1am1b2sa3w          -2385.703876061589  -2385.6247116969803 0.00026551857993949054
1b1dma2sa2w         -2387.8365709820896 -2387.75632272877   0.0002691539604879316 
2am3sa1tma          -2387.849395288617  -2387.764893616915  0.0002834199956474966 
3ma3sa              -2387.852810080798  -2387.767507033725  0.0002861078218112281 
1am1dma1ma3sa       -2387.857175597897  -2387.773921436927  0.0002792358241484894 
1dma3sa2w           -2388.2971951951113 -2388.216838391268  0.00026951804072893835
3am1dma3sa          -2405.1231270130265 -2405.0388043472667 0.00028281960677489917
3am1dma1p3sa        -2405.501761939987  -2405.412342007748  0.0002999159223168853 
1b2sa4w             -2405.559814776875  -2405.4815150186405 0.00026261867595104806
3sa4w               -2406.014764888153  -2405.9355402855813 0.00026572061905664774
3am2aq3sa           -2422.85270648771   -2422.7646966296584 0.0002951865103191171 
1am2dma3sa          -2427.1233347129487 -2427.0362145666813 0.0002922024023718733 
1am1ma3sa1tma       -2427.124828677565  -2427.0389502357507 0.0002880377052294143 
1am2dma1p3sa        -2427.493160432367  -2427.402957270494  0.00030254288738231725
3dma2msa1sa         -2433.8288357825186 -2433.732017231011  0.00032473101293777003
2am1b2sa3w          -2442.243921998365  -2442.159045624857  0.00028467675166212044
2am3aq3sa           -2442.7123274030323 -2442.625526882545  0.00029113037225408515
1am1eda1ma3sa       -2443.1908969398623 -2443.1063890149844 0.0002834409689019378 
3am3sa1tma          -2444.3932717028324 -2444.307055121868  0.0002891718294966992 
1b2dma2sa1w         -2446.5105677467204 -2446.4243129450806 0.00028930002226988536
2dma3sa1w           -2446.984799466521  -2446.8964775026566 0.00029623331834420226
1am1b2sa4w          -2462.105172377561  -2462.0214653992325 0.00028075458101127265
1am4aq3sa           -2462.5661855894427 -2462.4808874098603 0.00028609149616758167
1b1dma2sa3w         -2464.2350426829184 -2464.1518658704276 0.00027897639607826866
1dma3sa3w           -2464.7066172829473 -2464.6208087384853 0.00028780326836176927
2ma3sa1tma          -2466.3938553538605 -2466.303819215565  0.00030198268755851686
1am1dma3sa1tma      -2466.397523901144  -2466.307903305256  0.0003005889514945519 
3dma1msa2sa         -2469.7551080726553 -2469.6612186652087 0.0003149066156180208 
4pz2sa              -2471.3526741655737 -2471.2501098818902 0.00034400229308549385
4put2sa             -2476.163054956365  -2476.0509466006065 0.00037601326768020945
1b2sa5w             -2481.9742999629602 -2481.8937594614044 0.00027013416587583667
3sa5w               -2482.427719936425  -2482.342381700047  0.00028622584731848846
1am1dma1eda3sa      -2482.4650851476304 -2482.376042544102  0.0002986503556219427 
4ma3sa              -2483.6689963323406 -2483.5770806327237 0.0003082867671207287 
2am2dma3sa          -2483.673153418525  -2483.5826388734376 0.0003035872718015514 
2am2dma1p3sa        -2484.0545587603215 -2483.957838452957  0.0003244015004687865 
3am3aq3sa           -2499.2538183215906 -2499.1633845856386 0.00030331623663279304
1b3dma2sa           -2505.181101603318  -2505.0875206913897 0.00031387191657962184
1am3sa2tma          -2505.665705104925  -2505.5755582445013 0.0003023540513963376 
1dma1ma3sa1tma      -2505.673644838917  -2505.581939554472  0.00030758103117602223
3dma3sa             -2505.6758796815643 -2505.584165387582  0.000307611249311694  
3dma1p3sa           -2506.043627405588  -2505.9468798180806 0.0003244929985157405 
2am1b2sa4w          -2518.6509144100683 -2518.563859373377  0.00029198402378477907
2am4aq3sa           -2519.119158633196  -2519.0292349840147 0.00030160539722041036
1am1eda3sa1tma      -2521.730486810206  -2521.6385574046753 0.0003083327369804883 
1dma1eda1ma3sa      -2521.738727945771  -2521.6480236148072 0.0003042238167493272 
1b2dma2sa2w         -2522.9222906143104 -2522.830912467659  0.00030648380564012116
2dma3sa2w           -2523.39377908097   -2523.3024611434735 0.0003062818631445339 
1am1b2sa5w          -2538.5181327484806 -2538.4312755407477 0.0002913205022070528 
1am5aq3sa           -2538.973826215412  -2538.8851396193463 0.0002974563007403363 
1b1dma2sa4w         -2540.6457453312078 -2540.5569608592405 0.0002977845781234738 
1dma3sa4w           -2541.1168031318143 -2541.025633860293  0.0003057832350197436 
1ma3sa2tma          -2544.937935485191  -2544.8443533834206 0.00031387590732963056
1eda1ma3sa1tma      -2561.007811003778  -2560.9132932729162 0.0003170140226789029 
2am3sa2tma          -2562.204341594475  -2562.109543178275  0.0003179554459162356 
1am3dma3sa          -2562.217675239816  -2562.121539145329  0.0003224420408750349 
1am3dma1p3sa        -2562.606175911907  -2562.5038774681425 0.0003431106616291886 
3am4aq3sa           -2575.672704708376  -2575.576746687844  0.0003218447779029056 
3dma3sa1w           -2582.079996452614  -2581.9811170236676 0.00033164322973803666
2am1b2sa5w          -2595.0631019906605 -2594.9697251886564 0.0003131873285399197 
2am5aq3sa           -2595.5288732411445 -2595.4342682504603 0.0003173066935584971 
1b2dma2sa3w         -2599.3252328346343 -2599.2303236035655 0.0003183271208076998 
2dma3sa3w           -2599.8025161718765 -2599.7075350429946 0.000318568267254927  
1dma1eda3sa1tma     -2600.279989542786  -2600.1826125214097 0.00032660413005666897
1b1dma2sa5w         -2617.0535303896736 -2616.9600374432157 0.0003135768789467807 
1dma3sa5w           -2617.524941412409  -2617.430212706407  0.0003177216367667404 
3sa3tma             -2623.4752229741293 -2623.3773783536276 0.00032817246520766975
2pz3sa              -2635.960280818815  -2635.872427757549  0.0002946606113237959 
2put3sa             -2638.38462719384   -2638.2953452114034 0.00029945323641388584
2ma3sa2tma          -2640.749107682517  -2640.647123418793  0.00034205689660978694
4dma3sa             -2640.759633549614  -2640.6568723718324 0.00034466267912764244
4dma1p3sa           -2641.155193242381  -2641.0492833279354 0.000355223593646223  
4msa                -2656.8136298628156 -2656.735208990712  0.00026302489385720244
3dma3sa2w           -2658.4960065777286 -2658.3940019794823 0.0003421250989305489 
3eda3sa             -2671.680789850322  -2671.5846790830205 0.00032235709307931195
1b2dma2sa4w         -2675.731638478264  -2675.6328447999126 0.00033135562083327317
2dma3sa4w           -2676.216514665145  -2676.116814164415  0.0003343971179949731 
1am3sa3tma          -2680.015466263172  -2679.913203530355  0.00034299088652299216
3msa1sa             -2692.739956640849  -2692.662615552385  0.00025940328178399356
2ca2sa              -2704.2101538481456 -2704.1034582651487 0.00035785873887945877
2pa2sa              -2704.222090354737  -2704.116196411175  0.00035517002703890316
1ma3sa3tma          -2719.290891559252  -2719.1832819525066 0.0003609243895535943 
2msa2sa             -2728.657167134678  -2728.581069164196  0.0002552338436428134 
3mea3sa             -2731.3001087574567 -2731.207087879969  0.00031199355186162426
3dma3sa3w           -2734.8951451657986 -2734.7884235929373 0.00035794590931206594
1b2dma2sa5w         -2752.144289798408  -2752.039552009288  0.0003512922660399703 
1pa3sa              -2752.3494182519366 -2752.2609477588376 0.0002967314878380129 
2dma3sa5w           -2752.6231249771677 -2752.517207515716  0.00035524890642850654
1msa3sa             -2764.5679394751332 -2764.490089902129  0.0002611087472883183 
1b3sa               -2800.0604526484244 -2799.986992068677  0.0002463879917735803 
4sa                 -2800.4868527960375 -2800.413165281392  0.0002471491351516843 
3dma3sa4w           -2811.3123260715233 -2811.2001463772717 0.0003762525381580474 
1dma3msa1sa         -2827.8447403976306 -2827.7556982496876 0.00029864882758028435
1am1b3sa            -2856.610376803049  -2856.531416182597  0.00026483521868913597
1am4sa              -2857.0472394034186 -2856.968760862359  0.00026321831648415216
1mbtca3sa           -2863.517350923646  -2863.4260779581064 0.0003061310264627072 
1dma2msa2sa         -2863.768203261821  -2863.681328443106  0.00029137956973006567
1b3sa1w             -2876.4753340522925 -2876.4015984513603 0.0002473104173476179 
4sa1w               -2876.8993549634165 -2876.8208235550123 0.0002633956344258843 
1ma4sa              -2896.3230274151265 -2896.2407644482846 0.00027591134275261323
1dma1msa3sa         -2899.684741609223  -2899.599489424252  0.0002859372294834791 
3pz3sa              -2903.746311502827  -2903.646702549313  0.0003340900671281815 
3put3sa             -2907.367867343317  -2907.259787487018  0.00036250161428378686
2am1b3sa            -2913.1624258024353 -2913.0813370493365 0.0002719730105613297 
2am4sa              -2913.609177400789  -2913.5267579492975 0.00027643619484063974
2homF2sa            -2919.334791790434  -2919.2298558618645 0.00035195682900967536
2mbtca2sa           -2926.554790235526  -2926.447171870694  0.00036095376431999197
1am1b3sa1w          -2933.0285314503867 -2932.9458006003388 0.0002774806307153014 
1b1dma3sa           -2935.1543267694847 -2935.0714837134733 0.0002778569713618586 
1dma4sa             -2935.600814655214  -2935.515656485216  0.00028562190172131796
1b3sa2w             -2952.88595075507   -2952.8070545251326 0.00026461925184535654
4sa2w               -2953.315617554418  -2953.2316589527636 0.00028159852978152197
2dma3msa1sa         -2962.945768973375  -2962.8462907178864 0.0003336517038016968 
3am1b3sa            -2969.710468131432  -2969.623615366729  0.0002913056002111521 
3am4sa              -2970.164504051209  -2970.077731816716  0.0002910355005622271 
3am1p4sa            -2970.519360873609  -2970.4265995946544 0.000311122854116117  
1am2homF2sa         -2975.888060834916  -2975.778197760208  0.0003684825581345961 
3mbtca1sa           -2989.5685635190184 -2989.4410725308844 0.00042760686947540327
2am1b3sa1w          -2989.570892463635  -2989.484653262467  0.00028924769803196943
1eda4sa             -2990.953083580447  -2990.8717089787315 0.0002729317515201354 
1am1dma4sa          -2992.158495064505  -2992.0686776817793 0.00030124897778211835
2ma4sa              -2992.158957897123  -2992.069370466617  0.0003004777142576699 
2homF2sa1w          -2995.7424491245524 -2995.6336456474414 0.00036492865038001594
2dma2msa2sa         -2998.8696711413622 -2998.7717540432477 0.0003284155563123968 
1am1b3sa2w          -3009.437454174875  -3009.3514425700982 0.0002884843359940825 
1b1dma3sa1w         -3011.573879795541  -3011.486230180803  0.00029397824832490325
4am4sa              -3026.7231355523227 -3026.631116281022  0.00030863414825005667
4am1p4sa            -3027.0820315110773 -3026.9850694107336 0.0003252124780945185 
1b3sa3w             -3029.2933667452025 -3029.2082059286713 0.0002856307782359324 
4sa3w               -3029.7304018491336 -3029.644631471565  0.0002876752559748363 
2dma1msa3sa         -3034.793021349778  -3034.695637814416  0.0003266259780715794 
2am1dma4sa          -3048.716420068038  -3048.624662846436  0.0003077552292535311 
1dma2homF2sa        -3054.437476861438  -3054.3220725215306 0.00038706805268323556
2am1b3sa2w          -3065.9779631077395 -3065.886855767618  0.000305575516088316  
1pz4sa              -3068.3098891566947 -3068.221087679069  0.00029784161538005477
1put4sa             -3069.5283360603867 -3069.439500183173  0.0002979569921631399 
1b2dma3sa           -3070.2533730171367 -3070.160886643797  0.0003102008161663538 
2dma4sa             -3070.70857907491   -3070.614920351121  0.0003141328988410318 
5am4sa              -3083.2590728920163 -3083.1640408346075 0.00031873908237065913
5am1p4sa            -3083.6386214201993 -3083.537689575722  0.0003385270651587954 
1am1b3sa3w          -3085.8395894377722 -3085.748684036098  0.00030489821121631425
1b1dma3sa2w         -3087.970147421625  -3087.878175373544  0.0003084757607947794 
3ma4sa              -3087.9862462953906 -3087.89031182725   0.0003217657827962835 
2am4sa1tma          -3087.987751946586  -3087.8917961800335 0.00032183721801829374
3dma3msa1sa         -3098.043239188986  -3097.9327688317285 0.0003705193937858158 
3am1dma4sa          -3105.2678067491843 -3105.1665180440377 0.00033972398170860487
3am1dma1p4sa        -3105.632796160763  -3105.5312670525636 0.0003405302975000397 
1b3sa4w             -3105.697416684115  -3105.6087960375044 0.0002972351051841965 
4sa4w               -3106.1430154917857 -3106.053422280644  0.00030049710260403686
1am2dma4sa          -3127.268112238761  -3127.1696754374225 0.00033015864946731423
3dma2msa2sa         -3133.96994441002   -3133.862729385708  0.000359600953587908  
3am4sa1tma          -3144.542308406271  -3144.4423922076267 0.0003351205723436016 
1b2dma3sa1w         -3146.6589846425186 -3146.560731029773  0.00032954423191563126
1b1dma3sa3w         -3164.3699783896864 -3164.2711199106852 0.0003315729632768878 
2ma4sa1tma          -3166.539293614361  -3166.435357648893  0.0003486029363344286 
3dma1msa3sa         -3169.896923232308  -3169.789711155894  0.0003595910662885028 
4pz3sa              -3171.525266685503  -3171.411190498992  0.0003826134043652805 
4put3sa             -3176.3421646198085 -3176.2228068840523 0.0004003278073328862 
1b3sa5w             -3182.106240984783  -3182.014012092954  0.00030933721894727873
4sa5w               -3182.5554461688516 -3182.4595448660493 0.00032165454570615544
4ma4sa              -3183.8170026808484 -3183.711934607987  0.0003524000431376978 
2am2dma4sa          -3183.818633858038  -3183.716694773833  0.00034190536376067066
2am2dma1p4sa        -3184.1890598929    -3184.079782515214  0.0003665181206968654 
1b3dma3sa           -3205.336681081378  -3205.23359715203   0.00034574519318419483
3dma4sa             -3205.8085448777    -3205.7036051902423 0.0003519694363836707 
1am4sa2tma          -3205.8086877835162 -3205.706105142843  0.0003440638627308249 
3dma1p4sa           -3206.1775173028627 -3206.0719932859347 0.0003539292870297316 
2mea4sa             -3221.1247059403095 -3221.0297370976937 0.0003185270589161757 
1b2dma3sa2w         -3223.0652373953176 -3222.964021801167  0.00033947876622692326
4dma3msa1sa         -3233.133268519913  -3233.010936690871  0.0004103029650925371 
1b1dma3sa4w         -3240.791158361923  -3240.6911163797945 0.00033554245221667777
1ma4sa2tma          -3245.081412060814  -3244.976643396247  0.0003513958227976728 
2am4sa2tma          -3262.3578330863456 -3262.252054849014  0.0003547819464420795 
1am3dma4sa          -3262.3585344485296 -3262.2480685326623 0.0003705044972905939 
1am3dma1p4sa        -3262.733638569248  -3262.620870494726  0.00037822597525332844
4dma2msa2sa         -3269.0641119188085 -3268.945897059219  0.00039649458188695263
4dma1msa3sa         -3304.9869037223857 -3304.8710013967884 0.0003887383048716272 
1b1dma3sa5w         -3317.2016345924426 -3317.099336824778  0.000343108393976718  
2pz4sa              -3336.095563070389  -3335.994168275592  0.0003400798081387901 
2put4sa             -3338.53748709583   -3338.4347972984488 0.0003444232680906922 
1b4dma3sa           -3340.419887613646  -3340.305472642337  0.0003837496941440638 
4dma4sa             -3340.9081482805477 -3340.790709813166  0.00039389054966258523
2ma4sa2tma          -3340.9082251355594 -3340.794840830494  0.0003802928226240838 
4dma1p4sa           -3341.282611473409  -3341.1642410999525 0.0003970161779520436 
1am4sa3tma          -3380.17649987637   -3380.062899664651  0.00038101697708910296
3msa2sa             -3392.859663856726  -3392.7695195038023 0.0003023456412004803 
1ma4sa3tma          -3419.4476173618364 -3419.329818211304  0.0003951002868768376 
2msa3sa             -3428.7761077003443 -3428.6863921750064 0.0003009073464285788 
1pa4sa              -3452.4809219549334 -3452.379102591016  0.0003415038199481283 
5dma4sa             -3475.9982648430905 -3475.873020955089  0.00042007005870097944
5dma1p4sa           -3476.3911089276326 -3476.2610250386947 0.0004363035013849239 
1b4sa               -3500.183110037969  -3500.097286874847  0.00028785229958664364
5sa                 -3500.6051953678766 -3500.51273147444   0.0003101254182008276 
1am1b4sa            -3556.744860924143  -3556.655946446154  0.0002982206204554507 
1am5sa              -3557.1703910744336 -3557.078749699095  0.0003073666789824588 
1mbtca4sa           -3563.6405222538883 -3563.5381195531813 0.00034346034112732547
3pz4sa              -3603.879939964097  -3603.7676631793015 0.0003765781814378014 
3put4sa             -3607.5188186107    -3607.400713236134  0.00039612736731762133
2am1b4sa            -3613.2992683264033 -3613.205493946895  0.00031452081002393   
2am5sa              -3613.73124284801   -3613.6349268567437 0.000323045417630031  
2mbtca3sa           -3626.689970523709  -3626.571701401181  0.0003966765806727542 
1b1dma4sa           -3635.2886572022057 -3635.1923293443824 0.00032308521825697307
1dma5sa             -3635.724180108845  -3635.6268428631415 0.00032647072179487895
3am1b4sa            -3669.859079494539  -3669.7610499740813 0.0003287926226985771 
3am5sa              -3670.3022814456704 -3670.202067644727  0.0003361187353460382 
3mbtca2sa           -3689.7032257786395 -3689.563119042218  0.0004699202965672126 
1b1dma4sa1w         -3711.7044735246022 -3711.6055915725583 0.0003316516922483276 
4am1b4sa            -3726.391236243866  -3726.2886004156917 0.0003442422544839352 
4am5sa              -3726.850249506796  -3726.7442601425437 0.0003554900696040202 
5am5sa              -3783.4137637928325 -3783.3027969684017 0.00037218455284517953
5am1p5sa            -3783.7695048128435 -3783.6568779859986 0.00037775222822402434
1b1dma4sa2w         -3788.104056851321  -3788.0003185874984 0.00034793984176524444
1b1dma4sa3w         -3864.51147416501   -3864.402994271419  0.00036384334593548775
4pz4sa              -3871.671311766666  -3871.5460193045747 0.0004202329769957342 
4put4sa             -3876.508206594898  -3876.3770987849616 0.00043973774924153437
1b1dma4sa4w         -3940.9307886842507 -3940.8186040220667 0.00037626920068412826
1b1dma4sa5w         -4017.3433624960157 -4017.2269328670127 0.0003905068891596916 
3msa3sa             -4092.9826254535687 -4092.8814841051258 0.0003392297449032619 
1b5sa               -4200.3181954621605 -4200.2204214605235 0.00032793560837403985
1am1b5sa            -4256.879179625939  -4256.778722960866  0.00033693330562976795
2mbtca4sa           -4326.807037159702  -4326.673301634742  0.0004485511486199463 
1b1dma5sa           -4335.4246354012985 -4335.316527268843  0.0003625964529771889 
3mbtca3sa           -4389.826928076736  -4389.675012961265  0.0005095257939695259 
1b6sa               -4900.441185897349  -4900.332030284598  0.0003661097191061204 
1am1b6sa            -4956.997559166354  -4956.884034526317  0.00038076350842522445
