#CLUSTER             ddG_298.15K_[Eh]       ddH_298.15K_[Eh]     ddS_298.15K_[Eh/K]
3sa4w                3005.0581492197234     2937.8808315126807   -225.31382762557874
4put                 18.779496615286916     -23.81574235414155   -142.86513154252313
4ma                  16.17700675604283      -14.323298074974446  -102.29852366606549
4dma                 14.430343373911455     -17.553505451243836  -107.27435460364816
4am                  14.203304654132808     -11.203709815017646  -85.21554408558615
3put                 14.089491398946848     -13.666259325749706  -93.09324408770689
1dma6w               13.953697538527194     -45.28629706229549   -198.69191548205742
1dma5w               11.109487220121082     -36.42710801537032   -159.43852166835217
3ma                  11.063933617057046     -8.542879680957412   -65.7615740334377
1dma4w               10.045168853946961     -28.74303454355686   -130.0962716669926
1sua5w               9.123304677719716      -42.521368749730755  -173.21708343966066
1dma1eda1fa1msa      9.081716956628952      -27.952839128789492  -124.21450976180643
3am                  8.787033385771792      -7.211612751780194   -53.659722077936266
1eda1fa1ma1msa       8.412470823444892      -27.485357423021924  -120.40190590815043
1eda1fa1msa1tma      8.38460049648711       -27.337816847633803  -119.8135748592726
1sua6w               8.354428882419597      -54.20115263311891   -209.81244848421
1dma1sua4w           7.9907018123194575     -46.80642236722633   -183.79045507188363
2tma                 7.672222323570168      -0.8041729097894859  -28.42996891988807
2put                 7.270944059244357      -7.14184773148736    -48.34074053555538
1sua3w               6.5318480468704365     -24.65441466565244   -104.59923767417877
1dma1sua6w           6.454654554196168      -69.30568836681778   -254.10143525511666
2ma                  6.2807916445308365     -2.647630287014181   -29.946073894213598
1dma3w               6.258763022633502      -21.72846927974024   -93.86963710375079
1eda1tma             6.196986993018072      -3.218489628561656   -31.579663329202674
1sua4w               6.116132884053513      -33.57214270334225   -133.11512858421958
1dma1tma             5.918167093579541      -3.548573277395917   -31.751602787227498
1eda1ma              5.781291669176426      -4.560424863950175   -34.686287214774126
2dma                 5.738159527536482      -4.062750352517469   -32.87241281254673
1ma1tma              5.703889400727348      -3.188342124747578   -29.824690677382605
1dma1eda             5.647310466025374      -5.2162312549044145  -36.43649747097375
1dma1ma              5.625544387454283      -2.952460869702918   -28.770770609379028
2eda                 5.523162335128291      -6.741372330056038   -41.135450831028265
1dma1sua5w           5.47752321587177       -60.34091037494363   -220.75610796919096
1am1ma               5.429244684179139      -1.59196568220068    -23.54925496012487
1ma2w                5.327086803692509      -12.380949280923232  -59.39304405372927
1sua2w               5.165462085918989      -15.295235553727252  -68.62551614858802
1am1dma              5.099646143993596      -2.46148468850879    -25.36015707702107
1am1eda              5.030278823032859      -4.027559819762246   -30.380139670512904
1dma2w               4.747143914137268      -12.989508454920724  -59.48902354205289
1am1tma              4.566479173852713      -2.7948598747025244  -24.690052150131407
1dma1sua1w           4.505489529808983      -18.073606158359325  -75.7306580183373
1sua1w               4.261979669274297      -5.787403543057735   -33.705796452427414
1homF1w              3.901963251933921      -7.408202725273441   -37.93448256645873
2am                  3.6836122904351214     -1.69396058395796    -18.036467799464134
1fa2tma              3.6299761478730943     -17.20870590634877   -69.89328208681958
2eda1fa1msa          3.2117563858046196     -34.239248517900705  -125.61128594300352
1b2dma               2.9971693325205706     -19.67498931643786   -76.04279271846806
2am1b                2.8786941537400708     -14.968890003568958  -59.86109058323041
1am1homF             2.817964071116876      -6.432649067195598   -31.0267084966777
2am1nta              2.7694502439990174     -16.342778099759016  -64.10272796812748
1am1fa1tma           2.7179929431149503     -16.188162849241053  -63.411557244544056
1fa1ma1tma           2.568293781601824      -17.87476866011275   -68.56636740491713
1dma1w               2.559807037934661      -5.838654162522289   -28.168576892579985
2fa2tma              2.5075240606965963     -31.094720585242612  -112.70248078507478
1dma1sua3w           2.364960838574916      -40.49751640687464   -143.76145311233847
1dma1sua2w           2.2677597783040255     -30.188589516008506  -108.85912894272903
1dma1homF            2.2610847931937315     -9.532536354556214   -39.555999153637956
1ma1w                2.16036618387443       -5.3853004978227546  -25.308290061104508
2nta                 2.1237137496937066     -8.777036997082178   -36.56129715509584
1eda1fa1ma           1.856442381234956      -20.82193121198361   -76.06363774357496
1dma1fa1tma          1.7608355808042688     -18.911267560892156  -69.33457367680896
1am1b                1.6519370016176254     -8.36985535104759    -33.61325625552929
1fa2ma               1.59139994753059       -18.476693470729515  -67.30871513762023
1sa6w                1.5683754445635714     -59.27945904160151   -204.0846368823966
1eda1fa1tma          1.5487671731825685     -19.96650979849801   -72.16259256004767
2am1fa               1.4887780600547558     -16.56869176471082   -60.56505056118982
1am2nta              1.3898921789950691     -19.226795842288993  -69.14871045248543
2dma1fa              1.35398493160028       -19.86720794822031   -71.17622968267948
2homF                1.3416276031639427     -16.242405306198634  -58.97713536459881
1am1fa1ma            1.240497569917352      -18.46605502503371   -66.09610127432664
1am2fa1tma           1.1648428827611497     -30.019034725613892  -104.59123799615976
1am1dma1fa           1.1629011011391412     -17.652291521793813  -63.10646527915216
2eda1fa              1.1231962865858804     -22.101213614470907  -77.89505249407735
2am2fa               1.0560440052649938     -28.236888333485695  -98.24897648439122
1am1eda1fa           1.0537277432886185     -19.094038825540338  -67.57594019390264
1dma1fa1ma           1.0261271951749222     -20.084776435665844  -70.80631772896332
1b1dma               0.9982386521878652     -10.924366295424988  -39.98861293826279
1dma1eda1fa          0.8094331068132306     -21.403608374443138  -74.50290619237191
1sa5w                0.7633639738778584     -49.4159830849967    -168.3023547169823
1oa1sa5w             0.3188970826449804     -65.26779757690383   -219.9788517842357
1dma2fa1tma          0.0018799454410327598  -33.69851542217657   -113.03167991855194
1w                   0.0                    0.0                  0.0
1triAABmda           0.0                    0.0                  0.0
1tma                 0.0                    0.0                  0.0
1teAABBmda           0.0                    0.0                  0.0
1sua                 0.0                    0.0                  0.0
1sa                  0.0                    0.0                  0.0
1put                 0.0                    0.0                  0.0
1pha                 0.0                    0.0                  0.0
1pda                 0.0                    0.0                  0.0
1pa                  0.0                    0.0                  0.0
1oa                  0.0                    0.0                  0.0
1nta                 0.0                    0.0                  0.0
1msa                 0.0                    0.0                  0.0
1mea                 0.0                    0.0                  0.0
1mda                 0.0                    0.0                  0.0
1mbtca               0.0                    0.0                  0.0
1ma                  0.0                    0.0                  0.0
1homF                0.0                    0.0                  0.0
1fa                  0.0                    0.0                  0.0
1eda                 0.0                    0.0                  0.0
1dma1p               0.0                    0.0                  0.0
1dma                 0.0                    0.0                  0.0
1diABmda             0.0                    0.0                  0.0
1diAAmda             0.0                    0.0                  0.0
1ca                  0.0                    0.0                  0.0
1bda                 0.0                    0.0                  0.0
1b                   0.0                    0.0                  0.0
1am1p                0.0                    0.0                  0.0
1am                  0.0                    0.0                  0.0
1am2fa1ma            -0.32861047370533925   -32.212889001755684  -106.94039419135228
1pha1w               -0.4917657285113819    -10.577700050824205  -33.82838947572265
2fa2ma               -0.5984392688551452    -33.293799608087284  -109.66077591521022
1fa1ma               -0.7591522055008681    -11.268783027342579  -35.24947449888809
1nta2tma             -0.767507374228444     -22.317893996834755  -72.28035090665428
1msa1nta             -0.7793372228334192    -12.568966501450632  -39.542610359272174
1am1ma1nta           -0.8889362191839609    -21.422564169304678  -68.87012560852808
1nta1sa              -1.0204581166035496    -12.128739190287888  -37.25735728251473
1fa1nta              -1.1183648723817896    -12.232002191012725  -37.27532221573563
1am1b1w              -1.1225608828826807    -21.539249699315405  -68.47790983223302
1am1fa               -1.1323803636769298    -9.895268476058845   -29.39087074432561
2fa1ma1tma           -1.1852153617073782    -33.329102538205916  -107.81112586488919
2ma1nta              -1.331337303854525     -22.695825670671184  -71.65684510073788
1oa1sa4w             -1.337204176292289     -56.64951300248504   -185.51839284203515
1eda2fa1tma          -1.381976127406233     -35.982776079385076  -116.05165169262244
1am1nta1tma          -1.3943006004410563    -21.452090635051718  -67.2741574195961
1oa1sa3w             -1.4283716010977514    -44.19930838450091   -143.45442489833772
1oa1sa6w             -1.667762242781464     -76.90403882641112   -252.34370814589823
1oa1sa               -1.669228416401893     -12.768531713809352  -37.227245673604386
1sa1w                -1.676502189366147     -10.846983198818634  -30.757944019560973
2pa                  -1.6795933607500046    -19.22715806728229   -58.85482041333759
1am2fa               -1.7714569659437984    -20.765442320232978  -63.70613903851957
1sa2w                -1.9749406017945148    -21.09874298775685   -64.14154749604623
2fa1ma               -1.9921067717223195    -23.137643786489207  -70.92247866798742
1dma2fa1ma           -2.0762104433815693    -35.366348778763495  -111.65567108994536
1eda1fa              -2.1800487191503635    -13.63457666762406   -38.418674990785405
1dma1fa              -2.1832182832586113    -12.361710410375963  -34.138829874899
1b1dma1w             -2.19264811987523      -23.407675439448212  -71.15555029168561
1ma1nta1tma          -2.199427562285564     -22.721131196041824  -68.83013125570051
1am1pha              -2.5246121690724976    -12.193572574527934  -32.42985210600942
1oa1sa1w             -2.5452762683853507    -23.76010485003644   -71.15488372138614
1fa1tma              -2.565552430183743     -12.89468061910884   -34.64406570161897
2am1msa              -2.5709376358427107    -23.19441570888739   -69.17148439714745
1sa3w                -2.6312723189475946    -31.630670537997503  -97.26445822197887
1am1dma2fa           -2.647420869092457     -34.29110308777308   -106.1334302149709
1am1b5w              -2.658172130060848     -62.768222911749035  -201.61009821024737
1sa4w                -2.7179423847119324    -42.0727073213784    -131.9965283802602
1eda2fa1ma           -2.881538817935507     -37.12524690175633   -114.8539596979438
1oa1sa2w             -2.917941404564772     -34.494419690949144  -105.90802712125287
1eda1ma1nta          -2.933988821489038     -25.83983611103031   -76.82658825960543
2fa1tma              -2.95930067160225      -24.365349262952805  -71.79623877719527
1am1eda1nta          -2.9717313814617228    -24.71563161496306   -72.92939873759377
1am1nta              -2.981928812805563     -11.979016009281622  -30.176378321421097
1am1eda2fa           -3.13890707725659      -35.33879852396785   -107.99896510726381
1homF1sa             -3.2592474176199175    -18.548396708560176  -51.28005799295212
2fa                  -3.270531343354378     -14.464328519330593  -37.54417969490083
1eda1nta1tma         -3.2925779093493475    -26.208124864002457  -76.85912109556423
1am1msa              -3.333885060856119     -13.260812664637342  -33.295078328885296
1ma1nta              -3.483212631981587     -14.096178089617752  -35.59606056566426
1b1w                 -3.566670569416601     -12.748496796630207  -30.795996065859576
1dma1ma1nta          -3.6359675785934087    -25.687562510196585  -73.96141181167243
1ma1msa              -3.644634294847492     -15.287810647918377  -39.05140484016077
1fa1msa              -3.6635614480474032    -15.791062995791435  -40.67583950339497
1ma2nta              -3.6735907780821435    -26.63511245738482   -77.01332107776628
1eda2fa              -3.7884188449243084    -26.533772590424633  -76.28829027547961
1am1b2w              -3.8547021750709973    -33.34485200661584   -98.91044719584346
1dma2fa              -4.192365821392741     -26.50017951661721   -74.82077375538843
1dma1nta1tma         -4.199951350907213     -26.50442549455329   -74.80957284429515
2eda2fa              -4.250950310699409     -40.016695989412256  -119.95889880497631
1nta1tma             -4.439662853008485     -15.200748001370812  -36.09285644255486
1b1dma2w             -4.523318789084442     -36.53100599022582   -107.35430890915059
1dma1nta             -4.732612313266145     -15.468801672395784  -36.00935555638074
1msa2tma             -4.838700315536698     -27.226330374425743  -75.08847915114994
1fa1sa               -4.858975059178192     -16.192389193514828  -38.012457267800315
1am1b4w              -4.936389422218781     -54.94282394525362   -167.7224032297412
1am1dma1msa          -5.196010011131875     -26.5119090807857    -71.49387579979376
1am1b3w              -5.202979438647162     -46.0300703876419    -136.93473402323525
1pa1sa               -5.275488795188721     -17.680707905674353  -41.6073087713702
2dma1nta             -5.339270118245622     -27.498727848404087  -74.32318541061589
1am1sa               -5.402487485611346     -14.571902136085555  -30.754367434249886
1am1dma1nta          -5.413961300946539     -26.06767479100381   -69.27289448284972
1am1msa1nta          -5.459223239595303     -27.806033687258605  -74.95156950409407
2sa                  -5.508116935030557     -17.071923069655895  -38.785195823423464
1b2w                 -5.710945479746442     -25.39822804564028   -66.03146927999893
1b1dma5w             -5.733647831249982     -67.67063791854889   -207.73768266836402
1dma1msa             -5.75903526332695      -18.11401164205745   -41.438793824698124
1b1dma3w             -5.866174884024076     -48.663886423950316  -143.54422787237462
2homF1sa             -6.191387369821314     -38.29236484883586   -107.66720603356828
1homF1sa1w           -6.266590462240856     -32.304134117250214  -87.33034933788488
1dma1eda2fa          -6.354825133108534     -40.79118636107887   -115.50012150969393
1am1ma1msa           -6.501084297779016     -28.172758732107468  -72.68715222003924
1ma1msa1tma          -6.642634035917581     -29.72797119783354   -77.42860024158301
2am2nta              -6.775559312547557     -38.07451371283969   -104.97720744724592
4msa                 -6.82146613788791      -48.13427617843263   -138.56384383854297
1eda2nta             -6.854712822532747     -30.95293693075655   -80.82583970588817
2dma2fa              -6.929255676397588     -40.894179038965376  -113.91891116120894
2homF1sa1w           -6.944257265480701     -49.550885887336335  -142.903332622474
1eda1msa             -6.947692922782153     -20.3074501886731    -44.8088454329705
1ma1sa               -7.024878314463422     -17.454430596670136  -34.98088976078634
1am1msa1tma          -7.0372410976706306    -28.346411287231604  -71.47130702574246
2ma1msa              -7.096428061311599     -30.857155395497102  -79.69386997940278
1dma1eda1nta         -7.212638548546238     -30.13518010644475   -76.88258110996733
1mbtca1sa            -7.245771325309761     -21.15587677009171   -46.65472226930051
2sa1w                -7.277997663593851     -29.39489927868999   -74.1804515011147
3am1sa               -7.437449103977997     -36.475611500267405  -97.39447390941723
1dma2nta             -7.579783969849814     -30.918540033861063  -78.2785714036375
4am1sa               -7.620564691314939     -46.91812169161858   -131.80465202221416
1b3w                 -7.68304073048057      -37.49073648324702   -99.97550143448542
1eda1msa1tma         -7.716502216659137     -32.45173969658208   -82.96239302434903
1msa1sa              -7.724173037917353     -20.938638285093475  -44.321533615016506
1am1nta1sa           -7.928631049173418     -28.846718222484924  -70.15960816126584
1dma1p1sa            -8.001981535635423     -17.9662639645976    -33.42036702600305
2am1dma1sa           -8.008947453810833     -39.432441422424745  -105.3949152063381
2nta1tma             -8.066069865613827     -30.70710785567644   -75.93841351716418
1b4w                 -8.07333139347611      -49.315566250064876  -138.3271335121992
1homF2sa             -8.13238209974952      -36.84165685495827   -96.29137935642586
1b1dma4w             -8.270515851443633     -61.08810508143506   -177.15106231735547
1b5w                 -8.36041432939237      -60.05604648333974   -173.3879998455095
2msa                 -8.735519986134022     -22.38927311869338   -45.79491240183509
1dma1sa6w            -8.769509280857164     -81.05743616336258   -242.4548947926338
1homF2sa1w           -8.896610314492136     -48.14345217360824   -131.63455260381446
2sa4w                -8.916722207446583     -63.88648710568668   -184.36949487888074
1am1eda1msa          -9.017019162536599     -31.751380066387355  -76.25142010364888
1pha1sa              -9.070299346931279     -21.351270819897763  -41.19058015282414
2sa2w                -9.105265389895067     -40.971329474909     -106.87930264912733
1fa1msa2tma          -9.150251533224946     -44.437406702840235  -118.35369837243802
1dma1msa1tma         -9.338899356211186     -32.854028609843226  -78.87012998042681
2sa3w                -9.440983887645416     -52.535216095042415  -144.53876306413412
2am1sa               -9.56439219135791      -27.59965608129278   -60.4905714905737
3sa                  -9.761562698055059     -33.274879032047465  -78.86404941975772
1am1ma1sa            -9.773935893957969     -30.660993410623632  -70.05553418314432
1am1fa1msa           -9.83763834607089      -30.84141276893206   -70.44700460469862
2homF2sa1w           -9.975486367824487     -66.92261599485937   -191.00160867645906
2sa5w                -10.037228597910143    -74.70910070976242   -216.91052192421498
1ma1sa1w             -10.116698260593694    -30.889928988573956  -69.67375726294338
1eda1sa              -10.157631228445098    -22.408713258628268  -41.09033047194045
1am1fa1sa            -10.218874113226775    -31.043362272379454  -69.84567552910659
1bda1sa              -10.258261379785836    -22.514793409849517  -41.10860986093785
2msa1sa              -10.287306549202185    -36.64737836731365   -88.41211409847338
1sa1tma3w            -10.325867779320106    -53.015786506206496  -143.1826890048729
2ma1sa               -10.332207609259058    -32.29368471563794   -73.65915514480761
2am1fa1msa           -10.49326208239654     -43.026107791112736  -109.11569917405178
1pa2sa               -10.586081035202369    -36.61202079814393   -87.291429693453
1dma1eda1msa         -10.589027853799053    -35.67992130538914   -84.15526899799131
2pha                 -10.591260150191374    -23.476505094673485  -43.21732330760561
2pa1sa               -10.604001030151267    -41.32265950465808   -103.03088537418597
1ma1msa1nta          -10.780841775034787    -34.75140326452674   -80.39765718464007
1sa1tma2w            -10.95864485904167     -41.94581563601969   -103.93148005026094
1am1fa1msa1tma       -11.018189865993918    -43.88522630490479   -110.2365803750447
1ca1sa               -11.052948637341615    -26.091222293151077  -50.43861699090847
4ma1sa               -11.06496604590211     -56.213570672029164  -151.4291619189103
2ma1sa1w             -11.153498516127001    -43.54458247420553   -108.64022793261324
1dma1sa              -11.2352122492739      -21.52498220227426   -34.5120575312164
1am1dma1p            -11.34694585345278     -19.915124800798367  -28.737813004541295
2homF2sa             -11.422319775330834    -57.358964326558635  -154.07226077899531
1fa1msa1tma          -11.489717618111172    -35.20424876434845   -79.53892720544567
3sa1w                -11.537490518298       -47.38422999197792   -120.23055332490779
2ca                  -11.573528274078853    -29.57615996536333   -60.38112255946962
1sa1tma1w            -11.638529418167309    -31.98506818014721   -68.24262539645733
1mbtca2sa            -11.65164048934821     -39.45399254967924   -93.24954573398314
3ma1sa               -11.690606510848738    -45.043965416552965  -111.86771392123154
1sa1tma              -11.787791160415509    -22.356506191863446  -35.447643908928285
2dma1msa             -11.870780096913222    -35.707069275842514  -79.94730564786552
3sa2w                -12.061773829394951    -59.00601656999788   -157.4517616653195
1msa2sa              -12.088267432409339    -38.1918201452354    -87.55174480266707
1am2msa              -12.159365082741715    -35.88096876896452   -79.56264862131489
1diAAmda1sa          -12.194138302409556    -24.08539772371296   -39.883479528404095
1dma1sa5w            -12.323169072915334    -74.30017583532026   -207.8718992537453
1mea1sa1w            -12.362125180021394    -34.84181227812951   -75.39723997307593
1am2nta1tma          -12.374042742550955    -43.93690190746565   -105.86234836498933
1dma1sa4w            -12.506579892768059    -64.81123556231614   -175.43067472651438
1am1eda1sa           -12.609294632566161    -34.030733594612684  -71.8478583328674
1sa2tma2w            -12.640848266280955    -54.85813269994105   -141.59746581881524
1ma1sa3w             -12.67608063906664     -52.621428314072546  -133.97735259140504
2dma1p               -12.699683794562588    -23.767703022327623  -37.12231838932486
2mbtca1sa            -12.734431916789617    -43.13339697470656   -101.95862840009735
2eda1msa             -12.747462298546452    -39.43395046098158   -89.50691988139677
1am1homF1sa          -12.875517944979947    -38.748144306242466  -86.77721402261453
2am1fa1sa            -12.926333691051695    -44.23388721636729   -105.00604905348726
1eda1ma1sa           -13.14350771298632     -36.057968113571405  -76.85547677545519
1ma1sa2w             -13.164474371878896    -43.17429052005173   -100.65341656289341
1am1dma1sa           -13.197196425986476    -33.785242679703515  -69.05264549266947
3msa                 -13.225619924953207    -39.98573618964292   -89.75386974689314
1msa3sa              -13.25995909422636     -50.69954073452391   -125.57297212844837
1sa1teAABBmda        -13.348933498869883    -25.488905075733783  -40.71766418488643
1ma1nta1sa           -13.417076867714059    -34.73169749986846   -71.489587898684
1sa1triAABmda        -13.559738996205851    -25.462095342751127  -39.92069879790141
1am1p1sa             -13.706429806596134    -20.274170278396923  -22.02830948069837
1dma1sa1w            -13.749110641889274    -34.41748057572113   -69.32205243643648
2ma1sa2w             -13.767001677013468    -55.72166274560732   -140.7166227359334
1diABmda1sa          -13.810046294413041    -25.769646661588922  -40.112696183012105
1sa2tma1w            -13.886266831628745    -46.09013852888893   -108.01231493298468
1msa1nta1tma         -13.894419844596996    -37.943715909466846  -80.66173424431835
1pda1sa              -13.901049282343592    -26.475330798130017  -42.17434685826103
1dma1sa3w            -13.907224840077106    -55.24331049172906   -138.64191062123035
1dma1ma1sa           -13.907301271799952    -36.318495603860356  -75.16751411072192
1fa1ma1msa1tma       -13.919776966926293    -49.08211961147026   -117.93507511180597
1am2dma1sa           -13.939644439786207    -47.34515513421502   -112.04263187785646
1dma1sa1tma          -14.056935030166642    -36.11658681681729   -73.98843463581748
1mda1sa              -14.062320155207999    -26.17988266289467   -40.642503799168026
1sa2tma              -14.079134031984722    -36.62948653870262   -75.63425291523211
4dma1sa              -14.122918211331125    -62.051573490316514  -160.75349749856525
1fa1ma1msa           -14.125160227820743    -37.34151912032394   -77.86804927884165
1am1ma2nta           -14.186897412524559    -45.59172540175496   -105.33230920469205
1eda1sa1tma          -14.397939463276998    -37.99997190394788   -79.16160469672147
2ca1sa               -14.567861268122215    -45.883845757634845  -105.03432664446265
1am2homF1sa          -14.620565693883691    -57.69399801950203   -144.4689999172915
3msa1sa              -14.63964799704263     -55.219452077464666  -136.1053298024814
2dma1sa              -14.657744841708336    -36.97158980171662   -74.84100271641381
1dma1sa2w            -14.659326299850363    -45.93637491532718   -104.9037350852166
1fa1ma1sa            -14.727334576135036    -37.28616493032314   -75.6626877551556
1dma1msa1nta         -15.045937453192892    -39.131432734953705  -80.78314701302092
2eda1sa              -15.05062324757455     -40.05827630351996   -83.87607934240745
1ma1sa1tma           -15.111670910744579    -37.67555795141379   -75.67964796460677
1put1sa              -15.243404723354615    -28.90631026070332   -45.82560971768115
3dma1sa              -15.281979953520931    -50.06757470156299   -116.67145647520476
2am1msa1nta          -15.35463633495965     -47.34981519164285   -107.31235571615821
1pa3sa               -15.379629517672583    -57.03210372827016   -139.70308304878972
2am1nta1sa           -15.70240501005901     -47.71851008851081   -107.3825426070283
1am1sa1tma           -15.705981725724996    -35.972411660215585  -67.97393907268237
4sa1w                -15.717711235862225    -61.856639166755485  -154.7507225575483
1am1eda1fa1msa       -15.81760846072575     -50.18097697105259   -115.25530273431335
1am1eda2nta          -15.876003243902232    -49.029030768724624  -111.19579917783902
1eda1fa1msa          -15.881115430674981    -40.31052187283058   -81.93663069609333
4sa                  -15.89372490090318     -54.53443721472286   -129.60158414618627
1ma2nta1tma          -15.919971007926506    -49.65695586646325   -113.15440167213521
1am1fa1ma1msa        -15.922475167375524    -48.36205979535589   -108.80289997680023
3sa3w                -15.945740239927545    -73.1676207263954    -191.92312757474443
1ca2sa               -15.993195586954243    -45.11077099025715   -97.66082644114867
2ma2nta              -16.008092210337054    -50.77776156476466   -116.6180424428058
2msa2sa              -16.01898712757975     -55.96827803819906   -133.99057826755003
1am1dma2nta          -16.282582158397418    -49.33354892604984   -110.85348572069942
1eda1msa1nta         -16.43305730461725     -41.391797293385025  -83.71202411250154
3sa5w                -16.51249591843225     -93.85965974500868   -259.4236586496265
1dma1fa1msa          -16.689508297422435    -40.118967425310984  -78.58279097130414
1eda1nta1sa          -16.711444223939907    -39.857536246068776  -77.6323730414418
3msa2sa              -16.759767729672603    -70.52544715616386   -180.3309724168762
1fa1sa1tma           -16.84469787160924     -40.028463768278016  -77.75873183460018
2nta2tma             -16.969697928143432    -50.649383892829064  -112.96222024037229
2msa3sa              -16.99025418399833     -69.61445077415556   -176.50242022429225
1dma1p2sa            -17.033182358485647    -39.85396990424488   -76.54129647991871
1am1fa1ma1sa         -17.036823583825026    -49.38449546019547   -108.49462309694381
1dma1nta1sa          -17.082905594317708    -40.04815485293511   -77.02582343970349
1dma1eda1sa          -17.177096738829277    -41.183948467543814  -80.51937524406303
1pha2sa              -17.231279041268863    -43.35746616369579   -87.62766098310597
4sa2w                -17.41227827919647     -78.65020001176163   -205.392995916781
1ma2msa              -17.42193244677037     -42.892870625597425  -85.42994525850636
1fa2ma1sa            -17.624470974726137    -50.56086353142746   -110.46920193435864
1nta1sa1tma          -17.830079768100404    -40.156760331912665  -74.88405354223447
1eda1fa1sa           -17.914720469445456    -41.294199710537214  -78.41515760900195
1am1ma1msa1nta       -18.00404653282021     -52.86368348397082   -116.91979524174293
1am1msa1sa           -18.012623413815163    -41.9285912544583    -80.21454918961668
1mbtca3sa            -18.0393478567712      -59.63755325321108   -139.52106455204222
1am1msa1nta1tma      -18.051189195466577    -52.25907306661247   -114.7338046996362
2put1sa              -18.058040832693223    -46.68582025927026   -96.01804268416979
4sa4w                -18.100073942681774    -99.68928201537346   -273.651544769162
1fa2ma1msa           -18.199812582985032    -52.06947148259496   -113.59939258619052
1fa1ma1sa1tma        -18.296835386907333    -51.9612339194573    -112.91094594157383
2am1dma1p            -18.36541053050314     -35.70332191202033   -58.151639716600926
2msa1tma             -18.36953557918605     -43.83237790342537   -85.40279162958947
1dma1fa1sa           -18.429189390910324    -41.22485889325617   -76.45705015059912
2am1p                -18.54506852266786     -25.701360852559446  -24.00232208583033
1eda2nta1tma         -18.617674526016344    -53.82465183202294   -118.08478050028498
1msa1nta2tma         -18.659741673676763    -55.64600346388761   -124.05252990175978
2mea1sa2w            -18.66861304937629     -63.14832773167291   -149.1856940542895
1dma1fa1msa1tma      -18.69192315802502     -53.683272615104215  -117.36156115043974
1am1eda1fa1sa        -18.77794979821192     -52.683578418393154  -113.7200356202495
1fa1sa2tma           -19.058563765807776    -53.925805496866815  -116.94530179681749
5sa                  -19.109233420342207    -67.18767391657457   -161.25587957931808
1am2sa               -19.12737339991145     -41.71022640937008   -75.74326013561728
1dma1fa1ma1msa       -19.22446351585677     -53.953554305655416  -116.48194127101488
1am2dma1p            -19.24386638319993     -38.34508619392      -64.06580516772438
3dma1p               -19.333780144705088    -41.136998158021015  -73.12835154546786
2pa2sa               -19.61116293456871     -62.61849493626505   -144.24729834494616
1eda1ma2nta          -19.64829966693651     -55.21979182126233   -119.30736929194407
1am1dma1fa1sa        -19.735142152931076    -52.742646013444755  -110.70771041604524
1eda1fa1ma1sa        -20.03420670860214     -54.402545061078854  -115.27197166686366
2eda2nta             -20.09925462974934     -57.870450379210524  -126.68521130189689
1am1eda1msa1nta      -20.207039972912753    -55.54345859057503   -118.51892878579982
1eda1fa1sa1tma       -20.26846344479418     -55.87827146713971   -119.43588134187655
2am2msa              -20.33878503390588     -55.44962515030056   -117.76233478634971
2eda1nta             -20.82033812912414     -45.70144453152898   -83.4516397868885
2eda1fa1sa           -20.934464554244187    -57.81114175013499   -123.68498137108935
4sa5w                -21.189398531336337    -112.11341947095934  -304.9606605377504
1dma1fa1ma1sa        -21.219523775565904    -55.67101017164532   -115.55085157117473
1am1ma1nta1sa        -21.248420609801542    -53.754475285997614  -109.02584161118958
1am2homF2sa          -21.256659141159616    -77.811605356168     -189.68621906770284
1dma2msa             -21.321063504903577    -47.070761607261375  -86.36491062371705
1ma1msa1nta1tma      -21.72161778305599     -57.06774229669827   -118.5514825214886
1dma2nta1tma         -21.7741428338486      -56.09393058592104   -115.10913215570612
3msa3sa              -21.825112049933523    -89.91010600095615   -228.35818866638795
1dma1eda1fa1sa       -21.938289814337622    -58.39021071960451   -122.26034179255983
1dma1homF1sa         -22.125877970305737    -50.39105106564239   -94.80185509068836
1dma1fa1sa1tma       -22.178580602645525    -56.84691843306064   -116.27817484616689
1am1eda1nta1sa       -22.255056909343693    -58.18386384216137   -120.5058089309388
1am1homF2sa          -22.25835372810252     -62.06911461602431   -133.52594629496508
4sa3w                -22.391651462763548    -93.95669049280696   -240.03031705695
1am2msa1tma          -22.40963288403873     -58.18630911622313   -119.99556006077138
1eda2msa             -22.592363648465835    -50.928606247063726  -95.04022337374361
2dma1fa1msa          -22.689178043452557    -58.21881413226947   -119.1669833604784
2ma1msa1nta          -22.992759766319068    -58.832017466716934  -120.20545933435676
1am1dma1msa1nta      -22.993476776900934    -57.46222996438155   -115.60876467423611
1dma1ma2nta          -23.002105752762873    -57.82919999532169   -116.81064646154219
1mbtca4sa            -23.202824922278523    -79.03705031657591   -187.26890958736868
2sa1tma3w            -23.223660493677016    -79.18863212215365   -187.7074346082743
2am1msa1sa           -23.32164504379034     -57.62349015654763   -115.04895224832781
1ma1msa1sa           -23.74794470879715     -48.818230536126066  -84.08615068597823
4put1sa              -23.821950118115637    -82.46316842368105   -196.68360994698313
1dma1eda2nta         -23.950288913853       -59.39736119902227   -118.89006300620399
1ma2sa               -24.009675380657427    -47.74832526349928   -79.61982184381178
1msa1sa1tma          -24.071945764953853    -49.083815566817066  -83.89022237892208
2dma1fa1sa           -24.243094172037672    -59.35127489519073   -117.75341513715946
2msa2tma             -24.317993518925505    -62.62862161110388   -128.49447624375156
2ca2sa               -24.361779158120044    -69.61246544390451   -151.7715454833301
3put1sa              -24.385091537376866    -68.66432917426573   -148.5132907488263
1am1p2sa             -24.54856026615016     -44.7159334680764    -67.64170116329898
2sa1tma2w            -24.54930455838621     -70.26885401597247   -153.34412026626006
2sa1tma1w            -24.831462565649417    -59.10913436343253   -114.96787455197725
1eda1ma1msa1nta      -24.914386183052557    -61.69964508066187   -123.37836289659464
1dma1msa1nta1tma     -25.086818811352714    -61.764324892981676  -123.01695818147012
1am1dma1p1sa         -25.196061796392314    -45.71059122728184   -68.80606886112086
1ma2sa3w             -25.200824305298738    -80.4089840715751    -185.16907518431438
1am1nta1sa1tma       -25.35729571840784     -58.04549500459689   -109.63675762575406
1pa4sa               -25.386819215724245    -79.8827991457656    -182.78041230801443
2am1b1sa2w           -25.402950974937994    -77.40602750962717   -174.41917335109832
1eda1msa1nta1tma     -25.559258527689963    -62.696400553541025  -124.55858469267045
1ma2sa2w             -25.60008692368865     -69.06415470477077   -145.7791976557342
2am1b1sa1w           -25.635887456475757    -68.02533483527077   -142.17490316479257
1am1dma1nta1sa       -25.64030684932368     -58.56991693703458   -110.4464534223451
2am1b1sa4w           -25.648217780108098    -100.03514079609886  -249.49496232138242
1dma2homF1sa         -25.79278855776647     -70.87057783390628   -151.19164606921737
1am1ma2msa           -25.82620881451294     -61.16523914644495   -118.52768851940961
1mea2sa1w            -26.031944166403264    -59.36588583262346   -111.80258818111858
2am2sa               -26.102262146188878    -58.32620247383602   -108.079625448884
1am3sa               -26.12300827493891     -61.02735207113437   -117.06974273294334
1ma2sa1w             -26.160915427841246    -59.25328829376667   -110.99236245458187
2am2msa1nta          -26.24467711741454     -73.50857158639701   -158.52387881727105
1eda1msa1sa          -26.35014264273923     -52.56931832322152   -87.9395461360822
2sa1tma              -26.95646657254838     -50.847414743650006  -80.13063280583879
2am1fa2msa           -26.968099909601733    -72.58282592403702   -152.9925407173263
1dma2sa5w            -27.03442814562004     -103.18049038969912  -255.39514420229227
1am1eda2msa          -27.07542340119835     -63.68461180187296   -122.78781955741086
3am1p                -27.123243775386072    -43.093550975914695  -53.56467281758117
1ma2msa1tma          -27.29915802607138     -64.05290789718856   -123.27268110338093
1dma2sa2w            -27.38134735089261     -71.72680134311668   -148.73538149370188
1dma3msa             -27.40555611322634     -66.98061283561401   -132.73539065076454
1fa2msa2tma          -27.427395269070985    -75.77468392701121   -162.1576007320152
1eda2sa              -27.621321647777222    -52.2571083875373    -82.62883360586176
1dma1msa1sa          -27.901754027581774    -53.11344988626661   -84.56044225606138
2am1b1sa             -27.963887483347207    -62.19660495460266   -114.81709700262041
2eda1msa1nta         -27.96506433354807     -66.41598676593276   -128.9650257673035
1am1fa2msa1tma       -28.049190996520338    -76.26530834290315   -161.7176499951554
1am1dma2msa          -28.6662955613574      -64.23447377490811   -119.29625428070798
1nta1sa2tma          -28.70023995937663     -62.856787741417065  -114.5616226136401
1am1ma1msa1sa        -28.737681366852485    -62.87945701245917   -114.5120766245094
1dma2sa4w            -28.762370153446682    -95.06012669723714   -222.3637650287091
1am1msa1sa1tma       -28.803938994780765    -64.60371949183173   -120.07305214538098
1eda2msa1tma         -28.844558212629636    -66.6977083212987    -126.96008756991085
1dma1ma1msa1nta      -28.853518346819328    -64.7273840981652    -120.32153530466614
3am2sa               -28.890956282732077    -72.19758522254415   -145.25114519462568
2eda1nta1sa          -28.937973677704576    -67.20376645040233   -128.3440978458912
1dma2sa              -29.04792288749013     -52.88375129480846   -79.94576021209014
1dma2sa1w            -29.292962860199623    -63.651173882812145  -115.23800443490637
2ma2msa              -29.31810352636967     -64.51594558928628   -118.0541407443528
1b2dma1sa2w          -29.54938172287075     -86.54230236963485   -191.15519250977098
1dma2sa3w            -29.68227185809519     -85.05039281537756   -185.7055876478753
2am1b1sa3w           -29.7219165226561      -95.27367999270791   -219.8616920013577
1eda1ma1nta1sa       -29.883445474493783    -66.42490644648205   -122.56066064746857
1dma2msa1tma         -29.96731758439273     -67.39813123646309   -125.54356415213722
1am1b1sa             -29.982788725057617    -54.27634365501581   -81.4809824918226
1ma1nta1sa1tma       -30.04921467580425     -65.15909048027243   -117.75910046795106
4am2sa               -30.088210090994835    -83.53352402243763   -179.25646128197326
1dma1ma1nta1sa       -30.097528948041145    -64.56936960015446   -115.61912008110542
1am1fa1ma2msa        -30.228154861018993    -78.44189126079436   -161.70966426284787
1dma1eda1msa1nta     -30.29343219686416     -68.53787573956652   -128.27249217790717
1b1sa4w              -30.401694294123445    -84.9958968530409    -183.10985262075405
1am1b1sa1w           -30.403628196683712    -63.95738919496944   -112.53986583383801
1msa1sa2tma          -30.596929516614182    -68.00799829280004   -125.47733951496595
1b1sa3w              -30.610940910701174    -76.37294116389239   -153.4865009335448
3am1dma2sa           -30.75080177455675     -86.8013173979707    -187.9943505724334
2dma2nta             -30.84385713591473     -65.6745710024843    -116.82278674000662
1am1ma2msa1nta       -30.917582457506796    -79.33348087122431   -162.38771898046357
1eda1nta1sa1tma      -30.951158562806086    -67.35643021782744   -122.10387944091515
1b1sa5w              -31.045235332625452    -96.88417962723179   -220.82490120654828
1am1b1sa3w           -31.13154037698405     -84.80196211935254   -180.01147657923553
1am1b1sa2w           -31.28189277491765     -75.94453968518064   -149.79925175337584
2am1b1sa5w           -31.300807546183933    -117.57024878141237  -289.3491237134019
1am4sa               -31.339739318937063    -80.68416883167811   -165.50202754430143
2msa1nta2tma         -31.502699765842408    -79.67761599936057   -161.57946078714008
1b1sa2w              -31.533320512913633    -65.93765744034317   -115.39271147874234
2sa2tma3w            -31.587801979418145    -99.66218853759347   -228.3226112975518
1am1eda1msa1sa       -31.84140959731303     -68.40843604813563   -122.64640768384743
1am1ma2sa            -31.875583336688578    -64.40037040133029   -109.08867034875608
1eda1ma2msa          -31.905188182834536    -69.62311220355332   -126.50653704746756
1dma2homF2sa         -32.06077375134919     -90.72734469175339   -196.76864309886673
1b1sa                -32.093066370580345    -46.06951510341605   -46.87723874788483
2dma1msa1nta         -32.14563833156717     -67.84977334161522   -119.75225560936258
2am1nta2sa           -32.14699914341327     -75.81763038330246   -146.47201489089394
2am1fa1msa1sa        -32.25361255847383     -77.62529787566746   -152.17737822345327
2am1msa1nta1sa       -32.29215540463338     -76.64297926519066   -148.75339211982842
1dma1eda1nta1sa      -32.34367756085703     -68.94783973670565   -122.77096151621865
1b1sa1w              -32.399808760150336    -55.20035504664702   -76.47340696503494
1am1eda1fa2msa       -32.44791064481251     -81.42622513696551   -164.27407174895558
3sa1tma              -32.59028015432705     -70.27653231334989   -126.40030910492081
1dma1ma2msa          -32.590840077842586    -70.06699386425316   -125.6956357081696
2am1dma1p1sa         -32.598846032167785    -62.7122211829992    -101.00075515936918
1am1dma1msa1sa       -32.722212016466074    -68.61354095960269   -120.38010713675472
1put2sa              -32.890909738023765    -61.42708970454987   -95.71081659097749
1am1b1sa5w           -32.912280528398696    -108.79082841629861  -254.49789665487026
2am1dma2sa           -33.04746936506126     -80.43418795696925   -158.93583294256518
1ma2msa1nta1tma      -33.06194890399638     -81.60482697663247   -162.81361084269116
1b2dma1sa1w          -33.179046007979196    -80.94900687858171   -160.22123384402119
2ma1msa1sa           -33.314734262181446    -68.44375000189757   -117.82329612429403
1am1eda2sa           -33.31892650038935     -68.79500801803079   -118.9873604473605
1eda1fa2msa1tma      -33.382779012506944    -84.16370040157926   -170.32004490680615
1fa1ma2msa1tma       -33.46149944195349     -82.10808394048945   -163.16144389965552
2am1p1sa             -33.51983005926013     -51.19376529153669   -59.27866923429271
1ma3sa               -33.768814767478034    -70.772857980337     -124.11216908672964
1am2msa1nta1tma      -33.895953317100066    -80.76783783858991   -157.20907100969364
1dma2msa1sa          -34.04317554685986     -72.9907450149185    -130.6307880862944
1fa2ma2msa           -34.06640305230394     -82.69538419565652   -163.1024019565492
2eda2msa             -34.21022652648389     -75.26560141891241   -137.70040212222074
1am1dma2sa           -34.36470946168993     -68.5368435671553    -114.61389939731228
1am1dma1fa2msa       -34.40289442404173     -82.29113067279104   -160.61793140575554
1am1b1sa4w           -34.4072033954435      -100.23382690292783  -220.7835770830244
1dma1fa2msa1tma      -34.41013460660179     -83.96317460809951   -166.20171055368553
1am1eda2msa1nta      -34.43857787558227     -84.01981806900585   -166.29629445924192
1ma1msa1sa1tma       -34.646956696073175    -71.25011908213492   -122.7676082029814
1eda1msa1sa1tma      -34.72924085253908     -73.41244604738313   -129.74410596839226
2sa2tma1w            -34.862705802574055    -81.9801661864476    -158.03273648784284
2sa2tma2w            -34.87286097815377     -89.81807219822076   -184.28714143947104
1am5sa               -35.10915210423991     -97.41382582252845   -208.97089960684497
1dma1eda2msa         -35.21404093306046     -73.82597727363463   -129.5050690607252
2dma1p1sa            -35.25243143300759     -57.304863665252924  -73.96422013164585
1dma1homF2sa         -35.44177538133226     -77.20166598481592   -140.06335939407666
1b2dma1sa            -35.680119626398664    -73.2447419075761    -125.99236049366459
2dma1nta1sa          -35.72271836659638     -71.46418774803169   -119.8774757049146
1am1ma1nta2sa        -35.75763986597303     -82.22860107047018   -155.86436761391764
2ma2sa               -35.97088156756945     -69.87000494450331   -113.69821692710224
1am1ma1msa1nta1sa    -36.049111758882646    -83.78784978401382   -160.1165119074475
1fa1msa1sa2tma       -36.06052927181008     -84.95431010122411   -163.99054445565804
1b1dma1sa2w          -36.13067862560274     -81.38287361947005   -151.77660571553469
3ma2sa               -36.17493098101113     -82.51129257900175   -155.4129183237053
1am1msa1nta1sa1tma   -36.29741021747759     -83.22599954807083   -157.3992598714405
1eda1ma1msa1sa       -36.29997526819352     -74.30027598555898   -127.45363312846162
2dma2msa             -36.38117603457067     -72.62906609359197   -121.57601898029458
1b1dma1sa1w          -36.39285351289436     -72.23705076087208   -120.22202665781177
1dma3msa1sa          -36.41546722716885     -88.9517072897288    -176.20741258737297
1eda1fa1ma2msa       -36.66145858285017     -86.63278418115806   -167.6046473207628
1dma3sa1w            -36.67896154662594     -84.30489458113152   -159.7381621140218
1am2sa1tma           -36.87377281890076     -71.66030619226512   -116.67460463974835
1am1fa1ma2sa         -36.902119213482365    -83.3405144570861    -155.75514084637973
1dma3sa3w            -37.199055006029084    -106.62485861498863  -232.85528629629118
1dma3sa5w            -37.271554281702265    -127.97469653992448  -304.2198298126998
1am1eda1fa1msa1sa    -37.374299799557775    -85.32021055667428   -160.81137265474524
1dma3sa2w            -37.473712204257026    -96.88311601881287   -199.2601167687589
1am1eda1msa1nta1sa   -37.47443587036105     -84.86611133115366   -158.95245836185012
1b2dma1sa3w          -37.51432772766566     -106.68113698175875  -231.98661497304826
2ma2sa1w             -37.604491111356765    -83.29072770690254   -153.2323883799531
1b1dma1sa5w          -37.66591415187577     -115.12990807561437  -259.8155087173729
1dma1msa1sa1tma      -37.70237110568269     -75.67185960532515   -127.35028844459725
1dma2msa1nta1tma     -37.781194330586004    -88.68136086230516   -170.7199950755649
1am1fa1ma1msa1sa     -37.8767352324212      -84.49233355332399   -156.34948288064336
1ma4sa               -37.89208188909106     -88.27455792902038   -168.98365265779927
1dma1ma1msa1sa       -38.007517970283516    -74.9664100552327    -123.96073146084663
1am1dma2msa1nta      -38.11086273388355     -85.57521096937126   -159.1962040434443
1am1dma1p2sa         -38.13590433169156     -71.10268412216101   -110.57112121514838
1dma1msa2sa          -38.18038627540227     -77.0948783372296    -130.51984592196825
1b1dma1sa4w          -38.253460616630036    -105.73914102802519  -226.3480812064791
1dma3sa4w            -38.31121745612472     -117.81053214141866  -266.642008001329
1b1dma1sa3w          -38.349091619078536    -95.54687423695577   -191.84230292799572
2dma1fa2msa          -38.399323951569386    -87.4561715554446    -164.53747309739543
2am3sa               -38.54778000363149     -84.39547262224369   -153.7739145362601
2am1fa2sa            -38.631316249258816    -80.18976166506764   -139.38770892391634
2eda1msa1sa          -38.73525371425785     -77.91263978922507   -131.40159676421234
1b1dma1sa            -38.74088189419126     -64.31140406586928   -85.76395160722441
1am1eda1nta2sa       -38.75601908599492     -86.88650627515744   -161.43044504201168
1dma3sa              -38.815548829501495    -76.26108073419891   -125.59292941494182
2ma2sa4w             -38.91230890376028     -115.08519883343251  -255.48512470087707
1dma1eda1fa2msa      -39.0547884053085      -90.32137311482802   -171.9489676664702
1eda1ma2sa           -39.09077914559748     -75.83323521120474   -123.23480149444885
2ma2sa3w             -39.18906154029537     -105.56458353227936  -222.62459162183936
2dma2sa3w            -39.2181480077561      -106.52875859395135  -225.7608941350267
2mea2sa              -39.291351269814186    -77.72621994267683   -128.911181193048
1am1nta2sa1tma       -39.29638074985996     -85.34116498255753   -154.43496304841904
2dma2sa5w            -39.674295245320536    -127.15313641354442  -293.40547096441594
1eda3sa              -39.6772216882091      -78.39081594953313   -129.84603139807425
1eda1ma2msa1nta      -39.740196054190164    -90.52826449897839   -170.34401624887306
1msa1nta1sa2tma      -39.828237762179924    -88.48700275481679   -163.20229747566415
2am2dma2sa           -39.93189778900705     -96.61873098334763   -190.1285701639496
4ma2sa               -39.98975049133878     -98.13984599313699   -195.0363759911724
1am1eda1fa2sa        -40.04048095573671     -88.03523995901924   -160.9752104752431
2sa2tma              -40.101326770178275    -76.43831887672422   -121.87486871173377
1dma1ma2sa           -40.11864921671804     -76.10902120068204   -120.71229912506378
2mea2sa1w            -40.21136293176096     -88.79103331551596   -162.93701285703318
2ma2sa2w             -40.263657976989634    -96.10865377480513   -187.30503369968767
1b2dma1sa4w          -40.301912393129896    -120.00004976277705  -267.3088625508146
2eda1fa2msa          -40.39468211575877     -91.9387801559642    -172.87975193878168
1dma1eda1msa1sa      -40.398671501199715    -79.24099344998831   -130.27778617804086
1dma1fa1ma2msa       -40.44479632913135     -89.21684463019483   -163.5822515561864
1eda1fa1ma1msa1sa    -41.07280897325836     -92.0402343387832    -170.94558230864362
1dma2msa2sa          -41.08062160969712     -93.56629383203108   -176.03780721932242
2dma3msa             -41.11700439848937     -92.46127734729089   -172.2095352973251
2dma2sa4w            -41.177981875953265    -120.18591130390996  -264.99389377122606
1am2dma1p1sa         -41.275415158539545    -73.34785844699945   -107.5715018892879
3am1p1sa             -41.29481125698658     -69.11124214401934   -93.29676634948073
1dma2sa1tma          -41.327500841536676    -77.43425600838964   -121.10265023339569
2eda2sa              -41.34522131946869     -79.50439385359641   -127.98649181378318
2dma2sa1w            -41.38431192049757     -88.14473353447102   -156.8352225860721
2dma1msa1sa          -41.49615279329009     -79.08036619302584   -126.05806942701211
2dma2msa1nta         -41.50215073672007     -91.65317737666192   -168.2073675664535
1am1dma1fa1msa1sa    -41.557269769953564    -88.69198743609013   -158.09061769608655
1am1dma1msa1nta1sa   -41.70350493706064     -88.72386949078646   -157.70707547828107
1eda1ma1msa1nta1sa   -41.71104990091408     -92.1749197448371    -169.25664881340413
1eda2sa1tma          -41.78386657354713     -78.62786924015381   -123.5753904635634
2ma1msa1nta1sa       -41.86115130066173     -90.36639872391243   -162.6873970262355
2dma2sa2w            -41.87745720660314     -98.54090114423889   -190.05012221228748
1am1dma1fa2sa        -42.2592054058332      -89.07598627312109   -157.02425244850815
1dma1msa3sa          -42.358726943377405    -94.45203327503987   -174.72180557423988
1fa2sa2tma           -42.47378226721776     -90.59128978470108   -161.38691100871762
1fa2ma1msa1sa        -42.54268755065277     -89.88954977976391   -158.80215404624084
2ma1nta1sa           -42.56503686547512     -77.04681600246113   -115.65245392209367
1nta2sa2tma          -42.64693012952921     -92.14009547809837   -166.00088998408535
1fa1ma1msa1sa1tma    -42.67469137128501     -89.71664764950401   -157.77949447658585
1ma2sa1tma           -42.676988586972584    -79.48516349183046   -123.45522356174936
1b2sa4w              -42.71675571089145     -111.3317899001413   -230.13595233531552
2eda2msa1nta         -42.90626124336268     -94.59081701963441   -173.3508494937177
1ma1msa1nta1sa1tma   -42.97885618581495     -92.70927205609041   -166.7966321319167
1dma1eda2sa          -43.018051297054626    -80.45816045743413   -125.57474144063885
1dma4sa              -43.067958500701934    -93.80968607706018   -170.1885882141429
1dma1fa1ma1msa1sa    -43.176003033760935    -91.3746976898401    -161.65921400798555
3dma1msa1sa          -43.24075383332092     -93.26340342842741   -167.77678884904594
1fa1ma2sa1tma        -43.46940838506271     -92.21015562143293   -163.47726726914001
2dma2sa              -43.53346246678848     -80.38351743051317   -123.59568996786683
1am1fa2sa1tma        -43.611341973839444    -88.55074850740493   -150.72750807805437
1am1dma1nta2sa       -43.68982877151575     -89.80358436808456   -154.6662941362814
1eda1fa2sa1tma       -43.72848534195509     -94.02355487333261   -168.6904897909513
1dma1fa1msa1sa1tma   -43.79811914557649     -92.38476102097775   -162.96039535586803
1am1fa1msa1sa1tma    -44.06520783192536     -89.32292083228822   -151.79511319944774
1ma1nta2sa1tma       -44.11458405312442     -92.96671070615412   -163.85083566438033
1dma1eda2msa1nta     -44.16112269749283     -95.19827234797413   -171.17943870800195
1fa2ma2sa            -44.23520329664461     -91.38467793073505   -158.1401128093894
1dma1eda1fa1msa1sa   -44.32259147753939     -94.20251139946049   -167.2980711777221
1b2dma1sa5w          -44.34321800543694     -135.51611925062025  -305.7954091729161
2ma1nta2sa           -44.62937367788982     -91.2834278648952    -156.47846448666394
1dma1msa1nta1sa1tma  -44.66745478626399     -94.38200237762067   -166.74340966429827
1dma1nta1sa1tma      -44.73237657955906     -80.27167806934449   -119.1994012745003
2eda1fa1msa1sa       -44.886163856019266    -95.58128103794297   -170.03225618602835
1b2sa5w              -45.14458073407877     -125.79092515492812  -270.4891645838575
1eda1nta2sa1tma      -45.214291579512064    -95.138993102737     -167.44826940543658
2ma2sa1tma           -45.35237230309576     -92.67232268259977   -158.71189126132631
1eda1fa1ma2sa        -45.482246404280886    -92.85330692306161   -158.88331550704606
2am1p2sa             -45.514537271810696    -76.47032846335787   -103.82623240431407
2eda1nta2sa          -45.541411317070015    -95.66505134233739   -168.11551240979736
1dma1ma1msa1nta1sa   -45.545836854784284    -94.76967184001114   -165.09755151872025
1ma2sa2tma           -45.63801560786669     -94.05847207055194   -162.40300675083577
1dma1fa2sa1tma       -45.764324721487355    -94.3508427440247    -162.9599799514104
1am2dma2sa           -45.78030868724454     -92.15290413598996   -155.5344472525128
2eda1fa2sa           -46.07618764892686     -95.16025254840497   -164.6287603531223
1dma1ma1nta2sa       -46.16710105340462     -93.36642212641891   -158.30729858517395
1eda1fa1msa1sa1tma   -46.18564854528813     -95.76785293428111   -166.299528387684
2am2dma1p1sa         -46.411616857454646    -88.73498981737066   -141.95328847859582
2put2sa              -46.47135207802057     -89.43535469670314   -144.10197088434603
1dma5sa              -46.89767523948103     -111.21695847669616  -215.7279330468416
1dma1eda1fa2sa       -46.917145177256316    -95.51838595850859   -163.00936032554853
2dma1fa1msa1sa       -47.209193641436286    -95.97769032552605   -163.5703393738446
2am4sa               -47.22574214939959     -107.80733919027261  -203.19167211375319
2dma1fa2sa           -47.30026669439394     -96.31484928971622   -164.39571556328147
1put3sa              -47.32303485949524     -89.12061387952417   -140.18976696389612
4put2sa              -47.51706112397369     -121.16781335580163  -247.0258334125594
1am1dma3sa           -47.626174172153696    -95.80086347833276   -161.57869966867247
1b2sa                -47.64550517091993     -73.77742429077625   -87.64688619708731
1b2sa3w              -47.712603499530815    -105.52705505397171  -193.9106206750881
1dma1eda1nta2sa      -48.08859202743042     -97.26926402992103   -164.952782164226
3dma1p1sa            -48.10254938795697     -83.28601240954595   -118.00591320303133
1b2sa1w              -48.1989298510598      -85.41818377182062   -124.83398933886943
2eda1msa1nta1sa      -48.46980906004319     -100.38743172609247  -174.13255967273378
1dma1fa1ma2sa        -48.57119995751418     -95.82481744629331   -158.48940965478812
1dma1nta2sa1tma      -48.877054331082036    -97.25114307916374   -162.24748867411333
3dma2sa              -49.134872665046714    -98.46724164544139   -165.4615763206445
2dma1p2sa            -49.14202786749229     -84.12277222715784   -117.32599147958221
1am1b2sa4w           -49.57783022185322     -128.50991822738433  -264.7395203940921
2ma3sa               -49.6806372248102      -98.5886533067096    -164.03828972844468
1eda1msa1nta1sa1tma  -49.727295026081265    -100.89286818352412  -171.61017326024077
2am5sa               -49.96084558079019     -123.04228442767635  -245.11634696106023
3am3sa               -50.04312463430688     -106.65384231484495  -189.87327748054034
2dma1msa1nta1sa      -50.15581657021539     -99.3913043984212    -165.1366353461371
2dma2msa1sa          -50.163504058204126    -100.86949386511697  -170.06872315101327
1am3dma2sa           -50.29391733335797     -109.8912656569155   -199.8904857388181
2dma1nta2sa          -50.42789151717443     -98.53607331437524   -161.3556323906841
1b2sa2w              -50.806098405388184    -98.54857791712857   -160.12906091491328
4dma2sa              -51.2790262066992      -112.41994848730974  -205.06765816007214
1b1dma2sa5w          -51.35133149882313     -143.1688637949992   -307.9575123124024
1eda4sa              -51.53077664831653     -106.56992221064866  -184.60219876668017
1am1b2sa5w           -51.66582035936881     -142.05851335125044  -303.178577868793
1b1dma2sa3w          -52.18600156682078     -123.60217209928669  -239.53100966820904
1am1b2sa             -52.37275255320128     -90.07078895578161   -126.43983364990062
2dma3sa3w            -52.54044105554931     -135.50930633139797  -278.2789377045395
1b3sa5w              -53.079044642392546    -147.610851306119    -317.06123314768683
1b1dma2sa4w          -53.17908188921865     -134.51381266565295  -272.7980237331133
3put2sa              -53.48542180855293     -111.44393766322173  -194.39381470491392
4am3sa               -53.537760127102956    -122.82423354918137  -232.38797055937164
2am1b2sa1w           -53.68491882260423     -113.39194356572989  -200.2583422531981
2dma3sa2w            -53.70244115754031     -125.53258663005545  -240.9194884202069
2am1p3sa             -53.71460437239148     -98.2209642000962    -149.2750623091393
2dma1msa2sa          -54.04888566408772     -103.76888420118485  -166.76169222502512
1am3sa1tma           -54.12376648357895     -102.86475089893793  -163.47806277160436
1am1b2sa3w           -54.14540436968673     -122.49061272479594  -229.23095205182204
2dma3sa1w            -54.52456496353261     -114.7973094900808   -202.15577570523283
1am1b2sa1w           -55.53352288843598     -103.37618157330144  -160.46506350697305
2dma3sa4w            -55.62911767954938     -149.07394635136006  -313.41549110142495
1b3sa4w              -55.63048967625946     -138.98909765080316  -279.58614111754565
2dma3msa1sa          -55.90946000610711     -121.88318090391112  -221.27694415018348
1am1b2sa2w           -55.9350833898643      -113.82519772890373  -194.16439489684913
2dma3sa5w            -55.941357529954985    -158.9224080858985   -345.40013602683405
1am1dma4sa           -56.0256828549318      -117.55384111404419  -206.3664539965452
2am1dma1p2sa         -56.241742524085566    -100.81730665348005  -149.50717467405136
2am1b2sa4w           -56.347577461157925    -146.88884944753954  -303.67691425717135
2am1b2sa             -56.654959956766106    -103.55204001860693  -157.29357726490576
1b1dma2sa1w          -57.24787573853973     -105.06621914291463  -160.3835096589639
2am1b2sa2w           -57.33683034137357     -124.89736536689452  -226.59914481028198
2dma3sa              -57.77874602540396     -107.55001150374301  -166.93364238839774
3am1dma1p2sa         -57.90703239303548     -113.00301809667144  -184.79284153369994
2am1b2sa3w           -57.90752792416606     -136.37853420502506  -263.19304471313933
1b3sa                -58.023081415332854    -97.14514327375218   -131.2160384327811
1b3sa1w              -58.464192104525864    -110.8510607326607   -175.70641834061237
2am1dma3sa           -58.47671224665828     -117.74350812193006  -198.7818073964806
2ma4sa               -58.52826371532865     -121.43750253878534  -210.99862090708032
1b1dma2sa2w          -59.20755653374363     -119.02402334366343  -200.62541274563577
1b3sa3w              -59.56357634277083     -131.65585468313657  -241.7986863677456
3am4sa               -59.8471265246626      -131.40743982139975  -240.0144668673226
1b1dma2sa            -59.85548652277794     -98.61207806703169   -129.99024499052558
3am1dma3sa           -60.35682412865572     -131.53317285864614  -238.72664339993537
2am1b2sa5w           -60.5401411842322      -160.5518698594533   -335.4409816362229
1eda1ma1nta2sa       -61.14295869518537     -110.0379691607086   -163.99466867542975
1b3sa2w              -61.39786795596592     -123.98380978949717  -209.9142774895945
2dma2msa2sa          -61.59069038857706     -126.44618507020641  -217.52639503965136
1dma1eda1msa1nta1sa  -62.197546730109025    -112.45693889982067  -168.5708273348684
1am2dma3sa           -62.45884976605885     -123.75845569907688  -205.5998857395833
1put4sa              -62.544958216138184    -117.06981691974215  -182.87727219069112
1b4sa                -62.97565174777992     -115.56011765520088  -176.3691628624788
2mea4sa              -63.172465505078435    -130.1986162182875   -224.80681104320735
3ma3sa               -63.268184948014095    -124.72268365742639  -206.11939865752655
1b2dma2sa4w          -63.85066254728008     -158.20347219874384  -316.4608742282876
1b2dma2sa3w          -64.16275242506526     -147.51568101148587  -279.5670923570183
3am1p2sa             -64.3656519743381      -105.77249603846576  -138.879235498521
1b1dma3sa3w          -64.53468994912691     -147.33052990539     -277.6986079366924
2am1dma1p3sa         -65.07872112817131     -122.57076481473632  -192.82925939006364
2dma1msa3sa          -65.45011530187912     -129.22984877810813  -213.9182742776626
2dma4sa              -65.69334056484513     -130.39983104425482  -217.02663249723264
2put3sa              -66.00058960658498     -124.41534308716655  -195.9240432020611
3dma2msa1sa          -66.02847208682215     -129.65223176422296  -213.3951355942428
1b2dma2sa5w          -66.20679565577302     -170.2670413556043   -349.01977427396605
2am2sa1tma           -66.59787429445714     -111.71455869046622  -151.32210094271514
2am2dma1p2sa         -66.71539519750513     -124.21156273898669  -192.84309086456705
1am1b3sa3w           -66.73155097127892     -148.9291855476331   -275.6922172620398
1b2dma2sa1w          -67.05057330359705     -128.95941554340243  -207.64327432515924
1am1b3sa             -67.47231733286753     -116.85318779665977  -165.62425109337187
1am2dma1p2sa         -68.10863415780477     -113.63134383084252  -152.68391639320706
3am3sa1tma           -68.35036743230012     -139.47289296987583  -238.54611952963774
3mea3sa              -69.0164299660828      -136.91474020900205  -227.73204844164644
1b1dma3sa2w          -69.26665898226202     -142.9463716117607   -247.12296706300629
1b2dma2sa            -69.40307773184031     -121.29649327916559  -174.05136859811148
2am1dma4sa           -69.4566976011265      -143.47770179319195  -248.26766457126206
3dma3sa3w            -69.49216542532668     -164.39275279268622  -318.2981296894602
2ma2msa1nta          -69.67883826358593     -119.13880712440005  -165.88954841792213
2am2dma3sa           -69.74083021678962     -142.62054135394283  -244.43974890963472
1b2dma2sa2w          -69.88904763525352     -142.02035889818217  -241.92960343180278
1b1dma3sa5w          -69.92843699641526     -177.44087977462914  -360.59850001189
1am1b3sa2w           -70.91502273571678     -142.74614615863538  -240.9227684827993
1b1dma3sa4w          -71.01480762893334     -166.50537921016803  -320.27694644132396
4am1p2sa             -71.08035772561561     -122.29103838221636  -171.761464552217
1b1dma3sa            -71.1225608100649      -123.65597657416947  -176.1979398428992
4ma3sa               -71.30989732407033     -145.78394950390793  -249.7871949686713
3dma3sa1w            -71.34795463155024     -144.29474405494693  -244.66473058456904
1am1b3sa1w           -71.38276529405266     -131.8351887640747   -202.75842183353365
3dma1msa2sa          -71.71474051766563     -135.7659734474728   -214.82888790874114
1am3sa2tma           -72.09149494059966     -133.76105722162174  -206.84072541038506
3am1p3sa             -72.36320353555493     -126.67634285637178  -182.16716190285896
4am4sa               -72.70961185405031     -154.68749446002766  -274.9551655390493
3dma3sa4w            -72.81084165535867     -177.72382486372953  -351.8798698915368
2ma3sa1tma           -72.81575550542038     -134.65696683016722  -207.41643912356216
3am5sa               -73.11722874827683     -157.46288097510114  -282.89670376609524
3dma3sa              -73.21809522691183     -136.10062849381939  -210.90905003023954
3dma3sa2w            -73.49443890247494     -157.91755860307603  -283.15653094347664
1ma3sa2tma           -73.54587553595775     -136.47259862540523  -211.0572634227119
2am1b3sa2w           -73.60633841948584     -155.94997327341116  -276.1819045919101
1eda2msa1nta1tma     -73.89815981515858     -124.48966301474138  -169.6847331859998
1b3dma2sa            -73.92141490837093     -137.09460348484572  -211.8839127160016
5am4sa               -74.07229070249014     -167.8697416340001   -314.59819195535164
3dma1p2sa            -74.44495428341907     -121.23599553492386  -156.93792135356216
1am2dma1p3sa         -74.51075750100426     -134.1084053388331   -199.89149031607792
3dma3msa1sa          -74.6639572007698      -153.67898789833998  -265.017711547692
1b5sa                -74.7994544096291      -141.10469549987465  -222.38886832377972
3ma4sa               -75.16628356720321     -151.21562294033356  -255.0707341027134
2am1b3sa1w           -75.21335458219983     -147.17437784599315  -241.35845468290523
1am3dma3sa           -75.55291160871275     -150.4938688953407   -251.35320236863532
2am1b3sa             -77.21290122158825     -138.96846271213144  -207.12916817197743
1b1dma3sa1w          -78.1856615676079      -141.1403306998982   -211.1509949075744
3put3sa              -78.34029416413978     -150.34911474958062  -241.5187676863289
3am1dma1p3sa         -78.35144052607939     -146.56188269518316  -228.77894405039567
1am1b4sa             -78.62775279371999     -142.9825099951122   -215.8469133041225
1b6sa                -79.38224478531629     -159.76545296097174  -269.6066012923854
3am1dma4sa           -79.58745421562344     -161.3375245362986   -274.1910793912286
1am2dma4sa           -79.72934016701765     -155.14767329627648  -252.95432879377117
1b1dma4sa3w          -80.08749839034863     -178.06583403074183  -328.62094798259136
3dma2msa2sa          -80.6574997366406      -158.97740374330897  -262.68624520177775
3am1p4sa             -80.95928708021529     -148.291049571475    -225.831837971089
4am5sa               -81.1939645120874      -175.62553408415988  -316.72503629699145
4dma3sa              -81.7067463984713      -158.07922930317     -256.15456282012804
1b1dma4sa2w          -81.71832911600359     -169.23466827333323  -293.531239837115
4put3sa              -82.43636138853617     -172.75806812848896  -302.9404888122042
1ma3sa3tma           -82.65271662105806     -157.21063844521996  -250.06849513472946
1am3dma1p2sa         -83.69282162806485     -140.597780115786    -190.8601659829423
3dma4sa              -83.87489374401048     -160.80143158719875  -258.01287218831555
1b1dma4sa            -84.00340560241602     -149.29502997919917  -218.98918120679258
3dma1p3sa            -84.06359880929813     -145.14338518981822  -204.8626073464402
3am1b3sa             -84.61294950777665     -156.4616770716384   -240.98181306072763
1b2dma3sa2w          -85.11316614435054     -172.2914117934124   -292.39726865402116
3dma1msa3sa          -86.24232011078857     -163.15350050036795  -257.96136303497997
1b1dma4sa4w          -86.44811794557609     -195.53908356762258  -365.89289157307167
1b1dma4sa1w          -86.60027173743583     -163.7265777168068   -258.68289780061224
2put4sa              -86.96706236922182     -158.1883339532651   -238.8773153900885
1b2dma3sa1w          -87.53124165744521     -163.1307561366557   -253.5620140151432
1b1dma4sa5w          -87.56429365812801     -207.42891325533856  -402.0279040644069
3am1dma1p4sa         -87.79767502192408     -169.62953515187837  -274.4654037551592
4dma3msa1sa          -87.81775115459459     -178.2317166516441   -303.2499262024046
4am1p3sa             -88.24354523676448     -153.74852360552177  -219.7047740012777
2am2dma4sa           -88.45139447762631     -175.382135248743    -291.56713322632993
1am1b5sa             -89.32213673228398     -167.65409911517054  -262.7266891945013
2am2dma1p3sa         -89.35366862127557     -158.5718887585681   -232.1590479202619
2am1b4sa             -89.98550286679529     -165.0007579328958   -251.6023983411158
1b2dma3sa            -90.11865534610115     -155.8997464652639   -220.63086070524545
1am1b6sa             -90.57470041932538     -181.92643151292577  -306.3952074250623
1am4sa2tma           -91.52654045206145     -166.6125755236135   -251.8397956438787
4ma4sa               -92.34642643202096     -179.78728714818135  -293.27808390351356
1am3dma4sa           -93.00940948585048     -180.1783230707515   -292.3659687558212
3am4sa1tma           -93.12952019980003     -176.87545674902503  -280.88524752229637
3dma1p4sa            -93.83870246680453     -170.63121526036412  -257.5633499703637
1ma4sa2tma           -94.0940354365448      -171.2211190155358   -258.6855058820874
5am1p3sa             -94.87948483461514     -170.6470033309888   -254.12550225164057
1ma3sa1tma           -94.96033879935567     -142.41277134072152  -159.15623861026515
4dma2msa2sa          -95.7703937725164      -186.4867540517589   -304.26416327194374
2am3sa1tma           -96.83966560156841     -155.32820119944518  -196.1715096337312
1b1dma5sa            -96.9449433372356      -176.06437224522233  -265.36786486147133
4am1p4sa             -97.15183591120876     -175.5576710253954   -262.9744595475528
5am5sa               -98.0240904907696      -203.04238951625302  -352.2331008714971
3put4sa              -98.43804886657745     -185.37578886724077  -291.5906087556571
1b3dma3sa            -98.65190754388459     -177.08188638370484  -263.05543800212064
1am3dma1p3sa         -99.58045303449035     -170.88716110843234  -239.16387078154486
4dma1msa3sa          -99.87483688443899     -188.59069769270718  -297.5544551665635
4dma4sa              -100.60648858034983    -188.98889043345116  -296.43602835115826
2am2dma1p4sa         -101.30445143510588    -183.86303447932005  -276.9028443526002
4am1b4sa             -102.08949866727926    -198.96436940482818  -324.91990856169457
3am1b4sa             -104.84730129432864    -190.90254329540767  -288.63069596411935
1b4dma3sa            -105.0105114209        -195.6291133458726   -303.9362801450014
1am3dma1p4sa         -106.7150709494017     -192.67201651795767  -288.30100811177465
1am4sa3tma           -107.09819365595467    -195.7041700327536   -297.18590097771767
4dma1p3sa            -108.59740175283514    -183.22668640105985  -250.3078472189785
4put4sa              -109.85804459964857    -214.026506744558    -349.38273401002004
5am1p4sa             -110.38338344171643    -200.00829285010695  -300.60341911274065
5dma4sa              -111.8868443579413     -214.67020726483315  -344.7370883997403
4dma1p4sa            -114.99229281488806    -203.02256425633095  -295.25497716464156
2am3sa2tma           -115.3556309711712     -187.8164286951651   -243.03470643674822
2am4sa1tma           -119.7182342045271     -192.23925312564825  -243.2366893197073
5am1p5sa             -119.92145185777918    -223.42768694879487  -347.1616135891387
1am3sa3tma           -122.24243112769909    -196.74274732347112  -249.87528491090552
2ma3sa2tma           -123.87195124631398    -198.64917820953997  -250.8040481742645
1dma1ma2msa1nta      -133.11122859604075    -183.10849505633814  -167.6916533972714
2ma4sa1tma           -135.89815312817518    -210.23714340644074  -249.33419513124957
5dma1p4sa            -138.4035530493129     -238.3824442946352   -335.33084435724027
2am4sa2tma           -150.59777069921256    -237.38865992758656  -291.098068852598
2ma4sa2tma           -154.98785129273892    -243.83148031804012  -297.9829918678336
1ma4sa3tma           -163.3161754629109     -252.70009019679856  -299.79511901202073
1dma1ma1msa          -34691.06120211794     -34713.65373696474   -75.77573317746842
