#CLUSTER             dG_298.15K_[Eh]      dH_298.15K_[Eh]      dS_298.15K_[Eh/K]
1am                  -56.52988805909683   -56.50803939758097   7.32807697999575e-05
1am1p                -56.85720364625544   -56.83610463444376   7.076643237191799e-05
1w                   -76.40561586272608   -76.38420180831024   7.182309044389683e-05
1ma                  -95.79622800897201   -95.76894067216848   9.15221760976739e-05
2am                  -113.05566862703388  -113.02054110028108  0.0001178183020385581
2am1p                -113.42235054725046  -113.39080726932802  0.00010579667255555442
1am1aq               -132.93539113990545  -132.90262748462283  0.00010988983827813601
1dma                 -135.06699067938317  -135.03623562975207  0.00010315294191215255
1dma1p               -135.42346841720837  -135.39234262282193  0.00010439642591462469
1am1ma               -152.319322318914    -152.2813754469675   0.000127274432153275
2w                   -152.8084914351091   -152.77587329214128  0.00010940178758276483
3am                  -169.58126544111155  -169.54121518509044  0.00013432921690798597
3am1p                -169.9693100927942   -169.9299643250406   0.0001319663516806453
1ma1w                -172.20136961289296  -172.16469313100745  0.00012301352301029756
1tma                 -174.33978119657058  -174.30721800533595  0.00010921747856663881
1fa                  -189.70265315505225  -189.67447074040697  9.452428188922547e-05
1eda                 -190.39973908219653  -190.365919158711    0.00011343257919013304
1bda                 -190.39975612208346  -190.36592512765836  0.00011346971130336562
2ma                  -191.58417647401023  -191.54383029322562  0.00013532175342814893
1am1dma              -191.5900728303147   -191.54951867244878  0.00013601931197693577
1am1dma1p            -191.9761550896277   -191.9368350368873   0.00013188010310380378
1am2aq               -209.34000893405243  -209.3016764725504   0.00012856770585950697
1am2aq1p             -209.70780045087577  -209.66661058969595  0.00013815147133931774
1mea                 -210.27413668478795  -210.24087824973287  0.00011154933776652117
1dma1w               -211.47109003866944  -211.4323048725487   0.00013008608459073195
1aq1dma1p            -211.84453394266927  -211.80445846741043  0.00013441380264581638
4am                  -226.10613172150894  -226.0592261479585   0.00015732206456629653
3w                   -229.21470268478998  -229.1773885580121   0.00012515219445873949
1mda                 -229.67047370424535  -229.6332930421903   0.00012470455158489595
1pda                 -229.67834719244354  -229.64193774232197  0.00012211789408542436
1dma1ma              -230.85599535343252  -230.81162302954291  0.0001488255035707257
1am1tma              -230.86426934743434  -230.82158865620588  0.00014315173982379828
1am1fa               -246.23826947775953  -246.20220309676705  0.00012096723458818805
1am1eda              -246.92421249726902  -246.8829786458749   0.00013829901524106802
2am1dma1p            -248.52065338113678  -248.47346026928275  0.00015828647276215296
1ma2w                -248.60530736203918  -248.5634117593125   0.00014051854008621887
1pz                  -267.75501793371467  -267.7202683597808   0.00011655064207237262
1diABmda             -268.94012434269126  -268.8998634708834   0.0001350356257180542
1diAAmda             -268.9417042950372   -268.90229770811214  0.0001321703401812206
1put                 -268.95635996950756  -268.9158983472572   0.0001357089460014761
2dma                 -270.12568305307707  -270.07979185903133  0.00015391981903649255
1ma1tma              -270.12879462025916  -270.0831149113652   0.00015321049436168053
2dma1p               -270.51494917661864  -270.4707065259289   0.000148390577527249
1nta                 -280.80756023921487  -280.7774218367255   0.00010108469726430694
1fa1ma               -285.5037910804249   -285.4650696645567   0.00012987226519596751
1am3aq               -285.7477251422262   -285.70383183411025  0.00014721887679353346
1am3aq1p             -286.12379903447726  -286.0738918744861   0.0001673894348185898
1eda1ma              -286.1892232346552   -286.144596718734    0.0001496780678221309
3ma                  -287.37646540098746  -287.3258491588012   0.00016976770815441247
1dma2w               -287.87653960723003  -287.8312218950983   0.00015199635127207642
2aq1dma1p            -288.2613950757026   -288.2127494239204   0.00016315831555324664
2am1fa               -302.76735581455125  -302.72425278363875  0.00014456827406516033
4w                   -305.62472964115625  -305.582058916221    0.0001431183127125702
1triAABmda           -308.21276758726134  -308.16986586076456  0.00014389309574637377
1dma1tma             -309.3989347617978   -309.3507028876443   0.00016177049858642192
1dma1fa              -324.77608253738947  -324.7333657001495   0.00014327297414058117
1dma1eda             -325.4597821114631   -325.4125194726635   0.00015851966728011463
1am2dma1p            -327.05836767977496  -327.00507821964493  0.0001787337250713774
1am1nta              -337.34762594265504  -337.3099767976662   0.0001262758510442277
1am1glyt             -340.3010725746458   -340.25790752186464  0.00014477629643183654
1am1gly              -340.8465378839608   -340.80404155603145  0.00014253338228870666
1am1gly1p            -341.21090392503623  -341.1698325346942   0.00013775411820229476
1am1fa1ma            -342.0335770599287   -341.9876633615151   0.00015399529905611514
1teAABBmda           -347.4810061249339   -347.4351362047652   0.00015384846610349493
2tma                 -348.6700438300548   -348.61842558258     0.00017312845035978325
1glyt1w              -360.185919297117    -360.14377040087953  0.00014136809068411875
1gly1w               -360.71822040521783  -360.67707994515274  0.0001379857791885807
1gly1p1w             -361.07492707454037  -361.033554927338    0.00013876286165485414
1am4aq               -362.1530928502251   -362.1024434244495   0.00016987900645846221
1fa1tma              -364.0499911275413   -364.005706205019    0.00014853235794843567
1dma3w               -364.2840980958553   -364.23370183676093  0.0001690298812490147
3aq1dma1p            -364.6719492448586   -364.61953901980314  0.00017578475618127952
1eda1tma             -364.7318127925084   -364.6804343496728   0.00017232414165883658
1ma1nta              -376.61455734505404  -376.5740446172649   0.0001358803548183814
1oa                  -378.20964905278777  -378.17452758168577  0.00011779799128619043
2fa                  -379.4131701443304   -379.3746439503548   0.00012921748775984892
1eda1fa              -380.10988714472995  -380.06613894713473  0.00014673217372203053
2eda                 -380.7940305758674   -380.74593571061797  0.00016131096847037205
1fa2ma               -381.28910782865603  -381.2383316128749   0.00017030426222082085
1am1dma1fa           -381.29323386008474  -381.24243196165554  0.00017039040224455768
5w                   -382.0301616761366   -381.98048024084545  0.00016663235046497936
4ma                  -383.168006442932    -383.1074629268152   0.00020306394806910753
2am1nta              -393.8750630342415   -393.83168489751876  0.00014549098347399516
3dma1p               -405.5949122875863   -405.5370223919859   0.00019416366124566702
1dma1nta             -415.88698466923836  -415.8432006004342   0.0001468524863463045
1dma1fa1ma           -420.5631021892578   -420.5105201016484   0.00017636118601168673
1am1fa1tma           -420.57336039321314  -420.5208953137136   0.00017596873888822028
1am1ma1nta           -433.146239395342    -433.09968775115783  0.00015613497965510557
1am2fa               -435.93189397760926  -435.88394964145925  0.00016080609139706498
1am1eda1fa           -436.6344421111761   -436.5826989525578   0.00017354740438812373
1am5aq1p             -438.9460338062154   -438.88251870246313  0.00021303070183558253
1dma4w               -440.68728967725013  -440.63269198438877  0.00018312155915266583
1nta1tma             -455.16091049921533  -455.1153579631825   0.0001527839544956615
1sua                 -456.78836050103115  -456.74645350912476  0.00014055673958205227
6w                   -458.4329723655393   -458.3807492313522   0.00017515725033410105
2dma1fa              -459.83141468273635  -459.77554064121847  0.00018740245352302396
1fa1ma1tma           -459.83207298398656  -459.77661847111426  0.00018599534755090854
1fa1nta              -470.5146433599581   -470.47403343395644  0.00013620635922066254
2ma1nta              -472.4082170345355   -472.3575507890786   0.0001699354199459506
1am1dma1nta          -472.41106684358095  -472.36123885703256  0.00016712388579031312
2fa1ma               -475.19605712129396  -475.14610286105034  0.00016754740983947574
1eda1fa1ma           -475.9030574237304   -475.84990841042355  0.00017826266411813873
2am2fa               -492.4737262156572   -492.4203458040419   0.0001790387778478247
1dma1fa1tma          -499.1051149226892   -499.04655770034384  0.00019640188611565
1dma1ma1nta          -511.6860516760512   -511.63301270307335  0.00017789358704626442
1am1nta1tma          -511.688281786443    -511.63569598401796  0.0001763736455644556
1dma2fa              -514.4695220154845   -514.4179522673114   0.00017296578290459545
1dma1eda1fa          -515.1737528004688   -515.1163945127611   0.0001923806396371177
1dma5w               -517.0943051300499   -517.0322349764191   0.0002081843153808544
1am1eda1nta          -527.7477440870396   -527.6965885677229   0.00017157645251286355
1am2fa1ma            -531.7430903511345   -531.6884008798497   0.00018342938549284772
1sua1w               -533.1907104983817   -533.1434043288207   0.00015866567016945853
7w                   -534.841461058867    -534.7841681689877   0.0001921612942457869
2put                 -537.9077503366153   -537.8497955748003   0.0001943812235957009
1fa2tma              -538.3815113062784   -538.3214114054626   0.0002015760550587299
4dma                 -540.2519820880173   -540.1799319228235   0.00024165743818142335
1ma1nta1tma          -550.9486273419116   -550.891342165205    0.00019213542413751666
2dma1nta             -550.9586457186571   -550.9023109249358   0.00018894782398527407
2fa1tma              -553.7385659330729   -553.6837509743043   0.00018385027257634718
1eda1fa1tma          -554.4415433342275   -554.3812649349185   0.00020217474193881882
2nta                 -561.6135567817582   -561.5706516080654   0.00014390465769851765
1eda1ma1nta          -567.0191973891414   -566.96445489414     0.00018360722790999198
1eda2fa              -569.8131719726268   -569.7592346222466   0.00018090675961825802
2eda1fa              -570.5039601650511   -570.4451487382852   0.0001972544919201174
2fa2ma               -571.0084944090031   -570.9496588169061   0.00019733554283739903
1am1dma2fa           -571.0107937481531   -570.9522531454603   0.00019634614352789169
1dma1nta1tma         -590.230110884415    -590.1721990498394   0.0001942372449292709
1dma1sua             -591.8580713284792   -591.805410357456    0.00017662576227824497
1dma6w               -593.4994713587414   -593.4346378971702   0.00021745249562718207
1dma1eda1nta         -606.2886085054112   -606.2304249018667   0.00019514876251703112
1sua2w               -609.5981980399441   -609.5460694727839   0.00017484007097177503
1am2fa1tma           -610.2810939542934   -610.2200124571496   0.0002048683452753116
1dma2fa1ma           -610.281283136038    -610.2199276799626   0.00020578720803445408
8w                   -611.254056653461    -611.1943874612972   0.00020013145116151563
1am2nta              -618.153345317223    -618.1040749733676   0.00016525354303355695
1am1eda2fa           -626.345049282882    -626.2843301913052   0.00020365283104739623
1nta2tma             -629.496103607598    -629.4351819040634   0.00020433239488383835
1pha                 -644.0430165069499   -644.0064399321965   0.00012267843284741368
1eda1nta1tma         -645.5555180149438   -645.495515123071    0.00020125068546991454
2fa1ma1tma           -649.5438351620261   -649.4788448780064   0.00021797848069666652
2dma2fa              -649.5458149143685   -649.4820670949495   0.00021381123400663154
1ca                  -651.9670448375736   -651.9114574058838   0.00018644115944925393
1pa                  -651.976336818848    -651.9229377316242   0.00017910141614566164
1ma2nta              -657.4268327731903   -657.375860522888    0.0001709617652265267
2eda1nta             -661.6228247700009   -661.5646974965556   0.00019495983043849672
1msa                 -664.2000621456181   -664.1639977194129   0.00012096067819939471
1eda2fa1ma           -665.5992374621405   -665.5363367580107   0.0002109699954041498
1dma1sua1w           -668.2603833482525   -668.2022897028821   0.00019484704132273047
2am2nta              -674.6886280474688   -674.6345324927885   0.000181437379440749
1sua3w               -686.0053450089781   -685.9488948396657   0.0001893347956140888
9w                   -687.6594973993544   -687.5938972756592   0.0002200238929909032
1dma2fa1tma          -688.8209458807866   -688.7549683632216   0.0002212896782323278
1dma2nta             -696.6942139565463   -696.6403751608764   0.0001805762055001374
1b                   -699.6207974062963   -699.5864407427903   0.00011523281404028793
1sa                  -700.1144840181483   -700.080667506986    0.00011342113420225625
1am1pha              -700.5805647425722   -700.5375481344773   0.00014427841051409146
1dma1eda2fa          -704.8684033790848   -704.8023419776225   0.00022157102620262037
1am1ma2nta           -713.9636634211105   -713.9042979131868   0.00019911288922889314
1pha1w               -720.4517199576253   -720.4098024537194   0.00014059199700104154
1am1msa              -720.7390548029239   -720.6969614445169   0.00014118181588781598
2fa2tma              -728.072630960734    -728.0046888868206   0.0002278788325117133
2nta1tma             -735.9763137644763   -735.9195549312059   0.00019037005960246588
1eda2fa1tma          -744.1518124560885   -744.0842049655133   0.0002267566344967187
1dma1sua2w           -744.6736355194881   -744.6098683876452   0.00021387600819368542
1eda2nta             -752.0342051873685   -751.9785118196982   0.0001867964704687415
1am1dma2nta          -753.2364180251758   -753.1762081206132   0.00020194500943369756
2ma2nta              -753.2480806147657   -753.1886387029141   0.00019936914925939846
1am1b                -756.1494065904035   -756.1091721728554   0.00013494689769606876
1am1sa               -756.6576007865607   -756.6165481570106   0.0001376911941980377
1am1p1sa             -756.9936445379224   -756.9491954835893   0.0001490828587389952
1homF                -759.5394318919161   -759.4841777097621   0.00018532343502932798
1ma1msa              -760.0053273532752   -759.9605303642726   0.00015024983733912453
2eda2fa              -760.2098001635298   -760.1427924190418   0.00022474507626383478
1sua4w               -762.4152000263873   -762.3508847623849   0.0002157144524647745
1mbtca               -763.1375051611251   -763.0813900852139   0.00018821088683960895
10w                  -764.0664080429665   -763.996901520298    0.00023312601934737573
1b1w                 -776.033817098428    -775.9926787029444   0.0001379788545483923
1sa1w                -776.5253397316836   -776.4847234086021   0.00013622781513167914
2am1msa              -777.2725309516085   -777.2256351457584   0.00015728930353890386
1am2nta1tma          -792.5046026815495   -792.4402131605018   0.00021596351181537573
1dma1ma2nta          -792.5214835393981   -792.4586654280473   0.0002106929778660289
1ma1sa               -795.926620654882    -795.8821375279041   0.00014919713894969542
1dma1msa             -799.2787462043415   -799.2316158397585   0.0001580760173834358
3put                 -806.8566695309786   -806.7795167248308   0.0002587717798011896
1am1eda2nta          -808.5631176725955   -808.5000055400259   0.0002116791298661179
2am1b                -812.6783417187481   -812.6287299614226   0.00016639864942328222
2am1sa               -813.1974355945599   -813.1486630793554   0.000163583817556745
2am1p1sa             -813.55989298972     -813.5112943044104   0.00016300078923205797
1am1homF             -816.0699745584145   -816.0076136572346   0.00020915948743880652
1am1ma1msa           -816.5443172300614   -816.493653173386    0.00016992807873702107
1dma1sua3w           -821.0826880198478   -821.0140902251443   0.00023007813081813049
1ma2nta1tma          -831.7853359798178   -831.718972509059    0.00022258417158734506
2dma2nta             -831.794971862598    -831.7286918067172   0.00022230439671568913
1am1b1w              -832.5631154718936   -832.5180324927861   0.00015120905285088537
1am1aq1sa            -833.0674901509058   -833.020828902896    0.00015650259268756394
1am1aq1p1sa          -833.4143175148747   -833.3655159894806   0.0001636811182092157
1b1dma               -834.6873311166559   -834.6412194799287   0.00015465918741290716
1dma1sa              -835.2033206689237   -835.1551470694991   0.00016157504418752336
1dma1p1sa            -835.5503044456763   -835.5012413987586   0.00016455826569756655
1homF1w              -835.9422041796322   -835.8835600257794   0.0001966934558202371
1sua5w               -838.8200312797912   -838.753355890741    0.00022363035066346923
1eda1ma2nta          -847.8353718552107   -847.7706751558271   0.00021699379300227955
1b2w                 -852.4446458502838   -852.3988350834342   0.00015365006489906358
1am1ma1sa            -852.4646920407291   -852.4150255195481   0.00016658232829448703
1sa2w                -852.9354363847245   -852.8892677981294   0.00015485019820607294
1fa1msa              -853.910890243593    -853.8659700060384   0.00015066321500788754
1eda1msa             -854.6152066725351   -854.566612670884    0.00016298508016492405
1am1dma1msa          -855.809970300015    -855.7552715605299   0.0001834604711895325
2ma1msa              -855.8111903294244   -855.7584167495131   0.00017700345433948415
3am1sa               -869.7301574338929   -869.6770706729541   0.00017805386865281814
3am1p1sa             -870.1068625981601   -870.0525785137492   0.00018206971125568928
1dma2nta1tma         -871.0423991560499   -870.9734967375749   0.00023109984395434875
1ma1sa1w             -872.3408069032713   -872.2913935927846   0.00016573305546429306
1sa1tma              -874.4770844328294   -874.4275472236658   0.00016614861366302902
1dma1eda2nta         -887.1065024148006   -887.0381397248615   0.00022928958557478184
1fa1sa               -889.8269219078209   -889.7829841134092   0.00014736808456031726
2am1aq1p1sa          -889.9778402031585   -889.9240254424888   0.00018049559171474304
1eda1sa              -890.536178947277    -890.4880660559909   0.0001613714280934498
1bda1sa              -890.5361952737512   -890.4880799967427   0.00016137942984555673
2ma1sa               -891.7320120360729   -891.6786190538721   0.00017908093979813344
1am1dma1sa           -891.739947249347    -891.6863365056436   0.00017981131545687134
1am1dma1p1sa         -892.1132615954785   -892.0591629492967   0.00018144774838795195
1dma1homF            -894.6070845509568   -894.5398698446921   0.00022543922946387812
1am1msa1tma          -895.0854147097765   -895.0288971054243   0.00018956097384585668
1dma1sua4w           -897.4854848751096   -897.4144922927256   0.00023811028805605834
1am1b2w              -908.9755186358335   -908.9234812320091   0.00017453430764521487
1am2aq1sa            -909.4821128261877   -909.4305443422396   0.00017296154267374425
1am2aq1p1sa          -909.8290120735097   -909.7681550307901   0.0002041155214477501
2nta2tma             -910.3073801421515   -910.2356495044198   0.00024058573782200187
1am1fa1msa           -910.4386528244198   -910.3860293125028   0.00017650012382024232
1b1dma1w             -911.1003024177313   -911.0475852970205   0.0001768140892530478
1am1eda1msa          -911.1517840488153   -911.0962809216155   0.00018615840080419483
1dma1sa1w            -911.6160788160785   -911.563030684728    0.00017792430437846513
1aq1dma1p1sa         -911.9707004618786   -911.9140931839017   0.00018986174065661527
1sua6w               -915.2318452088008   -915.1611435835412   0.0002371344130795329
4am1sa               -926.2633642124605   -926.2047783446761   0.00019649796338859764
1eda2nta1tma         -926.3988782502121   -926.328324799018    0.00023663743482844134
1b3w                 -928.8565314183978   -928.805434668531    0.0001713793388122243
1sa3w                -929.3444079231119   -929.2925632081873   0.00017388802590870378
1mda1sa              -929.8121600405277   -929.7604736315739   0.0001733570650806886
1pda1sa              -929.8215943106405   -929.7714069491972   0.00016832923509424403
1dma1ma1sa           -931.0070256362706   -930.9508816186535   0.00018830795779640355
1am1sa1tma           -931.0116584555798   -930.9557270367565   0.00018759489794856812
1ma1msa1tma          -934.3507961098068   -934.2916703616103   0.00019830873116366294
2dma1msa             -934.358225924634    -934.298637335774    0.00019986110635597312
2eda2nta             -942.4442337653686   -942.3765099662811   0.00022714673515837218
1msa1nta             -945.0113261375532   -944.9639114728652   0.00015902956460818034
1am1fa1sa            -946.3695414543716   -946.3188801437018   0.0001699188685892007
1am1eda1sa           -947.073568472972    -947.0182209649345   0.00018563645157677303
2am1dma1sa           -948.2674870009863   -948.2092951589741   0.00019517639447340845
2am1dma1p1sa         -948.6594373363698   -948.5987869208301   0.000203422490490435
1ma1sa2w             -948.7546966028655   -948.6985888256307   0.00018818640695881435
1fa1ma1msa           -949.7110516069589   -949.656515433924    0.0001829152206435131
1eda1ma1msa          -950.4190527262842   -950.360949781111    0.00019487823301435447
1dma1ma1msa          -950.4190527262842   -950.360949781111    0.00019487823301435447
1sa1tma1w            -950.8845612370853   -950.8291920882217   0.00018570903526306527
2am2aq1p1sa          -966.395814094667    -966.3351194843003   0.0002035707206664397
2am1fa1msa           -966.9896223137509   -966.9335230744489   0.00018815777059233676
2ma1sa1w             -968.1416355575262   -968.0834493288605   0.00019515756721666527
1diAAmda1sa          -969.0794165556194   -969.0251435811512   0.00018203244832558694
1diABmda1sa          -969.0813875771639   -969.0263692271656   0.0001845324501034457
1put1sa              -969.1033990916335   -969.0508944087658   0.00017610156923616543
1b2dma               -969.7508946143238   -969.6911586089367   0.00020035554381040035
1ma1sa1tma           -970.2769380643896   -970.2192292389993   0.00019355634878483747
2dma1sa              -970.2782656382489   -970.2184987701041   0.00020045905800658724
2dma1p1sa            -970.6660306905726   -970.605476485676    0.00020309979841224467
1dma1msa1tma         -973.6274263149813   -973.5655177783188   0.00020764224941304023
1dma1sua5w           -973.8988358098394   -973.8239929287688   0.0002510242531295469
1nta1sa              -980.9253336916056   -980.8790811332793   0.00015513184077247134
1glyt1sa             -983.9534421125259   -983.9049446676024   0.00016266122731336033
1gly1sa              -984.4284147363732   -984.3815525264927   0.00015717662210472226
1gly1p1sa            -984.7817662818433   -984.7285132327537   0.00017861160184308924
1am1b3w              -985.3882778311686   -985.3328931249878   0.00018576121476028012
1fa1ma1sa            -985.6438971391578   -985.5905610319311   0.00017889018020043906
1am3aq1sa            -985.8907655137191   -985.8331686246372   0.00019318091256696608
1am3aq1p1sa          -986.2415746358492   -986.1752959273872   0.0002222998774512352
1eda1ma1sa           -986.3405753472725   -986.2821684696058   0.00019589762759258196
1mea1sa1w            -986.8230314119671   -986.7703664426101   0.00017663917275545203
1b1dma2w             -987.5138946331259   -987.4569628337501   0.0001909501907622862
3ma1sa               -987.5342499694357   -987.4717239569434   0.00020971327349437837
1dma1sa2w            -988.0268736415187   -987.9693176357735   0.00019304378918417358
2aq1dma1p1sa         -988.3851522478983   -988.3229709256926   0.0002085571766079493
1dma1fa1msa          -988.9842014816039   -988.926537196087    0.0001934069613179327
1dma1eda1msa         -989.6897868313063   -989.6291327283922   0.00020343485800452103
1am1msa1nta          -1001.5537665985416  -1001.5013273850019  0.00017588198403400117
2am1fa1sa            -1002.9087298742415  -1002.8529259024515  0.0001871674385042482
1b4w                 -1005.2684161000453  -1005.2141275817182  0.0001820845826837322
1sa4w                -1005.7544579483563  -1005.6977016765619  0.00019036146836959287
1am1fa1ma1msa        -1006.2538931173136  -1006.1922065801983  0.00020689765928336688
1sa1triAABmda        -1008.352935635624   -1008.2951852058424  0.00019369589059742146
1dma1sa1tma          -1009.5495407713578  -1009.487560674824   0.00020788226239747693
1msa2tma             -1012.891321629111   -1012.8258081479695  0.00021973329244164247
1dma1fa1sa           -1024.9193496544085  -1024.8629232654553  0.00018925503589904016
1ma1sa3w             -1025.162878748912   -1025.101190357941   0.00020690387714510024
1dma1eda1sa          -1025.6156842637438  -1025.5555505276013  0.00020168953930021518
1am2dma1sa           -1026.8106294703414  -1026.7466898175046  0.00021445464644256302
1am2dma1p1sa         -1027.2090398596183  -1027.1426050619737  0.0002228234031346774
1sa1tma2w            -1027.2929275279034  -1027.2331014260483  0.0002006577288454274
1fa1msa1tma          -1028.2650739819485  -1028.206055850693   0.00019794778217481875
1eda1msa1tma         -1028.9590098330789  -1028.8959808088462  0.00021140038313817366
1am1nta1sa           -1037.472936964951   -1037.4204688274997  0.00017597899530883473
1am1glyt1sa          -1040.4813906744148  -1040.426990649257   0.0001824585784264953
1ma1msa1nta          -1040.8225501036618  -1040.7672598535262  0.00018544440763275675
1am1gly1sa           -1040.9810066383554  -1040.9245873054363  0.00018923136984461798
1am1gly1p1sa         -1041.3459344284531  -1041.2877381451435  0.0001951912906575004
1am1fa1ma1sa         -1042.1805959640858  -1042.1210108682087  0.00019984939083368626
1eda1fa1msa          -1044.3004894341695  -1044.2413538087158  0.00019834185964679395
2ma1sa2w             -1044.5554539689206  -1044.491094373311   0.00021586314140435272
2eda1msa             -1045.0286214911835  -1044.9674452826741  0.00020518600875191054
1fa2ma1msa           -1045.501416345061   -1045.4365701245856  0.00021749528920170295
1am1dma1fa1msa       -1045.5291064179073  -1045.4655663749734  0.00021311434826082012
1aq2dma1p1sa         -1047.0819846435704  -1047.0143052858618  0.0002269976780429563
1sa1teAABBmda        -1047.6211014700114  -1047.5607615144368  0.00020238120266480533
1sa2tma              -1048.8233578580134  -1048.7603516093168  0.00021132399361610928
1dma1sua6w           -1050.3060072852613  -1050.2255939542363  0.0002697076338255609
2am1msa1nta          -1058.0880921061064  -1058.0291800434518  0.0001975920263441074
1glyt1sa1w           -1060.3639244241488  -1060.3082425127684  0.0001867580458843983
1gly1sa1w            -1060.8483774253855  -1060.7926138899468  0.00018703181431726137
1gly1p1sa1w          -1061.201719950423   -1061.1418846013578  0.00020068874413968886
1am1b4w              -1061.7935159073215  -1061.7313455127628  0.00020852052510032739
1am4aq1sa            -1062.2985406475182  -1062.2350121138836  0.0002130757458814681
1am4aq1p1sa          -1062.657216728329   -1062.5861362919436  0.00023840495182141384
1b1dma3w             -1063.925875335656   -1063.864724657567   0.0002051003793025682
1fa1sa1tma           -1064.1855497108395  -1064.1279336576351  0.00019324518934898228
1dma1sa3w            -1064.4347215793096  -1064.3717817804159  0.0002111011198850672
1eda1sa1tma          -1064.88382333891    -1064.8212363339078  0.00020991784337468436
4put                 -1075.8119917779911  -1075.7180258233766  0.00031516335607723614
1ma1nta1sa           -1076.73663111462    -1076.6793562246905  0.00019210092211813725
1oa1sa               -1078.3279243554405  -1078.2766744213568  0.00017189312119268336
1dma1msa1nta         -1080.1032576593545  -1080.0446828569377  0.00019646084996450964
1eda1fa1sa           -1080.2531095912655  -1080.1945486980953  0.0001964141981220762
2eda1sa              -1080.9482784026345  -1080.8866746875258  0.00020661987291216628
1fa2ma1sa            -1081.4479743415027  -1081.38388876614    0.00021494407299237094
1am1dma1fa1sa        -1081.4545019378243  -1081.3925006491668  0.00020795334112839626
1b5w                 -1081.676642813942   -1081.6175989620294  0.00019803404968150962
1sa5w                -1082.1605471100625  -1082.0996270314563  0.0002043269448471467
4ma1sa               -1083.331968438953   -1083.260952204126   0.0002381896187391658
2am2dma1p1sa         -1083.7511564887313  -1083.6792090943732  0.00024131274310990421
1dma1fa1ma1msa       -1084.7822049254987  -1084.7152605982221  0.00022453237389461828
1am1fa1msa1tma       -1084.7960465828307  -1084.7297653861324  0.00022230822303674885
2am1nta1sa           -1094.009549444141   -1093.95291864493    0.00018994063126279872
1am1ma1msa1nta       -1097.366098513337   -1097.3063126270283  0.00020052284524130977
1am1eda1fa1msa       -1100.856825915594   -1100.7916725681869  0.0002185253979781847
1sa1tma3w            -1103.7021696036586  -1103.6395791557552  0.00020992939092226944
3dma1sa              -1105.3487595663412  -1105.2781128520116  0.00023695024091712396
3dma1p1sa            -1105.7559740950537  -1105.685590685963   0.00023606711081922276
1dma1nta1sa          -1116.0224900188857  -1115.9643778874197  0.00019490904399144035
1msa1nta1tma         -1119.3740105261381  -1119.3135698943984  0.0002027188721779535
1am1fa1sa1tma        -1120.71743712735    -1120.6527524578662  0.00021695344452008812
1dma1fa1ma1sa        -1120.7185584537908  -1120.6534196462312  0.00021847663109020752
2aq2dma1p1sa         -1123.4968479568543  -1123.4237214396276  0.0002452675405892691
2dma1fa1msa          -1124.0437373110851  -1123.9746010342824  0.0002318842086291443
1fa1ma1msa1tma       -1124.060094495077   -1123.9920324640984  0.0002282811704796689
1sa2tma1w            -1125.2319041022376  -1125.1628678199038  0.00023154882553733363
1am1ma1nta1sa        -1133.2833690093876  -1133.2220803273283  0.0002055632468867474
1eda1msa1nta         -1135.4365932475596  -1135.3763451896664  0.00020207297633101942
2ma1msa1nta          -1136.637108925099   -1136.5734455046434  0.0002135281584962617
1am1dma1msa1nta      -1136.637343931082   -1136.573467412591   0.00021424289280823713
1am1eda1fa1sa        -1136.7875044273585  -1136.7238695325213  0.0002134324831032399
1am1b5w              -1138.1995882855672  -1138.132105140106   0.00022633957894120218
1am5aq1sa            -1138.7091792172318  -1138.6417828229742  0.00022604861397879658
1eda1fa1ma1msa       -1140.0914929971989  -1140.0233463169745  0.00022856508544135044
1b1dma4w             -1140.3377965853244  -1140.2711997090526  0.00022336701751439467
1dma1sa4w            -1140.8409788273775  -1140.7741046833569  0.00022429697810013959
1oa1sa1w             -1154.7375829050236  -1154.6810391984734  0.00018964852104740092
1nta1sa1tma          -1155.2729908613046  -1155.2120529537458  0.00020438674344748934
1sa6w                -1158.5685324163858  -1158.5031997756716  0.00021912675067660458
1fa1ma1sa1tma        -1159.9897222723387  -1159.921521005884   0.00022874816855520926
2dma1fa1sa           -1159.9908162534243  -1159.9232562528582  0.00022659735222603955
1dma1fa1msa1tma      -1163.3101465801612  -1163.2383443385543  0.00024082589839690438
1eda1nta1sa          -1171.3565099770128  -1171.295621165954   0.00020422207297951896
2ma1nta1sa           -1172.5505429845111  -1172.4869641769887  0.00021324436532782544
1am1dma1nta1sa       -1172.557164055608   -1172.4930826461975  0.00021493010031968277
1dma1ma1msa1nta      -1175.8971390817405  -1175.8300631004654  0.00022497394356911943
1am1msa1nta1tma      -1175.9030459350477  -1175.8369455489467  0.00022170178132175822
1eda1fa1ma1sa        -1176.048495458816   -1175.9801592711933  0.00022920069636982477
1dma1eda1fa1msa      -1179.360174368566   -1179.2903714853219  0.0002341200175886498
1am1eda1msa1nta      -1191.9824037571566  -1191.9168450919535  0.00021988484052686306
1dma1fa1sa1tma       -1199.259566297591   -1199.1894972139232  0.00023501285818424645
1sa2tma2w            -1201.6379208546407  -1201.563428071459   0.00024985001905670486
1fa1msa2tma          -1202.6019179555565  -1202.5287789736185  0.000245309347435876
1am1nta1sa1tma       -1211.823561273368   -1211.757287005784   0.00022228498267226295
1dma1ma1nta1sa       -1211.826331189819   -1211.759268831322   0.00022492825254728262
2dma1msa1nta         -1215.1767079888455  -1215.105893808799   0.00023751192368425252
1ma1msa1nta1tma      -1215.188258794282   -1215.118533653532   0.0002338592679858595
1dma1eda1fa1sa       -1215.3275111558005  -1215.2590276897593  0.0002296946706061019
1b1dma5w             -1216.7406937154922  -1216.667215625058   0.0002464467229051387
1dma1sa5w            -1217.2491968886654  -1217.1763227218637  0.0002444211531169693
1eda1fa1msa1tma      -1218.6337577821332  -1218.560055709528   0.00024719796278864715
1am1eda1nta1sa       -1227.902429508308   -1227.8400627987583  0.00020917896880676715
1oa1sa2w             -1231.1478224496389  -1231.0863771988993  0.00020608838081372856
1eda1ma1msa1nta      -1231.254997632033   -1231.1863091893167  0.00023038216574322235
2eda1fa1msa          -1234.7134593341827  -1234.641255237367   0.00024217372737114887
1sa7w                -1234.9817597065773  -1234.912251241385   0.00023313253460436454
2put1sa              -1238.0696101513415  -1238.0004921368115  0.00023182295666582814
1fa1sa2tma           -1238.5345812140893  -1238.46302096563    0.00024001424940253463
4dma1sa              -1240.4183740878655  -1240.3379173401536  0.0002698532541064489
1ma1nta1sa1tma       -1251.0973414018456  -1251.0294876859714  0.00022758247819633048
2dma1nta1sa          -1251.0984504131293  -1251.0299436448474  0.00022977282670401755
1dma1msa1nta1tma     -1254.463064017237   -1254.3919928771302  0.00023837377194982663
1eda1fa1sa1tma       -1254.5779575821828  -1254.506323968391   0.00024026031793365795
1eda1ma1nta1sa       -1267.1541862583172  -1267.0873572099106  0.00022414572667008603
1dma1eda1msa1nta     -1270.5058165469293  -1270.435985774125   0.00023421355963228782
2eda1fa1sa           -1270.6543091629976  -1270.5834377223205  0.00023770397678043903
2mea1sa2w            -1273.519935945739   -1273.4476581242104  0.00024242100126959192
2pha                 -1288.1033022763115  -1288.0506832835244  0.00017648496658421653
1dma1nta1sa1tma      -1290.3675114747045  -1290.2968743864528  0.00023691795489418457
1dma1sa6w            -1293.654011767526   -1293.5761552129616  0.00026113216355664535
1msa1nta2tma         -1293.7249886351813  -1293.6526013920882  0.0002427880029957506
2ca                  -1303.9587381551194  -1303.8762526074738  0.00027665788242653937
2pa                  -1303.9632146449628  -1303.884380583366   0.00026441073820836664
1dma1eda1nta1sa      -1306.432492705976   -1306.3622958665017  0.0002354413532601305
1oa1sa3w             -1307.5580820266057  -1307.4930624106585  0.00021807686046359753
1eda1msa1nta1tma     -1309.7597479365206  -1309.686344406618   0.00024619664565663646
1sa8w                -1311.388790843687   -1311.3144213939095  0.00024943635679237404
2eda1msa1nta         -1325.8410402951927  -1325.768473696984   0.0002433895630003168
2msa                 -1328.4096126940747  -1328.3592427067736  0.00016894176522259564
1nta1sa2tma          -1329.6268830714284  -1329.552234260542   0.0002503733385420083
1pha1sa              -1344.1729372062198  -1344.1221152960156  0.0001704575220668983
1eda1nta1sa1tma      -1345.6931856526164  -1345.6208637160485  0.00024256896383665938
1pa1sa               -1352.1013527796904  -1352.0339063602726  0.0002262163991878913
1ca1sa               -1352.1031787058782  -1352.037740024795   0.00021948241181682815
2eda1nta1sa          -1361.7825823924122  -1361.7119686833107  0.00023683954084038433
1msa1sa              -1364.3282945053281  -1364.2794723760417  0.0001637502240028441
1oa1sa4w             -1383.966663978438   -1383.9002164627902  0.00022286605952578394
1am2msa              -1384.9548365539536  -1384.8986622117834  0.0001884096668458595
1sa9w                -1387.8007963904004  -1387.7244212087614  0.000256163614418285
1b1sa                -1399.7880931715295  -1399.742193115448   0.0001539495424502455
2sa                  -1400.2385311952685  -1400.1893264611506  0.00016503348689522336
1am1msa1sa           -1420.8796553408172  -1420.8260386558813  0.00017983124244766834
1ma2msa              -1424.2292728726954  -1424.1704476259613  0.00019730084432046033
2am2msa              -1441.5012479927668  -1441.4413750798853  0.00020081473379653214
1am1b1sa             -1456.3199909236337  -1456.268683730933   0.00017208516753545615
1am2sa               -1456.795848726261   -1456.7423554807376  0.00017941722462968667
1am1p2sa             -1457.1255629626596  -1457.0689700150324  0.0001898136764286601
1homF1sa             -1459.6610100129487  -1459.5963043812983  0.0002170237519718227
1ma1msa1sa           -1460.154455842803   -1460.0972400243604  0.0001919027953799641
1oa1sa5w             -1460.3749080767718  -1460.3034199516699  0.00023977234647678825
1mbtca1sa            -1463.2667971301357  -1463.199032935799   0.0002272822214882368
1dma2msa             -1463.5049218004856  -1463.4430730777221  0.0002074416326125835
1sa10w               -1464.2088452689304  -1464.1268529355546  0.0002750036336603597
1b1sa1w              -1476.1955376058627  -1476.1422857349944  0.0001786076500699166
2sa1w                -1476.6507748702224  -1476.5969736833263  0.00018045006505520886
2am1msa1sa           -1477.4241100078452  -1477.3651957811046  0.00019759928472487117
1am1ma2msa           -1480.7754937677666  -1480.7105458276048  0.00021783645870139474
1ma2sa               -1496.0694975508268  -1496.0124075285778  0.00019148087287972125
1dma1msa1sa          -1499.4305975155219  -1499.3701393378064  0.0002027777216684434
2msa1tma             -1502.7729063248873  -1502.7087923220236  0.0002150394192979502
3put1sa              -1507.0414812901302  -1506.9568440969883  0.0002838745367827483
2am1b1sa             -1512.8500457712105  -1512.7927291441233  0.00019224090923069097
2am2sa               -1513.3411143739327  -1513.281136676018   0.0002011661845207406
2am1p2sa             -1513.6958609337441  -1513.6346119403966  0.0002054301302954426
1am1homF1sa          -1516.2138134305976  -1516.1441251557137  0.0002337356192650792
1am1ma1msa1sa        -1516.695572965654   -1516.6309649740608  0.00021669626561556708
1eda2msa             -1518.8427095480995  -1518.7819179150363  0.0002038961363851838
2homF                -1519.083151745764   -1519.0006656106868  0.00027665985268248593
2ma2msa              -1520.04700866877    -1519.9763970531706  0.00023683251920005814
1am1dma2msa          -1520.049454036      -1519.981403557172   0.0002282424243773906
1am1b1sa1w           -1532.728180087622   -1532.6702160704604  0.0001944122661800861
1am1aq2sa            -1533.2087058696832  -1533.1490872942404  0.00019996168184758246
1b1dma1sa            -1534.868106288496   -1534.8099277055076  0.00019513192348963795
1dma2sa              -1535.3471945559957  -1535.2867916863531  0.00020259221748302107
1dma1p2sa            -1535.6803884074807  -1535.6179972058176  0.00020926111575788936
1homF1sa1w           -1536.074474074941   -1536.0054832223059  0.00023139645358103236
1oa1sa6w             -1536.7850120414817  -1536.7074876082443  0.00026001822316766316
1msa1sa1tma          -1538.6965518140228  -1538.6339670483276  0.00020991033270207897
1sa11w               -1540.6188260100132  -1540.5318163086113  0.00029183196847868407
1b1sa2w              -1552.6053515019728  -1552.5491775849193  0.00018840824099794276
1am1ma2sa            -1552.616015398475   -1552.5510784600112  0.0002177995588251883
2sa2w                -1553.062108204449   -1553.0024294027553  0.00020016368168302413
1eda1msa1sa          -1554.7632266136168  -1554.7013090999037  0.0002076723585878267
2ma1msa1sa           -1555.9685354437229  -1555.9000620603065  0.0002296608533167435
1am1dma1msa1sa       -1555.9731817322015  -1555.9078941471955  0.00021897563309052333
1am2msa1tma          -1559.3125154799643  -1559.2429891257025  0.0002331925348377975
1dma1ma2msa          -1559.3218693240522  -1559.2514207539218  0.00023628566201701034
3am2sa               -1569.8820486102272  -1569.8178838215176  0.00021520975585990714
3am1p2sa             -1570.260346082951   -1570.1939034128009  0.00022284980764770352
1ma2sa1w             -1572.4820964600437  -1572.418498643561   0.00021330812169294841
2sa1tma              -1574.6165684471398  -1574.554445275735   0.0002083621378667506
1am1eda2msa          -1575.3818925477333  -1575.3124361674975  0.00023295784080431089
2am1b1sa1w           -1589.2539179455011  -1589.1881859746136  0.00022046611064111362
2am1aq2sa            -1589.7562048991676  -1589.6925898237635  0.00021336600839920504
1eda2sa              -1590.6800159732086  -1590.6178230576127  0.0002085960610297021
2ma2sa               -1591.888169657758   -1591.819984210926   0.00022869510928102637
1am1dma2sa           -1591.8916418691963  -1591.8258624596024  0.0002206252208416673
1am1dma1p2sa         -1592.2505135222102  -1592.1824424936738  0.00022831134843654278
1dma1homF1sa         -1594.763601788367   -1594.6888199306204  0.00025081957989768955
1am1msa1sa1tma       -1595.239799274091   -1595.1725576542417  0.00022552949806913514
1dma1ma1msa1sa       -1595.2470263764808  -1595.1780014038977  0.00023151089244696313
1ma2msa1tma          -1598.5850914877194  -1598.51168354019    0.00024621146244997846
2dma2msa             -1598.5958699716186  -1598.5199963056243  0.000254481522704143
1am1b1sa2w           -1609.1401392882644  -1609.0784645358933  0.00020685813305766079
1am2aq2sa            -1609.6148520449794  -1609.5514000230592  0.00021281912433437097
1b1dma1sa1w          -1611.2743765668433  -1611.211156241725   0.00021204200945293888
1am1eda1msa1sa       -1611.3071580016006  -1611.23988234637    0.00022564365329720267
1dma2sa1w            -1611.7571858583622  -1611.69213759137    0.00021817295653924924
1eda1ma2msa          -1614.6552182276835  -1614.5820900730666  0.0002452730324224851
1sa12w               -1617.0250644279643  -1616.9341189036281  0.00030503278328382805
4am2sa               -1626.4178336965535  -1626.3479774360012  0.0002342990459580185
4am1p2sa             -1626.8057484245471  -1626.7330806621587  0.0002437288693224473
1b1sa3w              -1629.0152613536186  -1628.9557731574905  0.0001995243874833208
2sa3w                -1629.4743547828095  -1629.41115533617    0.00021197198269164052
1am2sa1tma           -1631.1604461047737  -1631.0938376712347  0.00022340578077821585
1dma1ma2sa           -1631.1657664497823  -1631.0974459412928  0.0002291481082992323
2am1fa2msa           -1631.1948701890567  -1631.1235540418977  0.00023919552962915454
1ma1msa1sa1tma       -1634.5141636917213  -1634.4427636803257  0.00023947681165717452
2dma1msa1sa          -1634.521626746906   -1634.4501305847225  0.00023979930298000807
1dma2msa1tma         -1637.8595040896369  -1637.7837074102265  0.00025422330843657373
1am1eda2sa           -1647.2250415552303  -1647.1582752656911  0.00022393523239666601
2am1dma2sa           -1648.4271751725812  -1648.3606060995742  0.0002232737649068428
2am1dma1p2sa         -1648.8131492469938  -1648.7417295232187  0.0002395429273021096
1ma2sa2w             -1648.889254254054   -1648.8207709016092  0.00022969428960236757
1eda1ma1msa1sa       -1650.579417756143   -1650.508987517121   0.00023622417917743227
2sa1tma1w            -1651.0229424811025  -1650.9559577237585  0.00022466797700485534
1dma1eda2msa         -1653.93002750788    -1653.8548563544525  0.00025212528400952967
2am1b1sa2w           -1665.6609920360354  -1665.5891664620383  0.00024090415561701145
2am2aq2sa            -1666.1705883838276  -1666.1027463721236  0.00022754322221731058
2am1fa1msa1sa        -1667.1177070371916  -1667.0482514910746  0.0002329550431566384
2ma2sa1w             -1668.302463651533   -1668.2316483046534  0.0002375158372615552
1put2sa              -1669.2507131465688  -1669.1880942685902  0.00021002474586165099
1b2dma1sa            -1669.9341646038706  -1669.8643449836295  0.00023417615375190167
1ma2sa1tma           -1670.434684986157   -1670.3658596014202  0.00023084147153034756
2dma2sa              -1670.4402168074937  -1670.3697985923436  0.0002361838509141357
1am1fa1ma2msa        -1670.4711074622087  -1670.3984944691797  0.00024354517199024975
2dma1p2sa            -1670.803319755095   -1670.7295518283888  0.0002474188385242155
1dma1msa1sa1tma      -1673.7882682924774  -1673.7155779699783  0.00024380453630433468
2msa2tma             -1677.122035249592   -1677.0458325166003  0.00025558521882215876
1glyt2sa             -1684.1056666351253  -1684.0450347073067  0.00020336048237004007
1gly2sa              -1684.5819535916203  -1684.5188381234295  0.00021169031759461575
1gly1p2sa            -1684.912424419351   -1684.8467373431204  0.00022031553322413125
1am1b1sa3w           -1685.548156478694   -1685.47942262293    0.00023053448185114377
1am3aq2sa            -1686.0294769082432  -1685.9623614705067  0.00022510628118876347
1eda1ma2sa           -1686.4986582047084  -1686.4284713570032  0.00023540784070124398
1mea2sa1w            -1686.9590580820532  -1686.8898741356782  0.00023204409315786563
1b1dma1sa2w          -1687.68244041008    -1687.6127987839607  0.00023357915854241523
3ma2sa               -1687.6919102229542  -1687.616257644515   0.0002537399914110172
2am2sa1tma           -1687.7036622548073  -1687.6316674731163  0.0002414716810031007
1dma2sa2w            -1688.1645654899683  -1688.0940190175204  0.00023661402799870216
1dma1eda1msa1sa      -1689.8546355106237  -1689.7820794188638  0.00024335432419873666
1eda2msa1tma         -1693.192701290879   -1693.1145127805432  0.00026224554866980125
1sa13w               -1693.4344020317433  -1693.3403877708909  0.00031532537599346855
2am1fa2sa            -1703.01197625323    -1702.938691774871   0.00024579734482324485
3am1dma2sa           -1704.9549271918686  -1704.880316239196   0.0002502463614711851
3am1dma1p2sa         -1705.3524563458907  -1705.2759534925162  0.00025659182751793983
1b1sa4w              -1705.422262211914   -1705.355435116876   0.00022413917503908922
2sa4w                -1705.8847187853096  -1705.819030345474   0.00022032010677721457
1am1fa1ma1msa1sa     -1706.3899504035028  -1706.3170385041005  0.00024454770887910636
2eda2msa             -1709.2654777904643  -1709.191135670546   0.0002493446919953863
1dma2sa1tma          -1709.7095333587974  -1709.636122466198   0.00024622134026282613
1fa2ma2msa           -1709.758687438876   -1709.6812975120067  0.00025956708659836253
1am1dma1fa2msa       -1709.7632826941035  -1709.6866832653861  0.00025691574280501105
1msa1sa2tma          -1713.0502180404785  -1712.9748296687205  0.0002528538378597558
2am2msa1nta          -1722.3204875332667  -1722.2498435425985  0.000236941105712719
1ma2sa3w             -1725.301293360244   -1725.2301115483447  0.00023874496696046218
1dma1eda2sa          -1725.7741970635577  -1725.7016542954707  0.0002433096363814125
1am2dma2sa           -1726.9778305109805  -1726.9007389250853  0.0002585664460684804
1am2dma1p2sa         -1727.3670407958075  -1727.2882240719896  0.00026435258701331895
2sa1tma2w            -1727.4337502329374  -1727.3635854019867  0.00023533399614505675
1eda1msa1sa1tma      -1729.1188488999999  -1729.0442310953317  0.0002502693431770502
1am1glyt2sa          -1740.639861851773   -1740.5712439275085  0.0002301456456973198
1am1gly2sa           -1741.1221318233643  -1741.0521254878472  0.00023480239985627756
1am1gly1p2sa         -1741.4822842289568  -1741.4113993730919  0.00023774897154121526
2am1b1sa3w           -1742.0828146056033  -1742.0111664069293  0.000240309235867715
1am1fa1ma2sa         -1742.3232354541285  -1742.2522890757764  0.00023795531897408159
2am3aq2sa            -1742.5782780396858  -1742.5048564766503  0.0002462571290805753
2ma2sa2w             -1744.7160149708916  -1744.6399747498904  0.0002550401509350867
2eda1msa1sa          -1745.1877467207282  -1745.1126597192963  0.00025184303683385256
1fa2ma1msa1sa        -1745.6589732119573  -1745.5817879925055  0.00025888049455573015
1am1dma1fa1msa1sa    -1745.6650547059435  -1745.5895023715834  0.00025340377112174044
1b2dma1sa1w          -1746.3404001742235  -1746.265429909605   0.0002514514996426146
2dma2sa1w            -1746.8484740262566  -1746.7724350941728  0.0002550358278841444
2sa2tma              -1748.9833414558482  -1748.9084893313482  0.00025105525574364775
1dma1fa1ma2msa       -1749.0092587377937  -1748.9286290924779  0.0002704331555115719
1am1fa2msa1tma       -1749.0263420146614  -1748.9484569615197  0.00026122774825343154
2am1msa1nta1sa       -1758.2213975294821  -1758.1483591324513  0.0002449719840043069
1glyt2sa1w           -1760.5102743201612  -1760.4405538133506  0.00023384372567686126
1gly2sa1w            -1760.9901719542265  -1760.9214497715047  0.00023049533027604295
1gly1p2sa1w          -1761.3312316825736  -1761.2604532828886  0.0002373919157640402
1am1ma2msa1nta       -1761.5934716790885  -1761.5192248672156  0.0002490250272443187
1am1b1sa4w           -1761.9645087230804  -1761.8937331533757  0.0002373824239630184
1am4aq2sa            -1762.4377253484831  -1762.3668163349205  0.00023782999685604303
1b1dma1sa3w          -1764.095143657751   -1764.0231246792296  0.00024155283756921762
1dma2sa3w            -1764.5776183852836  -1764.5032237775706  0.00024952073692064065
1eda2sa1tma          -1765.0422886544468  -1764.9669877787896  0.00025256037449959765
1am1eda1fa2msa       -1765.0834504562276  -1765.005523321834   0.0002613688894635044
2ma2sa1tma           -1766.2380286015866  -1766.1586676333839  0.0002661779916238638
3dma1msa1sa          -1769.568074553393   -1769.485645455888   0.0002764685477273123
1sa14w               -1769.8420408848365  -1769.742302456346   0.0003345243283267095
4put1sa              -1776.002963931529   -1775.9007526253104  0.00034281840086723464
2eda2sa              -1781.107300257918   -1781.032838528225   0.0002497458651447814
1fa2ma2sa            -1781.5703279034644  -1781.4950760386553  0.00025239599131035134
1am1dma1fa2sa        -1781.6075519921167  -1781.5337409030328  0.0002475636058488127
1b1sa5w              -1781.8310052541353  -1781.760683926158   0.00023585888974487124
2sa5w                -1782.2957082886123  -1782.2240672458815  0.0002402852347168139
4ma2sa               -1783.4958926034878  -1783.411779265813   0.0002821175169373518
2am2dma2sa           -1783.5032291976443  -1783.4207259039147  0.0002767174030843767
2am2dma1p2sa         -1783.9017752556247  -1783.820190986825   0.00027363497836510966
1am1fa1msa1sa1tma    -1784.9268765972151  -1784.8465248930572  0.0002695009363001362
1dma1fa1ma1msa1sa    -1784.933349686085   -1784.8540542491921  0.000265958198533461
1fa1ma2msa1tma       -1788.2996562572757  -1788.2170185289972  0.0002771682987711754
2dma1fa2msa          -1788.3034728945881  -1788.2198293977053  0.0002805416631994614
2am1nta2sa           -1794.153615702292   -1794.0817412531821  0.0002410680835482105
1am1ma1msa1nta1sa    -1797.4935440906052  -1797.4204660588723  0.0002451049194459173
2ma2msa1nta          -1800.8546450995893  -1800.7766234617598  0.0002616858555408805
1am1dma2msa1nta      -1800.855117176805   -1800.7758862447272  0.00026574184832390245
1am1eda1fa1msa1sa    -1801.0052936645666  -1800.9279691881652  0.00025934756465290424
2sa1tma3w            -1803.8397608990804  -1803.7645093016647  0.00025239509446777766
1eda1fa1ma2msa       -1804.367079387468   -1804.2852960580408  0.0002743026309822361
3dma2sa              -1805.5204012870474  -1805.439120061055   0.0002726185678093917
3dma1p2sa            -1805.913973607516   -1805.8282717314635  0.0002874455007628367
2am1b1sa4w           -1818.4799697190044  -1818.4009873341317  0.0002649082169128923
2am4aq2sa            -1818.9838312849697  -1818.9047352907478  0.0002652892645374162
1am1fa2sa1tma        -1820.8240341725682  -1820.7454231245763  0.00026366274691228794
2mea2sa              -1820.8513652753547  -1820.778465876818   0.00024450578077013095
1dma1fa1ma2sa        -1820.857137882068   -1820.778584268346   0.00026347011142688315
2ma2sa3w             -1821.1236225208822  -1821.042949880285   0.000270577362391709
1b2dma1sa2w          -1822.7412843193924  -1822.6595978739558  0.00027397768048488427
2dma2sa2w            -1823.2570417120166  -1823.1753703589493  0.00027392706043060424
1fa1ma1msa1sa1tma    -1824.1997287716754  -1824.116781794218   0.00027820552559914804
2dma1fa1msa1sa       -1824.2064742903005  -1824.1246191872792  0.00027454336079567126
2sa2tma1w            -1825.3796457128851  -1825.3005594809615  0.00026525652162876303
1dma1fa2msa1tma      -1827.569348561086   -1827.4846876636757  0.00028395404128850647
1am1ma1nta2sa        -1833.42798087409    -1833.3551304055911  0.00024434166861953644
2ma1msa1nta1sa       -1836.7645250360115  -1836.6872298520725  0.0002592493172531755
1am1dma1msa1nta1sa   -1836.7708414458107  -1836.6931508884425  0.00026057540623251315
1am1eda1fa2sa        -1836.9321753320955  -1836.8571766161756  0.0002515469257757448
1am1b1sa5w           -1838.3699071114318  -1838.2937364137233  0.00025547777195493367
1am5aq2sa            -1838.8454076626494  -1838.7676489797655  0.0002608039003324034
1am2msa1nta1tma      -1840.1142161013306  -1840.032232866882   0.00027497311570915924
1dma1ma2msa1nta      -1840.130855624436   -1840.05022252084    0.00027044475464022103
1eda1fa1ma1msa1sa    -1840.291475845146   -1840.2135278331589  0.0002614389132554409
1b1dma1sa4w          -1840.5039731357706  -1840.426935080696   0.00025838690281565187
1dma2sa4w            -1840.9860309914595  -1840.907639992013   0.0002629247004745724
1dma1eda1fa2msa      -1843.640336325783   -1843.5571494316055  0.00027901021022118063
1ma2sa2tma           -1844.7827146354628  -1844.6998315989993  0.0002779910664548581
1sa15w               -1846.2507556271999  -1846.1479105098742  0.0003449442137364872
1am1eda2msa1nta      -1856.203721659665   -1856.1247993706045  0.0002647066545719157
1fa1ma2sa1tma        -1860.123681603643   -1860.0456897648721  0.0002615859090086449
2dma1fa2sa           -1860.1506751060172  -1860.071460084946   0.0002656884825460483
1am3dma2sa           -1862.0570189217315  -1861.9702474888331  0.00029103281200202366
1am3dma1p2sa         -1862.4620941627313  -1862.3706613444986  0.00030666717502160934
1dma1fa1msa1sa1tma   -1863.4793077359234  -1863.3953546842235  0.000281579915142466
1fa2msa2tma          -1866.8075412732749  -1866.7191507273626  0.0002964633436599221
2ma1nta2sa           -1872.6515624055833  -1872.5735650420472  0.0002616044391613341
1am1dma1nta2sa       -1872.689640266119   -1872.6127528355503  0.0002578817057484729
1am1msa1nta1sa1tma   -1876.0338382576194  -1875.9541933040111  0.000267130483341532
1dma1ma1msa1nta1sa   -1876.0415373316466  -1875.9619195888665  0.0002670392177769945
1eda1fa1ma2sa        -1876.204040750198   -1876.1226094219337  0.0002731220132960163
2dma2msa1nta         -1879.4033201598036  -1879.3194643783513  0.00028125366913417686
1ma2msa1nta1tma      -1879.4049811568848  -1879.3202221723475  0.0002842830271247834
1dma1eda1fa1msa1sa   -1879.55760252118    -1879.4744537282465  0.0002788824180224369
1eda1fa2msa1tma      -1882.903497769418   -1882.8177287718856  0.00028767062730916925
1am1eda1msa1nta1sa   -1892.1129755741485  -1892.0328118706257  0.00026887037908089086
2am1b1sa5w           -1894.903322139632   -1894.8218618938265  0.0002732190032052242
2am5aq2sa            -1895.3939153672331  -1895.3098414498543  0.00028198530061692583
1eda1ma2msa1nta      -1895.4676684401827  -1895.3852306989131  0.0002764975390559815
2mea2sa1w            -1897.2635169937514  -1897.1853704781852  0.00026210469752245156
2ma2sa4w             -1897.5304903953097  -1897.4440169610102  0.00029003331980351254
2eda1fa2msa          -1898.9674043801592  -1898.881594862333   0.000287806533041204
1b2dma1sa3w          -1899.1643300145415  -1899.0806300412323  0.000280731086061494
1dma1fa2sa1tma       -1899.4209116693753  -1899.3392063353442  0.00027404103314129834
2dma2sa3w            -1899.6633812132138  -1899.577263320864   0.0002888408262613292
2sa2tma2w            -1901.789254979279   -1901.7012291366254  0.0002952401229361486
1fa1msa1sa2tma       -1902.735221126063   -1902.6499493948884  0.00028600278777336986
1am1nta2sa1tma       -1911.9741558264373  -1911.8953503402663  0.0002643148957605724
1dma1ma1nta2sa       -1911.984173775047   -1911.9035776457426  0.00027032074225848704
1ma1msa1nta1sa1tma   -1915.3120218721447  -1915.2314032841161  0.0002703960691882287
2dma1msa1nta1sa      -1915.3210237503831  -1915.2379568649544  0.00027860769890531735
1dma1eda1fa2sa       -1915.4834041435     -1915.400465539669   0.00027817744031768846
1b1dma1sa5w          -1916.9113062212593  -1916.8287557305857  0.0002768757024101125
1dma2sa5w            -1917.3909248015514  -1917.3068141837325  0.00028210839449553074
1dma2msa1nta1tma     -1918.6670319270565  -1918.5825618467263  0.00028331403766658015
1eda1fa1msa1sa1tma   -1918.8206753792065  -1918.7352439998735  0.000286538250320192
1am1eda1nta2sa       -1928.0349041397767  -1927.9581657348767  0.00025738187120603136
1eda1ma1msa1nta1sa   -1931.396597369281   -1931.3158908943674  0.0002706908432451768
1dma1eda2msa1nta     -1934.7020347591163  -1934.6165262452826  0.0002867969607029759
2eda1fa1msa1sa       -1934.873038189506   -1934.788123635647   0.00028480480918636504
2put2sa              -1938.2316813489444  -1938.1515932848513  0.00026861668319007125
1fa2sa2tma           -1938.6820984472554  -1938.597837548094   0.00028261244058794456
4dma2sa              -1940.593717052665   -1940.5004990987075  0.00031265454958043313
4dma1p2sa            -1941.0036540361266  -1940.909466408306   0.00031590685165418345
2dma1nta2sa          -1951.2455550721286  -1951.1629396066962  0.00027709362881898577
1ma1nta2sa1tma       -1951.2532249963897  -1951.173454666005   0.00026755099910999805
1dma1msa1nta1sa1tma  -1954.5904936104268  -1954.506382021598   0.0002821116512786749
1eda1fa2sa1tma       -1954.7525588838719  -1954.670511454218   0.0002751884274825265
2msa1nta2tma         -1957.91718134294    -1957.826560113406   0.00030394509318778867
1eda1ma1nta2sa       -1967.3088735833533  -1967.2279148611276  0.00027153688487547656
1dma1eda1msa1nta1sa  -1970.6647201216322  -1970.580220074614   0.00028341454642973285
2eda1fa2sa           -1970.811660717695   -1970.7264266771572  0.0002858763727582838
1eda2msa1nta1tma     -1974.005790981822   -1973.917764136232   0.0002952434868013407
1b2dma1sa4w          -1975.5787848990794  -1975.4904537841298  0.00029626401123484023
2dma2sa4w            -1976.0744940763866  -1975.9856031860645  0.00029814150703356013
2sa2tma3w            -1978.1943845659903  -1978.105867557478   0.00029688750129885905
2eda2msa1nta         -1990.0737526596477  -1989.9862109899366  0.00029361619892993076
1dma1nta2sa1tma      -1990.5087655268976  -1990.4247656739328  0.00028173688735459577
3msa                 -1992.6138447543842  -1992.548296875496   0.00021984866304953303
1msa1nta1sa2tma      -1993.8408265142614  -1993.7532242698028  0.00029381936762893013
2ca1sa               -2004.0796126606022  -2003.984526998844   0.0003189188722390589
2pa1sa               -2004.0923131382924  -2004.0006522560495  0.0003074321054599495
1dma1eda1nta2sa      -2006.5913172942455  -2006.5073460945246  0.0002816407839039857
1eda1msa1nta1sa1tma  -2009.929671489508   -2009.8448074071102  0.0002846355270767222
2eda1msa1nta1sa      -2025.9703126652007  -2025.8853903300953  0.00028483090761522405
2msa1sa              -2028.53236674877    -2028.4684292669422  0.00021444736484312353
1nta2sa2tma          -2029.7931908266364  -2029.709166212547   0.00028181993657400676
1pha2sa              -2044.302588986883   -2044.2400145487156  0.0002098756940039832
1eda1nta2sa1tma      -2045.8554220837784  -2045.770828441201   0.0002837284674737687
1b2dma1sa5w          -2051.9959128017663  -2051.9044540212712  0.00030675425287625884
1pa2sa               -2052.226700388455   -2052.1471436818338  0.00026683450149694095
1ca2sa               -2052.2288543979553  -2052.1520362327     0.0002576493887477404
2dma2sa5w            -2052.4809130044846  -2052.3841074561483  0.0003246874000884567
2eda1nta2sa          -2061.9231133192457  -2061.8375799763708  0.0002868802377157974
1msa2sa              -2064.451511521567   -2064.3894131613492  0.00020827892073842593
1b2sa                -2099.928055432044   -2099.8677100397376  0.00020239943755212696
3sa                  -2100.360851522249   -2100.2968732300697  0.00021458424343182028
1dma3msa             -2127.7155104154726  -2127.639629605186   0.00025450548477760454
1am1b2sa             -2156.47133614509    -2156.407574062562   0.0002138590727076074
1am3sa               -2156.9229911131442  -2156.855317104473   0.00022697973728379728
1homF2sa             -2159.7868880523442  -2159.709752461412   0.00025871403968653434
1mbtca2sa            -2163.3911097664895  -2163.311667993579   0.0002664490119428414
1dma2msa1sa          -2163.6410451930246  -2163.566412322873   0.0002503198730556428
1b2sa1w              -2176.339858491486   -2176.275768019736   0.0002149604955566855
3sa1w                -2176.774139813945   -2176.7084022309755  0.00022048493365587745
1ma3sa               -2196.2010348710874  -2196.131268305661   0.00023399820703175005
1dma1msa2sa          -2199.562969672902   -2199.490532005047   0.0002429571284751225
3put2sa              -2207.2070847551045  -2207.1104305931412  0.0003241796477052949
2am1b2sa             -2213.014693507345   -2212.9437425237466  0.00023797076504497887
2am3sa               -2213.478387941125   -2213.40630478728    0.00024176808265978107
2am1p3sa             -2213.824042823114   -2213.7505717470544  0.0002464231965763898
1am1homF2sa          -2216.3446786429145  -2216.263385917252   0.00027265713789203063
2homF1sa             -2219.2110084857354  -2219.1178403019126  0.00031248761973116766
2mbtca1sa            -2226.4183472963787  -2226.320744967616   0.0003273598147327604
1am1b2sa1w           -2232.88669951732    -2232.8176900318217  0.00023145894851018384
1am1aq3sa            -2233.3355214556336  -2233.2646509090737  0.00023770097789756713
1b1dma2sa            -2235.0181193219296  -2234.947137783686   0.00023807324582916016
1dma3sa              -2235.4786033426417  -2235.4060726286602  0.00024326920671250156
1homF2sa1w           -2236.1964501133725  -2236.114693323363   0.00027421361733863804
1b2sa2w              -2252.752021365983   -2252.683286840264   0.00023053672889225958
3sa2w                -2253.187321261785   -2253.1178548040193  0.00023299164100612897
2dma3msa             -2262.8063843108844  -2262.7185040843683  0.00029475172401811965
3am3sa               -2270.0309356405387  -2269.9541559743498  0.00025752026224697426
3am1p3sa             -2270.389073973512   -2270.3093824950747  0.00026728652838207533
3sa1tma              -2274.742227485781   -2274.6682722462974  0.0002480470886578008
1am2homF1sa          -2275.758623477257   -2275.6610925321393  0.00032712039281441904
2am1b2sa1w           -2289.4206490584306  -2289.348698177291   0.0002413244378314424
2am1aq3sa            -2289.8948476969567  -2289.8194442880795  0.00025290427260496977
1eda3sa              -2290.817749849852   -2290.744175068859   0.00024677102462845126
2ma3sa               -2292.0273743157304  -2291.9492907974973  0.00026189340343097626
1am1dma3sa           -2292.028292360172   -2291.9510111617374  0.00025920240964229165
1dma1homF2sa         -2294.9008824659386  -2294.8137895201244  0.00029211117160630307
2homF1sa1w           -2295.6212966810685  -2295.5234564363222  0.00032815778885212943
2dma2msa1sa          -2298.7357019183337  -2298.6490524274345  0.0002906238165331761
1am1b2sa2w           -2309.296033295978   -2309.2216215610333  0.00024957818193686155
1am2aq3sa            -2309.7477899364467  -2309.671281752552   0.0002566097061701904
1b1dma2sa1w          -2311.4212845122365  -2311.3433298893583  0.00026146108629267716
1dma3sa1w            -2311.885585490448   -2311.8078643913072  0.00026067784384050985
4am3sa               -2326.5776979428542  -2326.49926992613    0.00026304885703130426
4am1p3sa             -2326.9512768745735  -2326.8675722494263  0.0002807466884026074
1b2sa3w              -2329.15667000413    -2329.0825722987197  0.0002485249217178584
3sa3w                -2329.601436980798   -2329.5269350958833  0.00024988054641915755
1am3sa1tma           -2331.3018001362598  -2331.223613254232   0.00026224008729700926
2dma1msa2sa          -2334.657518701499   -2334.5715458323252  0.00028835441614648755
3am1aq3sa            -2346.4390212398307  -2346.357050645485   0.00027493072059613934
2am1dma3sa           -2348.582334529295   -2348.50088124869    0.000273195641808472
2am1dma1p3sa         -2348.943587369904   -2348.8589350677253  0.00028392521274027665
1dma2homF1sa         -2354.311822975464   -2354.2085798213034  0.00034627923582392317
2am1b2sa2w           -2365.8309847572914  -2365.750135316136   0.00027117035437006085
2am2aq3sa            -2366.2991593137335  -2366.2174653637408  0.000274002850890273
1put3sa              -2369.389646904608   -2369.3143451181013  0.00025256342950523485
1b2dma2sa            -2370.10450283328    -2370.023701323012   0.00027100959338624846
1ma3sa1tma           -2370.573503985826   -2370.4878249692065  0.0002873688298486387
2dma3sa              -2370.579271161855   -2370.4956279076378  0.0002805408492946813
5am1p3sa             -2383.4949937361716  -2383.4057950169413  0.0002991739702505347
1glyt3sa             -2384.2611571208254  -2384.1896479992215  0.0002398427690884502
1gly3sa              -2384.70689093099    -2384.632160554009   0.00025064691256581364
1gly1p3sa            -2385.0392061243997  -2384.9607277660625  0.00026321770362989393
1am1b2sa3w           -2385.703876061589   -2385.6247116969803  0.00026551857993949054
1b1dma2sa2w          -2387.8365709820896  -2387.75632272877    0.0002691539604879316
2am3sa1tma           -2387.849395288617   -2387.764893616915   0.00028341999564749666
3ma3sa               -2387.851779474244   -2387.766402918242   0.0002863543719661654
1am1dma1ma3sa        -2387.857175597897   -2387.773921436927   0.0002792358241484894
1dma3sa2w            -2388.2971951951113  -2388.216838391268   0.00026951804072893835
3am1dma3sa           -2405.1231270130265  -2405.0388043472667  0.00028281960677489917
3am1dma1p3sa         -2405.501761939987   -2405.412342007748   0.00029991592231688535
1b2sa4w              -2405.559814776875   -2405.4815150186405  0.00026261867595104806
3sa4w                -2406.012719104389   -2405.932668327807   0.0002684916202657882
3am2aq3sa            -2422.85270648771    -2422.7646966296584  0.0002951865103191171
1am2dma3sa           -2427.1233347129487  -2427.0362145666813  0.00029220240237187327
1am1ma3sa1tma        -2427.124828677565   -2427.0389502357507  0.0002880377052294143
1am2dma1p3sa         -2427.493160432367   -2427.402957270494   0.00030254288738231736
3dma2msa1sa          -2433.8288357825186  -2433.732017231011   0.0003247310129377701
2am1b2sa3w           -2442.243921998365   -2442.159045624857   0.00028467675166212044
2am3aq3sa            -2442.7123274030323  -2442.625526882545   0.00029113037225408515
1am1eda1ma3sa        -2443.1908969398623  -2443.1063890149844  0.0002834409689019378
3am3sa1tma           -2444.3932717028324  -2444.307055121868   0.0002891718294966992
1b2dma2sa1w          -2446.5105677467204  -2446.4243129450806  0.0002893000222698854
2dma3sa1w            -2446.984799466521   -2446.8964775026566  0.00029623331834420226
1am1b2sa4w           -2462.105172377561   -2462.0214653992325  0.00028075458101127265
1am4aq3sa            -2462.5661855894427  -2462.4808874098603  0.0002860914961675816
1b1dma2sa3w          -2464.2350426829184  -2464.1518658704276  0.00027897639607826866
1dma3sa3w            -2464.7066172829473  -2464.6208087384853  0.0002878032683617693
2ma3sa1tma           -2466.3938553538605  -2466.303819215565   0.00030198268755851675
1am1dma3sa1tma       -2466.397523901144   -2466.307903305256   0.0003005889514945519
3dma1msa2sa          -2469.7551080726553  -2469.6612186652087  0.0003149066156180208
4put2sa              -2476.163054956365   -2476.0509466006065  0.00037601326768020945
1b2sa5w              -2481.9742999629602  -2481.8937594614044  0.00027013416587583667
3sa5w                -2482.4204294116544  -2482.3351714292608  0.00028595667413607864
1am1dma1eda3sa       -2482.465080506704   -2482.375418577922   0.00030072758269988854
4ma3sa               -2483.6689963323406  -2483.5770806327237  0.0003082867671207287
2am2dma3sa           -2483.673153418525   -2483.5826388734376  0.0003035872718015514
2am2dma1p3sa         -2484.0545587603215  -2483.957838452957   0.0003244015004687865
3am3aq3sa            -2499.2538183215906  -2499.1633845856386  0.00030331623663279304
1b3dma2sa            -2505.181101603318   -2505.0875206913897  0.00031387191657962184
1am3sa2tma           -2505.665705104925   -2505.5755582445013  0.0003023540513963376
1dma1ma3sa1tma       -2505.673644838917   -2505.581939554472   0.00030758103117602223
3dma3sa              -2505.675583903241   -2505.5820799501585  0.00031361379534730524
3dma1p3sa            -2506.043627405588   -2505.9468798180806  0.0003244929985157405
2am1b2sa4w           -2518.6509144100683  -2518.563859373377   0.00029198402378477907
2am4aq3sa            -2519.119158633196   -2519.0292349840147  0.00030160539722041036
1am1eda3sa1tma       -2521.7286708628726  -2521.635153444486   0.00031365895819659853
1dma1eda1ma3sa       -2521.7380360152683  -2521.644258974848   0.00031452973476526005
1b2dma2sa2w          -2522.9222906143104  -2522.830912467659   0.00030648380564012127
2dma3sa2w            -2523.39377908097    -2523.3024611434735  0.0003062818631445339
1am1b2sa5w           -2538.5181327484806  -2538.4312755407477  0.0002913205022070529
1am5aq3sa            -2538.973826215412   -2538.8851396193463  0.00029745630074033626
1b1dma2sa4w          -2540.6457453312078  -2540.5569608592405  0.0002977845781234738
1dma3sa4w            -2541.1168031318143  -2541.025633860293   0.0003057832350197436
1ma3sa2tma           -2544.937935485191   -2544.8443533834206  0.0003138759073296305
1eda1ma3sa1tma       -2561.007811003778   -2560.9132932729162  0.0003170140226789029
2am3sa2tma           -2562.204341594475   -2562.109543178275   0.0003179554459162356
1am3dma3sa           -2562.217675239816   -2562.121539145329   0.0003224420408750349
1am3dma1p3sa         -2562.606175911907   -2562.5038774681425  0.00034311066162918865
3am4aq3sa            -2575.672704708376   -2575.576746687844   0.0003218447779029056
3dma3sa1w            -2582.079996452614   -2581.9811170236676  0.00033164322973803666
2am1b2sa5w           -2595.0631019906605  -2594.9697251886564  0.0003131873285399197
2am5aq3sa            -2595.5288732411445  -2595.4342682504603  0.00031730669355849715
1b2dma2sa3w          -2599.3252328346343  -2599.2303236035655  0.0003183271208076998
2dma3sa3w            -2599.8025161718765  -2599.7075350429946  0.000318568267254927
1dma1eda3sa1tma      -2600.279989542786   -2600.1826125214097  0.0003266041300566689
1b1dma2sa5w          -2617.0535303896736  -2616.9600374432157  0.0003135768789467807
1dma3sa5w            -2617.524941412409   -2617.430212706407   0.0003177216367667404
3sa3tma              -2623.4752229741293  -2623.3773783536276  0.00032817246520766975
2put3sa              -2638.38462719384    -2638.2953452114034  0.00029945323641388584
2ma3sa2tma           -2640.749107682517   -2640.647123418793   0.00034205689660978705
4dma3sa              -2640.759633549614   -2640.6568723718324  0.00034466267912764244
4dma1p3sa            -2641.155193242381   -2641.0492833279354  0.00035522359364622294
4msa                 -2656.8136298628156  -2656.735208990712   0.00026302489385720244
3dma3sa2w            -2658.4960065777286  -2658.3940019794823  0.00034212509893054885
3eda3sa              -2671.6791273041486  -2671.5795851024336  0.00033386618049552265
1b2dma2sa4w          -2675.731638478264   -2675.6328447999126  0.00033135562083327317
2dma3sa4w            -2676.216514665145   -2676.116814164415   0.0003343971179949731
1am3sa3tma           -2680.015466263172   -2679.913203530355   0.00034299088652299216
3msa1sa              -2692.739956640849   -2692.662615552385   0.00025940328178399356
2ca2sa               -2704.2101538481456  -2704.1034582651487  0.0003578587388794589
2pa2sa               -2704.222090354737   -2704.116196411175   0.00035517002703890316
1ma3sa3tma           -2719.290891559252   -2719.1832819525066  0.00036092438955359434
2msa2sa              -2728.657167134678   -2728.581069164196   0.0002552338436428134
3mea3sa              -2731.3001087574567  -2731.207087879969   0.0003119935518616242
3dma3sa3w            -2734.8951451657986  -2734.7884235929373  0.00035794590931206594
1b2dma2sa5w          -2752.144289798408   -2752.039552009288   0.0003512922660399703
1pa3sa               -2752.3494182519366  -2752.2609477588376  0.0002967314878380129
2dma3sa5w            -2752.6231249771677  -2752.517207515716   0.00035524890642850654
1msa3sa              -2764.5679394751332  -2764.490089902129   0.0002611087472883183
1b3sa                -2800.0604526484244  -2799.986992068677   0.0002463879917735803
4sa                  -2800.4868527960375  -2800.413165281392   0.0002471491351516843
3dma3sa4w            -2811.3123260715233  -2811.2001463772717  0.0003762525381580474
1dma3msa1sa          -2827.8447403976306  -2827.7556982496876  0.00029864882758028435
1am1b3sa             -2856.610376803049   -2856.531416182597   0.000264835218689136
1am4sa               -2857.0472394034186  -2856.968760862359   0.0002632183164841522
1mbtca3sa            -2863.517350923646   -2863.4260779581064  0.0003061310264627072
1dma2msa2sa          -2863.768203261821   -2863.681328443106   0.00029137956973006567
1b3sa1w              -2876.4753340522925  -2876.4015984513603  0.00024731041734761793
4sa1w                -2876.893177623287   -2876.810025344695   0.00027889410897882874
1ma4sa               -2896.3230274151265  -2896.2407644482846  0.00027591134275261323
1dma1msa3sa          -2899.684741609223   -2899.599489424252   0.0002859372294834791
3put3sa              -2907.367867343317   -2907.259787487018   0.00036250161428378686
2am1b3sa             -2913.1624258024353  -2913.0813370493365  0.0002719730105613297
2am4sa               -2913.609177400789   -2913.5267579492975  0.00027643619484063974
2homF2sa             -2919.334791790434   -2919.2298558618645  0.00035195682900967536
2mbtca2sa            -2926.554790235526   -2926.447171870694   0.00036095376431999197
1am1b3sa1w           -2933.0285314503867  -2932.9458006003388  0.0002774806307153014
1b1dma3sa            -2935.1543267694847  -2935.0714837134733  0.0002778569713618586
1dma4sa              -2935.600814655214   -2935.515656485216   0.00028562190172131796
1b3sa2w              -2952.88595075507    -2952.8070545251326  0.00026461925184535654
4sa2w                -2953.3102872380177  -2953.2297829314894  0.0002700127671582859
2dma3msa1sa          -2962.945015556893   -2962.8466325690283  0.0003299781581904822
3am1b3sa             -2969.710468131432   -2969.623615366729   0.0002913056002111521
3am4sa               -2970.164504051209   -2970.077731816716   0.0002910355005622271
3am1p4sa             -2970.519360873609   -2970.4265995946544  0.000311122854116117
1am2homF2sa          -2975.888060834916   -2975.778197760208   0.0003684825581345961
3mbtca1sa            -2989.5685635190184  -2989.4410725308844  0.00042760686947540327
2am1b3sa1w           -2989.570892463635   -2989.484653262467   0.00028924769803196943
1eda4sa              -2990.953083580447   -2990.8717089787315  0.0002729317515201354
1am1dma4sa           -2992.158495064505   -2992.0686776817793  0.00030124897778211835
2ma4sa               -2992.158957897123   -2992.069370466617   0.00030047771425766994
2homF2sa1w           -2995.7424491245524  -2995.6336456474414  0.000364928650380016
2dma2msa2sa          -2998.8696711413622  -2998.7717540432477  0.0003284155563123968
1am1b3sa2w           -3009.437454174875   -3009.3514425700982  0.00028848433599408237
1b1dma3sa1w          -3011.573879795541   -3011.486230180803   0.00029397824832490325
4am4sa               -3026.7231355523227  -3026.631116281022   0.00030863414825005667
4am1p4sa             -3027.0820315110773  -3026.9850694107336  0.0003252124780945185
1b3sa3w              -3029.2933667452025  -3029.2082059286713  0.00028563077823593234
4sa3w                -3029.727634837857   -3029.6421739556786  0.0002866372033484675
2dma1msa3sa          -3034.793021349778   -3034.695637814416   0.00032662597807157944
2am1dma4sa           -3048.716420068038   -3048.624662846436   0.0003077552292535311
1dma2homF2sa         -3054.437476861438   -3054.3220725215306  0.00038706805268323556
2am1b3sa2w           -3065.9779631077395  -3065.886855767618   0.00030557551608831606
1put4sa              -3069.5283360603867  -3069.439500183173   0.0002979569921631399
1b2dma3sa            -3070.2533730171367  -3070.160886643797   0.0003102008161663538
2dma4sa              -3070.70857907491    -3070.614920351121   0.0003141328988410318
5am4sa               -3083.2590728920163  -3083.1640408346075  0.00031873908237065913
5am1p4sa             -3083.6386214201993  -3083.537689575722   0.0003385270651587954
1am1b3sa3w           -3085.8395894377722  -3085.748684036098   0.0003048982112163142
1b1dma3sa2w          -3087.970147421625   -3087.878175373544   0.0003084757607947794
3ma4sa               -3087.9862462953906  -3087.89031182725    0.0003217657827962835
2am4sa1tma           -3087.987751946586   -3087.8917961800335  0.00032183721801829374
3dma3msa1sa          -3098.044022695692   -3097.93566752266    0.00036342503113163623
3am1dma4sa           -3105.2678067491843  -3105.1665180440377  0.00033972398170860487
3am1dma1p4sa         -3105.632796160763   -3105.5312670525636  0.0003405302975000397
1b3sa4w              -3105.697416684115   -3105.6087960375044  0.00029723510518419645
4sa4w                -3106.133791377263   -3106.042891135678   0.00030488090419229563
1am2dma4sa           -3127.268112238761   -3127.1696754374225  0.0003301586494673143
3dma2msa2sa          -3133.96994441002    -3133.862729385708   0.0003596009535879079
3am4sa1tma           -3144.542308406271   -3144.4423922076267  0.0003351205723436016
1b2dma3sa1w          -3146.6589846425186  -3146.560731029773   0.00032954423191563126
1b1dma3sa3w          -3164.3699783896864  -3164.2711199106852  0.0003315729632768878
2ma4sa1tma           -3166.539293614361   -3166.435357648893   0.00034860293633442866
3dma1msa3sa          -3169.896923232308   -3169.789711155894   0.0003595910662885028
4put3sa              -3176.3421646198085  -3176.2228068840523  0.0004003278073328862
1b3sa5w              -3182.106240984783   -3182.014012092954   0.0003093372189472787
4sa5w                -3182.545735522424   -3182.4482973511053  0.0003268092279680037
4ma4sa               -3183.8170026808484  -3183.711934607987   0.0003524000431376978
2am2dma4sa           -3183.818633858038   -3183.716694773833   0.00034190536376067066
2am2dma1p4sa         -3184.1890598929     -3184.079782515214   0.0003665181206968654
1b3dma3sa            -3205.336681081378   -3205.23359715203    0.00034574519318419483
3dma4sa              -3205.8085448777     -3205.7036051902423  0.0003519694363836707
1am4sa2tma           -3205.8086877835162  -3205.706105142843   0.0003440638627308249
3dma1p4sa            -3206.1775173028627  -3206.0719932859347  0.00035392928702973164
2mea4sa              -3221.1247059403095  -3221.0297370976937  0.0003185270589161757
1b2dma3sa2w          -3223.0652373953176  -3222.964021801167   0.00033947876622692326
4dma3msa1sa          -3233.1327947519476  -3233.0118500755834  0.0004056504322117725
1b1dma3sa4w          -3240.791158361923   -3240.6911163797945  0.0003355424522166778
1ma4sa2tma           -3245.081412060814   -3244.976643396247   0.0003513958227976728
2am4sa2tma           -3262.3578330863456  -3262.252054849014   0.00035478194644207947
1am3dma4sa           -3262.3585344485296  -3262.2480685326623  0.000370504497290594
1am3dma1p4sa         -3262.733638569248   -3262.620870494726   0.00037822597525332855
4dma2msa2sa          -3269.0641119188085  -3268.945897059219   0.00039649458188695263
4dma1msa3sa          -3304.9830826796465  -3304.8639277033744  0.0003996477486902092
1b1dma3sa5w          -3317.2016345924426  -3317.099336824778   0.000343108393976718
2put4sa              -3338.53748709583    -3338.4347972984488  0.0003444232680906922
1b4dma3sa            -3340.419887613646   -3340.305472642337   0.00038374969414406386
4dma4sa              -3340.9081482805477  -3340.790709813166   0.00039389054966258523
2ma4sa2tma           -3340.9082251355594  -3340.794840830494   0.0003802928226240838
4dma1p4sa            -3341.282611473409   -3341.1642410999525  0.0003970161779520437
1am4sa3tma           -3380.17649987637    -3380.062899664651   0.00038101697708910296
3msa2sa              -3392.859663856726   -3392.7695195038023  0.0003023456412004802
1ma4sa3tma           -3419.4476173618364  -3419.329818211304   0.0003951002868768376
2msa3sa              -3428.7761077003443  -3428.6863921750064  0.0003009073464285788
1pa4sa               -3452.4809219549334  -3452.379102591016   0.0003415038199481283
5dma4sa              -3475.9982648430905  -3475.873020955089   0.00042007005870097944
5dma1p4sa            -3476.3911089276326  -3476.2610250386947  0.00043630350138492395
1b4sa                -3500.183110037969   -3500.097286874847   0.00028785229958664364
5sa                  -3500.6051953678766  -3500.51273147444    0.0003101254182008277
1am1b4sa             -3556.744860924143   -3556.655946446154   0.0002982206204554507
1am5sa               -3557.1703910744336  -3557.078749699095   0.0003073666789824588
1mbtca4sa            -3563.6405222538883  -3563.5381195531813  0.0003434603411273254
3put4sa              -3607.5188186107     -3607.400713236134   0.0003961273673176213
2am1b4sa             -3613.2992683264033  -3613.205493946895   0.00031452081002393
2am5sa               -3613.73124284801    -3613.6349268567437  0.0003230454176300309
2mbtca3sa            -3626.689970523709   -3626.571701401181   0.0003966765806727541
1b1dma4sa            -3635.2886572022057  -3635.1923293443824  0.000323085218256973
1dma5sa              -3635.724180108845   -3635.6268428631415  0.00032647072179487895
3am1b4sa             -3669.859079494539   -3669.7610499740813  0.0003287926226985771
3am5sa               -3670.3022814456704  -3670.202067644727   0.0003361187353460382
3mbtca2sa            -3689.7032257786395  -3689.563119042218   0.0004699202965672126
1b1dma4sa1w          -3711.7044735246022  -3711.6055915725583  0.0003316516922483276
4am1b4sa             -3726.391236243866   -3726.2886004156917  0.0003442422544839352
4am5sa               -3726.850249506796   -3726.7442601425437  0.0003554900696040203
5am5sa               -3783.4137637928325  -3783.3027969684017  0.00037218455284517953
5am1p5sa             -3783.7695048128435  -3783.6568779859986  0.00037775222822402434
1b1dma4sa2w          -3788.104056851321   -3788.0003185874984  0.00034793984176524444
1b1dma4sa3w          -3864.51147416501    -3864.402994271419   0.0003638433459354878
4put4sa              -3876.508206594898   -3876.3770987849616  0.0004397377492415345
1b1dma4sa4w          -3940.9307886842507  -3940.8186040220667  0.0003762692006841283
1b1dma4sa5w          -4017.3433624960157  -4017.2269328670127  0.00039050688915969167
3msa3sa              -4092.9826254535687  -4092.8814841051258  0.0003392297449032619
1b5sa                -4200.3181954621605  -4200.2204214605235  0.00032793560837403985
1am1b5sa             -4256.879179625939   -4256.778722960866   0.00033693330562976795
2mbtca4sa            -4326.807037159702   -4326.673301634742   0.0004485511486199463
1b1dma5sa            -4335.4246354012985  -4335.316527268843   0.00036259645297718893
3mbtca3sa            -4389.826928076736   -4389.675012961265   0.0005095257939695259
1b6sa                -4900.441185897349   -4900.332030284598   0.00036610971910612045
1am1b6sa             -4956.997559166354   -4956.884034526317   0.0003807635084252245
