#CLUSTER             dG_298.15K_[Eh]      dH_298.15K_[Eh]      dS_298.15K_[Eh/K]
1am                  -56.463639868737836  -56.441791207221975  7.32807697999575e-05
1am1p                -56.78517005782244   -56.764071046010756  7.076643237191799e-05
1w                   -76.33806266305807   -76.31664860864224   7.182309044389683e-05
1ma                  -95.664150377297     -95.63686304049347   9.15221760976739e-05
2am                  -112.92140946706989  -112.88628194031706  0.0001178183020385581
2am1p                -113.27836367932746  -113.24682040140503  0.00010579667255555442
1am1aq               -132.79853227496642  -132.76576861968385  0.00010988983827813604
1dma                 -134.86970258245415  -134.83894753282308  0.00010315294191215255
1dma1p               -135.22243801188037  -135.1913122174939   0.00010439642591462469
1am1ma               -152.11913810463602  -152.08119123268955  0.000127274432153275
3am                  -169.37691643270554  -169.33686617668442  0.000134329216907986
3am1p                -169.75567388151822  -169.7163281137646   0.0001319663516806453
1ma1w                -171.998770242179    -171.96209376029347  0.00012301352301029756
1tma                 -174.0797040367356   -174.047140845501    0.00010921747856663881
1fa                  -189.50532081325622  -189.47713839861098  9.452428188922547e-05
1bda                 -190.13862492368145  -190.10479392925635  0.00011346971130336562
1eda                 -190.1388615319245   -190.105041608439    0.00011343257919013304
2ma                  -191.31829157273427  -191.27794539194963  0.00013532175342814893
1am1dma              -191.32521556391976  -191.28466140605383  0.0001360193119769358
1am1dma1p            -191.70416057640367  -191.6648405236633   0.00013188010310380378
1am2aq               -209.13208384909544  -209.09375138759341  0.00012856770585950697
1am2aq1p             -209.49374430015874  -209.45255443897898  0.00013815147133931774
1mea                 -210.01083315983297  -209.97757472477784  0.00011154933776652117
1dma1w               -211.20368589124945  -211.1649007251287   0.00013008608459073195
1aq1dma1p            -211.57250252796922  -211.53242705271037  0.00013441380264581638
4am                  -225.83192483471194  -225.78501926116152  0.00015732206456629653
1mda                 -229.34444423645235  -229.30726357439735  0.00012470455158489595
1pda                 -229.3528523140365   -229.31644286391497  0.00012211789408542436
1dma1ma              -230.52488799163552  -230.48051566774592  0.0001488255035707257
1am1tma              -230.53606668261733  -230.4933859913889   0.00014315173982379828
1am1fa               -245.97076526358757  -245.93469888259506  0.00012096723458818805
1am1eda              -246.594485058393    -246.55325120699894  0.00013829901524106802
2am1dma1p            -248.17898519593479  -248.13179208408076  0.00015828647276215296
1ma2w                -248.33178636263918  -248.28989075991248  0.00014051854008621887
1diABmda             -268.54902529453227  -268.5087644227244   0.0001350356257180542
1diAAmda             -268.55223526224916  -268.51282867532416  0.0001321703401812206
1put                 -268.5673569823675   -268.52689536011724  0.0001357089460014761
2dma                 -269.730260731292    -269.6843695372463   0.00015391981903649255
1ma1tma              -269.7347645939031   -269.6890848850092   0.00015321049436168053
2dma1p               -270.11237903748867  -270.0681363867989   0.000148390577527249
1nta                 -280.5381265410299   -280.50798813854055  0.00010108469726430694
1fa1ma               -285.1706809890809   -285.1319595732127   0.00012987226519596751
1am3aq               -285.4677495486423   -285.4238562405263   0.00014721887679353346
1eda1ma              -285.7937987394531   -285.749172223532    0.0001496780678221309
1am3aq1p             -285.83963045826033  -285.7897232982691   0.0001673894348185898
3ma                  -286.97481944946554  -286.92420320727916  0.00016976770815441247
1dma2w               -287.53826277515395  -287.49294506302226  0.00015199635127207637
2aq1dma1p            -287.91904952646354  -287.87040387468136  0.00016315831555324664
2am1fa               -302.4302280073973   -302.38712497648476  0.00014456827406516033
1triAABmda           -307.75828599429934  -307.71538426780256  0.00014389309574637377
1dma1tma             -308.9399753222978   -308.89174344814427  0.00016177049858642192
1dma1fa              -324.37850261140056  -324.3357857741605   0.00014327297414058117
1dma1eda             -324.99956445945105  -324.9523018206515   0.00015851966728011463
1am2dma1p            -326.58644783260394  -326.5331583724739   0.0001787337250713774
1am1nta              -337.00651846483805  -336.96886931984915  0.0001262758510442277
1am1glyt             -339.9057092636567   -339.8625442108756   0.00014477629643183654
1am1gly              -340.44983856889183  -340.40734224096246  0.00014253338228870666
1am1gly1p            -340.80791976774725  -340.7668483774052   0.00013775411820229474
1am1fa1ma            -341.63113418018463  -341.5852204817711   0.00015399529905611514
1teAABBmda           -346.96330354523394  -346.91743362506526  0.00015384846610349493
2tma                 -348.1471814828038   -348.09556323532894  0.0001731284503597833
1glyt1w              -359.789038370873    -359.74688947463557  0.00014136809068411875
1gly1w               -360.32130705162973  -360.28016659156475  0.0001379857791885807
1gly1p1w             -360.6728278857123   -360.63145573851     0.0001387628616548541
1am4aq               -361.8021297794532   -361.75148035367755  0.00016987900645846221
1fa1tma              -363.58911336021436  -363.5448284376921   0.00014853235794843567
1dma3w               -363.8739164949743   -363.82352023587987  0.0001690298812490147
1eda1tma             -364.2086899393914   -364.1573114965558   0.00017232414165883658
3aq1dma1p            -364.25839337270554  -364.20598314765016  0.00017578475618127952
1ma1nta              -376.20782782825404  -376.16731510046486  0.0001358803548183814
1oa                  -377.81925175368184  -377.78413028257984  0.00011779799128619043
2fa                  -379.0158536037354   -378.9773274097598   0.00012921748775984892
1eda1fa              -379.6476565097969   -379.6039083122017   0.00014673217372203053
2eda                 -380.26892125360246  -380.220826388353    0.00016131096847037203
1fa2ma               -380.831085484441    -380.78030926865983  0.00017030426222082085
1am1dma1fa           -380.83681004446174  -380.78600814603254  0.00017039040224455768
4ma                  -382.630821541991    -382.5702780258741   0.00020306394806910748
2am1nta              -393.46099283308143  -393.4176146963587   0.00014549098347399516
3dma1p               -404.9926538344982   -404.9347639388979   0.00019416366124566702
1dma1nta             -415.4153710990814   -415.3715870302773   0.0001468524863463045
1dma1fa1ma           -420.03753851836285  -419.98495643075347  0.00017636118601168673
1am1fa1tma           -420.0443332765801   -419.9918681970805   0.0001759687388882203
1am1ma1nta           -432.667333411717    -432.6207817675328   0.00015613497965510557
1am2fa               -435.47710452074324  -435.4291601845933   0.00016080609139706496
1am1eda1fa           -436.10614297454714  -436.0543998159289   0.0001735474043881237
1am5aq1p             -438.52176522540134  -438.4582501216491   0.00021303070183558253
1dma4w               -440.20594507400205  -440.15134738114074  0.00018312155915266583
1nta1tma             -454.6249057038653   -454.5793531678325   0.0001527839544956615
1sua                 -456.2687815725481   -456.22687458064166  0.00014055673958205227
2dma1fa              -459.24256824356945  -459.18669420205157  0.00018740245352302396
1fa1ma1tma           -459.2450823483996   -459.1896278355273   0.00018599534755090854
1fa1nta              -470.0452296005421   -470.0046196745405   0.00013620635922066254
2ma1nta              -471.8685489385545   -471.8178826930976   0.00016993541994595056
1am1dma1nta          -471.88009677774795  -471.83026879119956  0.00016712388579031312
2fa1ma               -474.67796666077794  -474.62801240053426  0.00016754740983947574
1eda1fa1ma           -475.3053742627074   -475.2522252494006   0.00017826266411813873
2am2fa               -491.93623843338014  -491.88285802176483  0.00017903877784782463
1dma1fa1tma          -498.45192133338224  -498.3933641110369   0.00019640188611565003
1dma1ma1nta          -511.0777738437222   -511.0247348707443   0.00017789358704626442
1am1nta1tma          -511.083692428869    -511.031106626444    0.00017637364556445564
1dma2fa              -513.8870252380954   -513.8354554899225   0.00017296578290459545
1dma1eda1fa          -514.5125950005639   -514.4552367128562   0.0001923806396371177
1dma5w               -516.5423116202827   -516.480241466652    0.0002081843153808544
1am1eda1nta          -527.1453637459537   -527.0942082266369   0.00017157645251286358
1am2fa1ma            -531.1389555520734   -531.0842660807887   0.00018342938549284772
1sua1w               -532.6000522686047   -532.5527460990438   0.00015866567016945853
2put                 -537.1231268582842   -537.0651720964693   0.0001943812235957009
1fa2tma              -537.6589440918374   -537.5988441910217   0.0002015760550587299
4dma                 -539.4558138766141   -539.3837637114206   0.00024165743818142335
1ma1nta1tma          -550.2854860021496   -550.2282008254429   0.00019213542413751666
2dma1nta             -550.2860404622601   -550.2297056685389   0.00018894782398527407
2fa1tma              -553.095061657708    -553.0402466989393   0.00018385027257634712
1eda1fa1tma          -553.7214182388585   -553.6611398395495   0.00020217474193881877
2nta                 -561.0728686938581   -561.0299635201653   0.00014390465769851765
1eda1ma1nta          -566.3458141072945   -566.2910716122931   0.00018360722790999198
1eda2fa              -569.1555404504418   -569.1016031000615   0.00018090675961825802
2eda1fa              -569.7812539314211   -569.7224425046552   0.0001972544919201174
2fa2ma               -570.3398960646249   -570.2810604725281   0.000197335542837399
1am1dma2fa           -570.348203054935    -570.2896624522424   0.00019634614352789169
1dma1nta1tma         -589.4942262777839   -589.4363144432085   0.0001942372449292709
1dma6w               -592.8758416989253   -592.8110082373541   0.00021745249562718201
1dma1eda1nta         -605.5581848451551   -605.5000012416107   0.00019514876251703112
1sua2w               -608.9366751259302   -608.8845465587699   0.00017484007097177503
1dma2fa1ma           -609.547803272347    -609.4864478162715   0.00020578720803445408
1am2fa1tma           -609.5521292175415   -609.4910477203975   0.0002048683452753116
1am2nta              -617.5376779937711   -617.4884076499155   0.00016525354303355695
1am1eda2fa           -625.618145245614    -625.5574261540373   0.00020365283104739623
1nta2tma             -628.698757727975    -628.6378360244402   0.00020433239488383835
1pha                 -643.3788268605509   -643.3422502857974   0.00012267843284741368
1eda1nta1tma         -644.7619392207147   -644.701936328842    0.00020125068546991454
2fa1ma1tma           -648.7563848209361   -648.6913945369163   0.0002179784806966665
2dma2fa              -648.7610893771556   -648.6973415577364   0.00021381123400663154
1ca                  -651.1321502563587   -651.0765628246688   0.00018644115944925393
1pa                  -651.1417989419621   -651.0883998547382   0.00017910141614566164
1ma2nta              -656.7462577593013   -656.6952855089991   0.0001709617652265267
2eda1nta             -660.8490292679708   -660.7909019945255   0.00019495983043849672
1msa                 -663.5299028895591   -663.4938384633541   0.00012096067819939471
1eda2fa1ma           -664.8182456075135   -664.7553449033837   0.0002109699954041498
1dma1sua1w           -667.4693667893914   -667.4112731440212   0.00019484704132273045
2am2nta              -674.0143304719969   -673.9602349173166   0.000181437379440749
1sua3w               -685.2725602918911   -685.2161101225788   0.0001893347956140888
1dma2fa1tma          -687.9600452497875   -687.8940677322225   0.0002212896782323278
1dma2nta             -695.9580349437682   -695.9041961480983   0.0001805762055001374
1b                   -698.9530554662284   -698.9186988027224   0.00011523281404028793
1sa                  -699.4488086968653   -699.4149921857028   0.00011342113420225625
1am1pha              -699.8464899963792   -699.8034733882844   0.00014427841051409146
1dma1eda2fa          -704.0293329038418   -703.9632715023795   0.00022157102620262037
1am1ma2nta           -713.2266518214605   -713.1672863135367   0.00019911288922889314
1pha1w               -719.7176732102663   -719.6757557063605   0.00014059199700104154
1am1msa              -719.998855697137    -719.9567623387301   0.00014118181588781598
2fa2tma              -727.1660536648081   -727.0981115908947   0.00022787883251171326
2nta1tma             -735.1688113519475   -735.1120525186769   0.00019037005960246588
1eda2fa1tma          -743.2314095370376   -743.1638020464624   0.00022675663449671878
1dma1sua2w           -743.8109955385901   -743.7472284067474   0.00021387600819368542
1eda2nta             -751.2260384068945   -751.1703450392242   0.0001867964704687415
2ma2nta              -752.4300646186108   -752.3706227067593   0.00019936914925939846
1am1dma2nta          -752.4355437472976   -752.3753338427351   0.00020194500943369756
1am1b                -755.4140627786253   -755.3738283610774   0.00013494689769606876
1am1sa               -755.9210580662518   -755.8800054367016   0.0001376911941980377
1am1p1sa             -756.2558215662864   -756.2113725119534   0.0001490828587389952
1homF                -758.6989731449781   -758.643718962824    0.00018532343502932795
1ma1msa              -759.1998614212313   -759.1550644322286   0.00015024983733912453
2eda2fa              -759.2951390807798   -759.2281313362919   0.00022474507626383478
1sua4w               -761.6112854460653   -761.546970182063    0.0002157144524647745
1mbtca               -762.2373300377933   -762.181214961882    0.00018821088683960898
1b1w                 -775.2968020392749   -775.2556636437915   0.00013797885454839236
1sa1w                -775.7895430637867   -775.7489267407051   0.00013622781513167914
2am1msa              -776.4612797192174   -776.4143839133674   0.00015728930353890386
1am2nta1tma          -791.6393164832847   -791.5749269622369   0.00021596351181537573
1dma1ma2nta          -791.6467626087959   -791.5839444974453   0.0002106929778660289
1ma1sa               -795.1241540458428   -795.079670918865    0.00014919713894969542
1dma1msa             -798.4087831735754   -798.3616528089925   0.0001580760173834358
3put                 -805.6796176817015   -805.6024648755538   0.0002587717798011896
1am1eda2nta          -807.7040547653405   -807.6409426327709   0.0002116791298661179
2am1b                -811.8757476652322   -811.8261359079065   0.00016639864942328222
2am1sa               -812.3913304207399   -812.3425579055354   0.000163583817556745
2am1p1sa             -812.751036423913    -812.7024377386034   0.00016300078923205797
1am1homF             -815.1581222557895   -815.0957613546095   0.00020915948743880657
1am1ma1msa           -815.6680533797646   -815.6173893230891   0.00016992807873702107
1dma1sua3w           -820.1489033003006   -820.0803055055974   0.0002300781308181306
1ma2nta1tma          -830.8454778465257   -830.779114375767    0.00022258417158734514
2dma2nta             -830.8648115691609   -830.7985315132802   0.00022230439671568913
1am1b1w              -831.7565469311177   -831.7114639520101   0.00015120905285088537
1am1aq1sa            -832.2586352741176   -832.2119740261081   0.00015650259268756397
1am1aq1p1sa          -832.6055104433108   -832.5567089179167   0.0001636811182092157
1b1dma               -833.8211672377189   -833.7750556009918   0.00015465918741290716
1dma1sa              -834.3364159144355   -834.2882423150111   0.00016157504418752336
1dma1p1sa            -834.6839988095892   -834.6349357626716   0.00016455826569756652
1homF1w              -835.0308175696343   -834.9721734157813   0.00019669345582023706
1sua5w               -837.9445558263873   -837.877880437337    0.00022363035066346923
1eda1ma2nta          -846.9105768729247   -846.8458801735411   0.00021699379300227955
1am1ma1sa            -851.59217486189     -851.542508340709    0.00016658232829448703
1b2w                 -851.6382818571678   -851.5924710903182   0.0001536500648990636
1sa2w                -852.1280813236345   -852.0819127370395   0.00015485019820607294
1fa1msa              -853.0410620198402   -852.9961417822853   0.00015066321500788754
1eda1msa             -853.679836389144    -853.631242387493    0.00016298508016492405
2ma1msa              -854.8695126387895   -854.816739058878    0.00017700345433948413
1am1dma1msa          -854.8715257952049   -854.8168270557198   0.0001834604711895325
3am1sa               -868.8515807549459   -868.7984939940072   0.00017805386865281814
3am1p1sa             -869.2270666416972   -869.1727825572863   0.00018206971125568928
1dma2nta1tma         -870.060359364572    -869.991456946097    0.00023109984395434875
1ma1sa1w             -871.4671438884461   -871.4177305779594   0.00016573305546429304
1sa1tma              -873.5472979683494   -873.4977607591858   0.00016614861366302902
1dma1eda2nta         -886.1229848050616   -886.0546221151224   0.00022928958557478179
1fa1sa               -888.9618728596499   -888.9179350652382   0.00014736808456031726
2am1aq1p1sa          -889.0969832016285   -889.0431684409589   0.00018049559171474304
1bda1sa              -889.6037813692901   -889.5556660922816   0.00016137942984555673
1eda1sa              -889.6038576115249   -889.5557447202387   0.00016137142809344982
2ma1sa               -890.7935750422361   -890.7401820600352   0.0001790809397981334
1am1dma1sa           -890.8031824362359   -890.7495716925326   0.00017981131545687134
1am1dma1p1sa         -891.1750394720455   -891.1209408258635   0.00018144774838795195
1dma1homF            -893.5650724222796   -893.497857716015    0.00022543922946387812
1am1msa1tma          -894.0844614682654   -894.0279438639133   0.0001895609738458567
1dma1sua4w           -896.4780006819597   -896.4070080995757   0.00023811028805605834
1am1b2w              -908.0989635833873   -908.0469261795631   0.00017453430764521487
1am2aq1sa            -908.6023601269937   -908.5507916430456   0.00017296154267374423
1am2aq1p1sa          -908.9498059398306   -908.8889488971113   0.0002041155214477501
2nta2tma             -909.2627043695525   -909.190973731821    0.00024058573782200187
1am1fa1msa           -909.5145410079099   -909.4619174959928   0.00017650012382024232
1am1eda1msa          -910.1467739731752   -910.0912708459755   0.00018615840080419486
1b1dma1w             -910.1643149549872   -910.1115978342765   0.0001768140892530478
1dma1sa1w            -910.6784847709184   -910.6254366395679   0.00017792430437846515
1aq1dma1p1sa         -911.0330333110825   -910.9764260331059   0.0001898617406566153
1sua6w               -914.2838437836597   -914.2131421584002   0.00023713441307953283
4am1sa               -925.3155124399576   -925.256926572173    0.0001964979633885977
1eda2nta1tma         -925.3244881097121   -925.2539346585179   0.0002366374348284413
1b3w                 -927.9794872864767   -927.92839053661     0.0001713793388122243
1sa3w                -928.4671899286518   -928.4153452137273   0.0001738880259087038
1mda1sa              -928.8156628981387   -928.7639764891849   0.0001733570650806886
1pda1sa              -928.8238139715767   -928.7736266101332   0.00016832923509424403
1dma1ma1sa           -930.0048245805734   -929.9486805629564   0.00018830795779640355
1am1sa1tma           -930.0171819356258   -929.9612505168025   0.00018759489794856812
1ma1msa1tma          -933.2843431239558   -933.2252173757593   0.00019830873116366294
2dma1msa             -933.288225541869    -933.2286369530091   0.00019986110635597306
2eda2nta             -941.3860066774437   -941.3182828783561   0.00022714673515837218
1msa1nta             -944.0692713963213   -944.0218567316333   0.00015902956460818034
1am1fa1sa            -945.4340543593506   -945.3833930486809   0.0001699188685892007
1am1eda1sa           -946.071404494897    -946.0160569868597   0.00018563645157677303
2am1dma1sa           -947.2585542186503   -947.2003623766379   0.00019517639447340845
2am1dma1p1sa         -947.6504765500968   -947.5898261345571   0.000203422490490435
1ma1sa2w             -947.8100635420067   -947.7539557647717   0.00018818640695881435
1fa1ma1msa           -948.7218841879969   -948.667348014962    0.00018291522064351314
1dma1ma1msa          -949.3480512265722   -949.289948281399    0.00019487823301435447
1sa1tma1w            -949.8851227652264   -949.8297536163626   0.00018570903526306527
2am2aq1p1sa          -965.4432792014709   -965.3825845911042   0.0002035707206664397
2am1fa1msa           -965.9792256903559   -965.9231264510538   0.00018815777059233676
2ma1sa1w             -967.1329465291674   -967.0747603005016   0.00019515756721666527
1diABmda1sa          -968.0198419280838   -967.9648235780857   0.0001845324501034457
1diAAmda1sa          -968.0204767559335   -967.9662037814651   0.00018203244832558694
1put1sa              -968.0404578415386   -967.9879531586708   0.00017610156923616543
1b2dma               -968.6876842885017   -968.6279482831146   0.00020035554381040035
2dma1sa              -969.2115727060209   -969.1518058378763   0.00020045905800658724
1ma1sa1tma           -969.2167453398446   -969.1590365144542   0.0001935563487848375
2dma1p1sa            -969.5971281962137   -969.5365739913171   0.00020309979841224467
1dma1msa1tma         -972.4941921457344   -972.4322836090719   0.00020764224941304023
1dma1sua5w           -972.8200683913625   -972.7452255102918   0.0002510242531295469
1nta1sa              -979.9885614581946   -979.9423088998682   0.00015513184077247134
1glyt1sa             -982.9564247485189   -982.9079273035954   0.00016266122731336033
1gly1sa              -983.4323589077962   -983.3854966979156   0.00015717662210472226
1gly1p1sa            -983.7850260880372   -983.7317730389476   0.00017861160184308924
1am1b3w              -984.4391748851987   -984.3837901790179   0.0001857612147602801
1fa1ma1sa            -984.6417496311107   -984.588413523884    0.00017889018020043906
1am3aq1sa            -984.9402063670301   -984.8826094779482   0.00019318091256696608
1eda1ma1sa           -985.2727663349725   -985.2143594573057   0.00019589762759258196
1am3aq1p1sa          -985.2924189733823   -985.2261402649202   0.0002222998774512352
1mea1sa1w            -985.8174050234671   -985.7647400541101   0.00017663917275545203
3ma1sa               -986.4598901883097   -986.3973641758174   0.00020971327349437837
1b1dma2w             -986.506091816494    -986.4491600171181   0.0001909501907622862
1dma1sa2w            -987.0179979699228   -986.9604419641773   0.00019304378918417358
2aq1dma1p1sa         -987.3758783228902   -987.3136970006847   0.00020855717660794935
1dma1fa1msa          -987.9315229840859   -987.8738586985689   0.0001934069613179327
1dma1eda1msa         -988.5553418680482   -988.494687765134    0.00020343485800452103
1am1msa1nta          -1000.5403692150876  -1000.487930001548   0.00017588198403400117
2am1fa1sa            -1001.9020088840786  -1001.8462049122885  0.0001871674385042482
1b4w                 -1004.3181719237134  -1004.2638834053862  0.0001820845826837322
1sa4w                -1004.8053907106762  -1004.7486344388819  0.00019036146836959287
1am1fa1ma1msa        -1005.1883882899567  -1005.1267017528414  0.00020689765928336693
1sa1triAABmda        -1007.228703733665   -1007.1709533038834  0.00019369589059742146
1dma1sa1tma          -1008.4206166990447  -1008.358636602511   0.0002078822623974769
1msa2tma             -1011.6970220023649  -1011.6315085212235  0.00021973329244164247
1dma1fa1sa           -1023.8532011782866  -1023.7967747893333  0.00018925503589904016
1ma1sa3w             -1024.14734789208    -1024.085659501109   0.00020690387714510024
1dma1eda1sa          -1024.4847465397181  -1024.4246128035754  0.00020168953930021518
1am2dma1sa           -1025.6740681971191  -1025.6101285442824  0.00021445464644256302
1am2dma1p1sa         -1026.0703663995023  -1026.0039316018579  0.0002228234031346774
1sa1tma2w            -1026.2221019520953  -1026.16227585024    0.00020065772884542745
1fa1msa1tma          -1027.1332379589733  -1027.0742198277178  0.00019794778217481875
1eda1msa1tma         -1027.760765614116   -1027.697736589883   0.00021140038313817366
1am1nta1sa           -1036.46321031483    -1036.4107421773786  0.00017597899530883473
1am1glyt1sa          -1039.4169217832148  -1039.3625217580573  0.0001824585784264953
1ma1msa1nta          -1039.7493603500907  -1039.6940700999548  0.00018544440763275675
1am1gly1sa           -1039.9156121124704  -1039.8591927795512  0.00018923136984461798
1am1gly1p1sa         -1040.2765821103492  -1040.2183858270398  0.0001951912906575004
1am1fa1ma1sa         -1041.1090699428228  -1041.0494848469457  0.00019984939083368626
1eda1fa1msa          -1043.1993936642307  -1043.1402580387771  0.0001983418596467939
2ma1sa2w             -1043.4751741175896  -1043.4108145219798  0.00021586314140435272
2eda1msa             -1043.8279405372405  -1043.766764328731   0.00020518600875191054
1fa2ma1msa           -1044.3925280041383  -1044.327681783663   0.00021749528920170295
1aq2dma1p1sa         -1045.9420502598093  -1045.8743709021007  0.00022699767804295625
1sa1teAABBmda        -1046.4333853411902  -1046.3730453856158  0.00020238120266480533
1sa2tma              -1047.6306535300523  -1047.5676472813557  0.00021132399361610928
1dma1sua6w           -1049.1565738804495  -1049.0761605494242  0.0002697076338255609
2am1msa1nta          -1057.0197785910555  -1056.9608665284009  0.0001975920263441074
1glyt1sa1w           -1059.2976312227418  -1059.2419493113614  0.0001867580458843983
1gly1sa1w            -1059.7834745582293  -1059.7277110227908  0.00018703181431726137
1gly1p1sa1w          -1060.1344232848778  -1060.0745879358128  0.00020068874413968886
1am1b4w              -1060.7768127056402  -1060.7146423110817  0.00020852052510032739
1am4aq1sa            -1061.2771370787523  -1061.2136085451175  0.0002130757458814681
1am4aq1p1sa          -1061.637046241108   -1061.5659658047227  0.00023840495182141393
1b1dma3w             -1062.846294479034   -1062.7851438009448  0.0002051003793025682
1fa1sa1tma           -1063.0606775585536  -1063.0030615053495  0.0001932451893489823
1dma1sa3w            -1063.3548620706476  -1063.291922271754   0.0002111011198850672
1eda1sa1tma          -1063.6903190792766  -1063.627732074275   0.00020991784337468436
4put                 -1074.2395005879032  -1074.145534633289   0.00031516335607723614
1ma1nta1sa           -1075.672467308774   -1075.6151924188446  0.00019210092211813725
1oa1sa               -1077.2707205627958  -1077.2194706287119  0.00017189312119268333
1dma1msa1nta         -1078.9617094879766  -1078.9031346855597  0.00019646084996450964
1eda1fa1sa           -1079.1215402608855  -1079.0629793677153  0.0001964141981220762
2eda1sa              -1079.7505167030133  -1079.6889129879048  0.00020661987291216628
1fa2ma1sa            -1080.3105169367707  -1080.246431361408   0.00021494407299237094
1am1dma1fa1sa        -1080.3189222366952  -1080.2569209480378  0.0002079533411283963
1b5w                 -1080.656692087271   -1080.5976482353585  0.00019803404968150962
1sa5w                -1081.1379055016785  -1081.0769854230723  0.0002043269448471467
4ma1sa               -1082.123043533776   -1082.0520272989486  0.00023818961873916587
2am2dma1p1sa         -1082.5421914110982  -1082.47024401674    0.00024131274310990421
1am1fa1msa1tma       -1083.5961263926547  -1083.5298451959566  0.00022230822303674885
1dma1fa1ma1msa       -1083.599713111342   -1083.5327687840652  0.00022453237389461828
2am1nta1sa           -1092.93923860874    -1092.8826078095292  0.00018994063126279872
1am1ma1msa1nta       -1096.224511247075   -1096.1647253607662  0.00020052284524130977
1am1eda1fa1msa       -1099.6629323271256  -1099.5977789797187  0.0002185253979781847
1sa1tma3w            -1102.5591562102857  -1102.4965657623823  0.00020992939092226944
3dma1sa              -1104.08227008071    -1104.0116233663805  0.00023695024091712396
3dma1p1sa            -1104.4873089563896  -1104.4169255472991  0.00023606711081922274
1dma1nta1sa          -1114.8838614441315  -1114.8257493126657  0.00019490904399144035
1msa1nta1tma         -1118.169875863209   -1118.1094352314692  0.0002027188721779535
1dma1fa1ma1sa        -1119.5217982823478  -1119.4566594747885  0.00021847663109020744
2aq2dma1p1sa         -1122.286197148973   -1122.2130706317469  0.00024526754058926906
1fa1ma1msa1tma       -1122.8012609222958  -1122.7331988913172  0.0002282811704796689
2dma1fa1msa          -1122.8107867475162  -1122.7416504707132  0.0002318842086291443
1sa2tma1w            -1123.9684088364916  -1123.8993725541577  0.00023154882553733357
1am1ma1nta1sa        -1132.1485873469167  -1132.0872986648571  0.0002055632468867474
1eda1msa1nta         -1134.2330789764428  -1134.1728309185492  0.00020207297633101942
2ma1msa1nta          -1135.432971858237   -1135.3693084377812  0.0002135281584962617
1am1dma1msa1nta      -1135.4380146974759  -1135.374138178985   0.00021424289280823708
1am1eda1fa1sa        -1135.5865557873155  -1135.5229208924782  0.0002134324831032399
1am1b5w              -1137.111244760889   -1137.0437616154281  0.00022633957894120218
1am5aq1sa            -1137.6163679152849  -1137.5489715210272  0.00022604861397879658
1eda1fa1ma1msa       -1138.8248293481251  -1138.7566826679008  0.00022856508544135044
1b1dma4w             -1139.1881887428453  -1139.1215918665735  0.00022336701751439467
1dma1sa4w            -1139.6906926408756  -1139.6238184968547  0.0002242969781001396
1oa1sa1w             -1153.6101793113737  -1153.5536356048235  0.00018964852104740094
1nta1sa1tma          -1154.0950536085352  -1154.0341157009766  0.00020438674344748934
1sa6w                -1157.474685284064   -1157.4093526433494  0.00021912675067660458
1fa1ma1sa1tma        -1158.727142088158   -1158.6589408217033  0.0002287481685552093
2dma1fa1sa           -1158.7321689033474  -1158.6646089027813  0.00022659735222603955
1dma1fa1msa1tma      -1162.014418104945   -1161.9426158633382  0.00024082589839690438
1eda1nta1sa          -1170.1524284261209  -1170.0915396150617  0.00020422207297951896
1am1dma1nta1sa       -1171.3611385405081  -1171.2970571310977  0.00021493010031968277
2ma1nta1sa           -1171.3830683962633  -1171.319489588741   0.0002132443653278254
1am1msa1nta1tma      -1174.6401400339037  -1174.5740396478027  0.00022170178132175822
1dma1ma1msa1nta      -1174.6478638730532  -1174.5807878917785  0.00022497394356911943
1eda1fa1ma1sa        -1174.7890682893478  -1174.7207321017252  0.00022920069636982477
1dma1eda1fa1msa      -1178.0293150306788  -1177.959512147435   0.0002341200175886498
1am1eda1msa1nta      -1190.7027331314364  -1190.6371744662335  0.00021988484052686306
1dma1fa1sa1tma       -1197.938880311893   -1197.8688112282255  0.00023501285818424645
1sa2tma2w            -1200.304486778257   -1200.229993995075   0.00024985001905670486
1fa1msa2tma          -1201.2092137807283  -1201.1360747987903  0.000245309347435876
1dma1ma1nta1sa       -1210.568752157895   -1210.501689799398   0.00022492825254728262
1am1nta1sa1tma       -1210.5706889831915  -1210.504414715608   0.00022228498267226293
1ma1msa1nta1tma      -1213.846499803084   -1213.776774662334   0.0002338592679858595
2dma1msa1nta         -1213.8586624594782  -1213.7878482794322  0.00023751192368425252
1dma1eda1fa1sa       -1213.9976548753855  -1213.929171409344   0.00022969467060610197
1b1dma5w             -1215.5222086076694  -1215.448730517235   0.00024644672290513863
1dma1sa5w            -1216.0284630171716  -1215.9555888503698  0.0002444211531169693
1eda1fa1msa1tma      -1217.2404274222151  -1217.1667253496096  0.00024719796278864715
1am1eda1nta1sa       -1226.624902695149   -1226.5625359855994  0.00020917896880676715
1eda1ma1msa1nta      -1229.9107453510792  -1229.8420569083628  0.00023038216574322235
1oa1sa2w             -1229.9488358602557  -1229.8873906095164  0.0002060883808137285
2eda1fa1msa          -1233.3078284542646  -1233.2356243574488  0.00024217372737114887
2put1sa              -1236.6123002783331  -1236.5431822638036  0.00023182295666582814
1fa1sa2tma           -1237.14390965156    -1237.0723494031013  0.00024001424940253463
4dma1sa              -1238.9501255616487  -1238.8696688139366  0.0002698532541064489
1ma1nta1sa1tma       -1249.7786766176885  -1249.7108229018143  0.00022758247819633048
2dma1nta1sa          -1249.7832687654832  -1249.7147619972015  0.00022977282670401755
1dma1msa1nta1tma     -1253.057414852767   -1252.9863437126598  0.00023837377194982663
1eda1fa1sa1tma       -1253.2049952645095  -1253.133361650718   0.00024026031793365795
1eda1ma1nta1sa       -1265.8375699401145  -1265.7707408917076  0.00022414572667008603
1dma1eda1msa1nta     -1269.1248697001365  -1269.0550389273321  0.00023421355963228782
2eda1fa1sa           -1269.2652141109738  -1269.194342670297   0.00023770397678043903
2mea1sa2w            -1272.176350978181   -1272.1040731566525  0.00024242100126959192
2pha                 -1286.7745321426396  -1286.7219131498528  0.00017648496658421653
1dma1nta1sa1tma      -1289.0076281721774  -1288.9369910839257  0.00023691795489418457
1msa1nta2tma         -1292.2571740020112  -1292.184786758918   0.0002427880029957506
1dma1sa6w            -1292.360862504449   -1292.2830059498847  0.00026113216355664535
2ca                  -1302.2827442942994  -1302.200258746654   0.00027665788242653937
2pa                  -1302.2862745139334  -1302.207440452337   0.00026441073820836664
1dma1eda1nta1sa      -1305.0470428151111  -1304.9768459756365  0.0002354413532601305
1oa1sa3w             -1306.2845247182427  -1306.2195051022954  0.00021807686046359753
1eda1msa1nta1tma     -1308.327326690616   -1308.2539231607132  0.00024619664565663646
2eda1msa1nta         -1324.3903181209507  -1324.3177515227421  0.0002433895630003168
2msa                 -1327.0737268599516  -1327.0233568726505  0.00016894176522259564
1nta1sa2tma          -1328.1920805269006  -1328.117431716014   0.0002503733385420083
1pha1sa              -1342.8420901486245  -1342.7912682384206  0.0001704575220668983
1eda1nta1sa1tma      -1344.2548251262203  -1344.1825031896522  0.00024256896383665933
1ca1sa               -1350.5985731297894  -1350.533134448706   0.00021948241181682815
1pa1sa               -1350.5990147520924  -1350.5315683326749  0.0002262163991878913
2eda1nta1sa          -1360.3107743739822  -1360.2401606648807  0.00023683954084038433
1msa1sa              -1362.9910209666791  -1362.9421988373924  0.0001637502240028441
1oa1sa4w             -1382.6224420952628  -1382.5559945796156  0.00022286605952578396
1am2msa              -1383.5428230294508  -1383.4866486872804  0.0001884096668458595
1b1sa                -1398.4530082474575  -1398.4071081913762  0.00015394954245024552
2sa                  -1398.9063952273584  -1398.8571904932403  0.0001650334868952234
1am1msa1sa           -1419.4710566938843  -1419.4174400089482  0.00017983124244766834
1ma2msa              -1422.7517200594514  -1422.6928948127172  0.00019730084432046033
2am2msa              -1440.0194977680635  -1439.959624855182   0.0002008147337965321
1am1b1sa             -1454.9132851400095  -1454.8619779473088  0.00017208516753545612
1am2sa               -1455.391738986699   -1455.3382457411756  0.00017941722462968667
1am1p2sa             -1455.7219084760998  -1455.6653155284723  0.0001898136764286601
1homF1sa             -1458.1529758368006  -1458.0882702051504  0.0002170237519718227
1ma1msa1sa           -1458.6807071130017  -1458.6234912945595  0.0001919027953799641
1oa1sa5w             -1458.957865565745   -1458.886377440643   0.00023977234647678825
1mbtca1sa            -1461.6976857253906  -1461.629921531054   0.0002272822214882368
1dma2msa             -1461.9634859895757  -1461.9016372668123  0.0002074416326125835
1b1sa1w              -1474.791559740672   -1474.7383078698033  0.0001786076500699166
2sa1w                -1475.2472784039894  -1475.1934772170932  0.00018045006505520886
2am1msa1sa           -1475.9431571144123  -1475.8842428876715  0.00019759928472487114
1am1ma2msa           -1479.2287531332697  -1479.163805193108   0.00021783645870139474
1ma2sa               -1494.600030018986   -1494.5429399967368  0.00019148087287972125
1dma1msa1sa          -1497.8928789029555  -1497.8324207252404  0.0002027777216684434
2msa1tma             -1501.168783836184   -1501.1046698333203  0.0002150394192979502
3put1sa              -1505.1897401618257  -1505.1051029686842  0.0002838745367827483
2am1b1sa             -1511.3737076516325  -1511.316391024545   0.00019224090923069097
2am2sa               -1511.8664941628476  -1511.8065164649329  0.0002011661845207406
2am1p2sa             -1512.2189601006469  -1512.1577111072995  0.0002054301302954426
1am1homF1sa          -1514.6319403661812  -1514.5622520912978  0.0002337356192650792
1am1ma1msa1sa        -1515.1522987152898  -1515.0876907236966  0.00021669626561556714
1eda2msa             -1517.2346709056847  -1517.173879272621   0.0002038961363851838
2homF                -1517.3958082482209  -1517.3133221131438  0.00027665985268248593
2ma2msa              -1518.4348283876739  -1518.3642167720745  0.0002368325192000581
1am1dma2msa          -1518.438831351445   -1518.3707808726167  0.0002282424243773906
1am1b1sa1w           -1531.2520184603738  -1531.194054443212   0.0001944122661800861
1am1aq2sa            -1531.7331468037594  -1531.6735282283164  0.00019996168184758246
1b1dma1sa            -1533.3333049075873  -1533.2751263245987  0.00019513192348963795
1dma2sa              -1533.8136112654495  -1533.753208395807   0.00020259221748302107
1dma1p2sa            -1534.1471997895558  -1534.0848085878927  0.00020926111575788936
1homF1sa1w           -1534.4958310555032  -1534.4268402028677  0.00023139645358103236
1oa1sa6w             -1535.2990942046238  -1535.2215697713862  0.00026001822316766316
1msa1sa1tma          -1537.096777106316   -1537.0341923406204  0.00020991033270207897
1am1ma2sa            -1551.076205139278   -1551.0112682008144  0.0002177995588251883
1b1sa2w              -1551.128241552567   -1551.0720676355136  0.00018840824099794276
2sa2w                -1551.5882530335662  -1551.5285742318724  0.00020016368168302413
1eda1msa1sa          -1553.1595651767818  -1553.0976476630688  0.0002076723585878267
2ma1msa1sa           -1554.3601032971767  -1554.2916299137607  0.0002296608533167435
1am1dma1msa1sa       -1554.3642007397302  -1554.2989131547247  0.00021897563309052336
1am2msa1tma          -1557.6388620762202  -1557.5693357219586  0.0002331925348377975
1dma1ma2msa          -1557.6455960843132  -1557.5751475141828  0.0002362856620170103
3am2sa               -1568.334578144421   -1568.2704133557113  0.00021520975585990714
3am1p2sa             -1568.712641442816   -1568.646198772666   0.00022284980764770352
1ma2sa1w             -1570.9415209366455  -1570.8779231201627  0.00021330812169294847
2sa1tma              -1573.020279737554   -1572.958156566149   0.0002083621378667506
1am1eda2msa          -1573.7054550585976  -1573.6359986783614  0.00023295784080431089
2am1b1sa1w           -1587.7080603722252  -1587.6423284013376  0.00022046611064111357
2am1aq2sa            -1588.2082352150062  -1588.1446201396022  0.00021336600839920504
1eda2sa              -1589.0804967576778  -1589.0183038420819  0.0002085960610297021
2ma2sa               -1590.2832419883182  -1590.215056541486   0.00022869510928102643
1am1dma2sa           -1590.2857240603312  -1590.2199446507375  0.0002206252208416673
1am1dma1p2sa         -1590.644469333328   -1590.5763983047916  0.00022831134843654278
1dma1homF1sa         -1593.0527446190222  -1592.9779627612756  0.00025081957989768955
1am1msa1sa1tma       -1593.567957964069   -1593.5007163442194  0.0002255294980691352
1dma1ma1msa1sa       -1593.5731340063537  -1593.5041090337706  0.00023151089244696313
1ma2msa1tma          -1596.8471646194662  -1596.773756671937   0.00024621146244997846
2dma2msa             -1596.8571886366187  -1596.7813149706246  0.000254481522704143
1am1b1sa2w           -1607.5914807415666  -1607.5298059891952  0.00020685813305766079
1am2aq2sa            -1608.0666181679044  -1608.0031661459843  0.000212819124334371
1am1eda1msa1sa       -1609.6319560267175  -1609.5646803714867  0.00022564365329720267
1b1dma1sa1w          -1609.6676257106362  -1609.6044053855178  0.00021204200945293888
1dma2sa1w            -1610.152064428589   -1610.0870161615974  0.00021817295653924924
1eda1ma2msa          -1612.9136623666648  -1612.840534212048   0.0002452730324224851
4am2sa               -1624.8001259782334  -1624.7302697176813  0.0002342990459580185
4am1p2sa             -1625.186981986692   -1625.114314224304   0.00024372886932244736
1b1sa3w              -1627.4648342949997  -1627.4053460988714  0.00019952438748332073
2sa3w                -1627.9268507036245  -1627.8636512569847  0.00021197198269164052
1dma1ma2sa           -1629.4954041501594  -1629.4270836416697  0.0002291481082992323
1am2sa1tma           -1629.4997240028385  -1629.4331155692996  0.00022340578077821585
2am1fa2msa           -1629.535383176032   -1629.4640670288725  0.00023919552962915454
1ma1msa1sa1tma       -1632.777780010105   -1632.7063799987097  0.00023947681165717452
2dma1msa1sa          -1632.7842457623387  -1632.7127496001553  0.00023979930298000807
1dma2msa1tma         -1636.0569688513997  -1635.9811721719898  0.00025422330843657373
1am1eda2sa           -1645.553216431377   -1645.486450141838   0.00022393523239666596
2am1dma2sa           -1646.7472647517002  -1646.6806956786932  0.00022327376490684271
2am1dma1p2sa         -1647.1369629895257  -1647.0655432657509  0.00023954292730210964
1ma2sa2w             -1647.2786898533723  -1647.2102065009271  0.00022969428960236757
1eda1ma1msa1sa       -1648.839571785245   -1648.7691415462232  0.00023622417917743222
2sa1tma1w            -1649.3549559562334  -1649.2879711988894  0.00022466797700485536
1dma1eda2msa         -1652.124487618724   -1652.049316465297   0.00025212528400952967
2am1b1sa2w           -1664.0457518235414  -1663.9739262495443  0.00024090415561701145
2am2aq2sa            -1664.5505053800996  -1664.4826633683958  0.00022754322221731058
2am1fa1msa1sa        -1665.4627120707955  -1665.3932565246782  0.0002329550431566384
2ma2sa1w             -1666.6239080007526  -1666.5530926538731  0.0002375158372615552
1put2sa              -1667.517389917917   -1667.4547710399381  0.00021002474586165099
1b2dma1sa            -1668.1981298045675  -1668.1283101843264  0.00023417615375190167
2dma2sa              -1668.7063982627658  -1668.6359800476155  0.0002361838509141357
1ma2sa1tma           -1668.7094826198022  -1668.6406572350652  0.00023084147153034756
1am1fa1ma2msa        -1668.7410889664486  -1668.6684759734196  0.00024354517199024975
2dma1p2sa            -1669.068071602291   -1668.9943036755847  0.0002474188385242155
1dma1msa1sa1tma      -1671.9882013782933  -1671.9155110557942  0.00024380453630433468
2msa2tma             -1675.2579674418457  -1675.1817647088542  0.00025558521882215876
1glyt2sa             -1682.4425759067424  -1682.3819439789238  0.00020336048237004007
1gly2sa              -1682.9180621537032  -1682.8549466855122  0.00021169031759461575
1gly1p2sa            -1683.2493573653242  -1683.1836702890932  0.0002203155332241312
1am1b1sa3w           -1683.929303800355   -1683.8605699445914  0.00023053448185114377
1am3aq2sa            -1684.4090704281768  -1684.3419549904409  0.00022510628118876347
1eda1ma2sa           -1684.7629250675072  -1684.6927382198019  0.00023540784070124398
1mea2sa1w            -1685.2879981882734  -1685.2188142418981  0.00023204409315786563
3ma2sa               -1685.9477175424086  -1685.872064963969   0.0002537399914110172
1b1dma1sa2w          -1686.0052705671062  -1685.9356289409868  0.00023357915854241523
2am2sa1tma           -1686.0107327311287  -1685.9387379494372  0.0002414716810031007
1dma2sa2w            -1686.4870807069933  -1686.4165342345455  0.00023661402799870216
1dma1eda1msa1sa      -1688.0516557459998  -1687.97909965424    0.00024335432419873666
1eda2msa1tma         -1691.3243385514613  -1691.2461500411252  0.00026224554866980125
2am1fa2sa            -1701.391781500731   -1701.3184970223722  0.00024579734482324485
3am1dma2sa           -1703.2072446099035  -1703.1326336572308  0.00025024636147118515
3am1dma1p2sa         -1703.6032566939725  -1703.5267538405983  0.00025659182751793983
1b1sa4w              -1703.8025634989085  -1703.7357364038708  0.00022413917503908922
2sa4w                -1704.2640778938955  -1704.1983894540601  0.00022032010677721457
1am1fa1ma1msa1sa     -1704.6721836881845  -1704.5992717887823  0.00024454770887910636
2eda2msa             -1707.3920468716085  -1707.31770475169    0.0002493446919953863
1dma2sa1tma          -1707.9128842571606  -1707.8394733645607  0.00024622134026282613
1fa2ma2msa           -1707.9477161759498  -1707.870326249081   0.00025956708659836253
1am1dma1fa2msa       -1707.9532941112143  -1707.8766946824971  0.00025691574280501105
1msa1sa2tma          -1711.1868794738193  -1711.1114911020613  0.00025285383785975585
2am2msa1nta          -1720.5670360443098  -1720.4963920536413  0.0002369411057127191
1ma2sa3w             -1723.6161162443832  -1723.5449344324838  0.00023874496696046218
1dma1eda2sa          -1723.974735843781   -1723.9021930756937  0.0002433096363814125
1am2dma2sa           -1725.1736187458123  -1725.0965271599175  0.0002585664460684804
1am2dma1p2sa         -1725.5619369939193  -1725.4831202701014  0.00026435258701331895
2sa1tma2w            -1725.6925689672464  -1725.622404136296   0.0002353339961450567
1eda1msa1sa1tma      -1727.2526222942356  -1727.1780044895677  0.0002502693431770502
1am1glyt2sa          -1738.9040487993288  -1738.8354308750645  0.0002301456456973198
1am1gly2sa           -1739.3873126126855  -1739.3173062771684  0.00023480239985627756
1am1gly1p2sa         -1739.7469329438436  -1739.6760480879789  0.00023774897154121526
2am1b1sa3w           -1740.3906972673155  -1740.3190490686413  0.00024030923586771508
1am1fa1ma2sa         -1740.5895363299778  -1740.5185899516255  0.00023795531897408164
2am3aq2sa            -1740.8874608732344  -1740.814039310199   0.0002462571290805753
2ma2sa2w             -1742.9662083596713  -1742.8901681386706  0.0002550401509350867
2eda1msa1sa          -1743.3181638431445  -1743.2430768417123  0.00025184303683385256
1fa2ma1msa1sa        -1743.8801299417812  -1743.8029447223296  0.00025888049455573015
1am1dma1fa1msa1sa    -1743.8836012589854  -1743.8080489246254  0.00025340377112174044
1b2dma1sa1w          -1744.5322067119905  -1744.457236447372   0.0002514514996426146
2dma2sa1w            -1745.0410360010883  -1744.9649970690048  0.0002550358278841444
2sa2tma              -1747.1209316585189  -1747.0460795340193  0.00025105525574364775
1am1fa2msa1tma       -1747.1531701901151  -1747.0752851369737  0.00026122774825343154
1dma1fa1ma2msa       -1747.163433102673   -1747.082803457357   0.0002704331555115719
2am1msa1nta1sa       -1756.495579221138   -1756.4225408241073  0.0002449719840043069
1glyt2sa1w           -1758.7789980401844  -1758.7092775333736  0.00023384372567686126
1gly2sa1w            -1759.2560757892727  -1759.1873536065507  0.00023049533027604295
1gly1p2sa1w          -1759.5966691521558  -1759.5258907524708  0.0002373919157640402
1am1ma2msa1nta       -1759.7749933783666  -1759.7007465664933  0.0002490250272443187
1am1b1sa4w           -1760.2725866185654  -1760.201811048861   0.00023738242396301849
1am4aq2sa            -1760.744853110017   -1760.673944096454   0.00023782999685604303
1b1dma1sa3w          -1762.346868532774   -1762.2748495542528  0.00024155283756921762
1dma2sa3w            -1762.8288101644846  -1762.7544155567718  0.00024952073692064065
1eda2sa1tma          -1763.1827704792208  -1763.1074696035635  0.00025256037449959765
1am1eda1fa2msa       -1763.219337563581   -1763.1414104291873  0.0002613688894635044
2ma2sa1tma           -1764.3778965364227  -1764.29853556822    0.00026617799162386373
3dma1msa1sa          -1767.6567285722022  -1767.574299474697   0.0002764685477273123
4put1sa              -1773.756199711959   -1773.6539884057404  0.00034281840086723464
2eda2sa              -1779.2412289414904  -1779.1667672117972  0.0002497458651447814
1fa2ma2sa            -1779.8017329724405  -1779.7264811076313  0.00025239599131035134
1am1dma1fa2sa        -1779.803625683471   -1779.7298145943867  0.0002475636058488127
1b1sa5w              -1780.1416517204714  -1780.0713303924938  0.00023585888974487124
2sa5w                -1780.6039262159713  -1780.5322851732406  0.0002402852347168139
4ma2sa               -1781.6179472842828  -1781.533833946608   0.0002821175169373518
2am2dma2sa           -1781.627938482378   -1781.5454351886485  0.0002767174030843767
2am2dma1p2sa         -1782.0233565721396  -1781.9417723033403  0.00027363497836510966
1dma1fa1ma1msa1sa    -1783.086691409815   -1783.007395972922   0.000265958198533461
1am1fa1msa1sa1tma    -1783.0975994082023  -1783.0172477040442  0.0002695009363001362
1fa1ma2msa1tma       -1786.3623058501798  -1786.279668121901   0.0002771682987711754
2dma1fa2msa          -1786.3657256064782  -1786.2820821095954  0.0002805416631994614
2am1nta2sa           -1792.4142537048308  -1792.3423792557212  0.0002410680835482106
1am1ma1msa1nta1sa    -1795.7020768825146  -1795.6289988507815  0.0002451049194459173
1am1dma2msa1nta      -1798.9920089235818  -1798.912777991504   0.0002657418483239024
2ma2msa1nta          -1799.0372745171953  -1798.959252879366   0.0002616858555408805
1am1eda1fa1msa1sa    -1799.1460941527232  -1799.0687696763218  0.0002593475646529043
2sa1tma3w            -1802.0285190602215  -1801.953267462806   0.00025239509446777766
1eda1fa1ma2msa       -1802.4265628574683  -1802.3447795280406  0.0002743026309822361
3dma2sa              -1803.5850273526603  -1803.5037461266684  0.0002726185678093917
3dma1p2sa            -1803.9780973806753  -1803.8923955046228  0.0002874455007628367
2am1b1sa4w           -1816.7222680112234  -1816.6432856263507  0.0002649082169128923
2am4aq2sa            -1817.223548614353   -1817.1444526201306  0.0002652892645374162
2mea2sa              -1818.9818991132747  -1818.908999714738   0.00024450578077013095
1dma1fa1ma2sa        -1819.0141950994002  -1818.9356414856784  0.00026347011142688315
1am1fa2sa1tma        -1819.0157819267622  -1818.93717087877    0.00026366274691228794
2ma2sa3w             -1819.3025585266353  -1819.221885886038   0.000270577362391709
1b2dma1sa2w          -1820.8644850771486  -1820.7827986317118  0.0002739776804848843
2dma2sa2w            -1821.3798845492915  -1821.298213196224   0.00027392706043060424
1fa1ma1msa1sa1tma    -1822.2958939648681  -1822.212946987411   0.000278205525599148
2dma1fa1msa1sa       -1822.2986709796348  -1822.2168158766133  0.00027454336079567136
2sa2tma1w            -1823.450645961541   -1823.3715597296175  0.000265256521628763
1dma1fa2msa1tma      -1825.569369817296   -1825.4847089198859  0.0002839540412885065
1am1ma1nta2sa        -1831.6205181950008  -1831.5476677265024  0.00024434166861953644
2ma1msa1nta1sa       -1834.9118495612015  -1834.8345543772625  0.0002592493172531755
1am1dma1msa1nta1sa   -1834.9166400297358  -1834.8389494723674  0.0002605754062325132
1am1eda1fa2sa        -1835.0692488339887  -1834.9942501180685  0.0002515469257757448
1am1b1sa5w           -1836.6082669458146  -1836.5320962481064  0.00025547777195493367
1am5aq2sa            -1837.0826035045466  -1837.0048448216626  0.0002608039003324034
1am2msa1nta1tma      -1838.1952934228577  -1838.113310188409   0.00027497311570915924
1dma1ma2msa1nta      -1838.343913713701   -1838.263280610105   0.00027044475464022103
1eda1fa1ma1msa1sa    -1838.3524986716275  -1838.2745506596407  0.0002614389132554409
1b1dma1sa4w          -1838.6847787965567  -1838.6077407414818  0.0002583869028156518
1dma2sa4w            -1839.1654068557393  -1839.0870158562932  0.0002629247004745724
1dma1eda1fa2msa      -1841.635929115821   -1841.5527422216433  0.00027901021022118063
1ma2sa2tma           -1842.7939054021388  -1842.7110223656753  0.00027799106645485806
1am1eda2msa1nta      -1854.255315654245   -1854.1763933651846  0.0002647066545719157
1fa1ma2sa1tma        -1858.2160662474164  -1858.1380744086453  0.0002615859090086449
2dma1fa2sa           -1858.2177219225862  -1858.1385069015153  0.0002656884825460483
1am3dma2sa           -1860.0505142957043  -1859.9637428628064  0.00029103281200202366
1am3dma1p2sa         -1860.4564748161574  -1860.3650419979244  0.00030666717502160934
1dma1fa1msa1sa1tma   -1861.5032364846124  -1861.4192834329128  0.000281579915142466
1fa2msa2tma          -1864.768243453324   -1864.6798529074117  0.0002964633436599221
2ma1nta2sa           -1870.8351668571813  -1870.7571694936455  0.0002616044391613341
1am1dma1nta2sa       -1870.8387112782182  -1870.761823847649   0.0002578817057484729
1am1msa1nta1sa1tma   -1874.1180262348162  -1874.0383812812079  0.000267130483341532
1dma1ma1msa1nta1sa   -1874.1232737471364  -1874.0436560043563  0.00026703921777699447
1eda1fa1ma2sa        -1874.2784314372607  -1874.1970001089967  0.0002731220132960163
1ma2msa1nta1tma      -1877.3944748470726  -1877.3097158625355  0.0002842830271247834
2dma2msa1nta         -1877.4034760544926  -1877.3196202730403  0.0002812536691341769
1dma1eda1fa1msa1sa   -1877.563229788287   -1877.4800809953538  0.00027888241802243686
1eda1fa2msa1tma      -1880.8368915545238  -1880.751122556992   0.00028767062730916925
1am1eda1msa1nta1sa   -1890.1790594591298  -1890.098895755607   0.00026887037908089086
2am1b1sa5w           -1893.069338742396   -1892.9878784965906  0.0002732190032052242
1eda1ma2msa1nta      -1893.4642749163213  -1893.3818371750522  0.0002764975390559815
2am5aq2sa            -1893.563039952211   -1893.478966034832   0.00028198530061692583
2mea2sa1w            -1895.3214279233664  -1895.2432814078004  0.00026210469752245156
2ma2sa4w             -1895.6401801517436  -1895.5537067174441  0.00029003331980351254
2eda1fa2msa          -1896.9072233438644  -1896.821413826038   0.000287806533041204
1b2dma1sa3w          -1897.215240820566   -1897.1315408472567  0.0002807310860614941
1dma1fa2sa1tma       -1897.4252756722783  -1897.3435703382472  0.00027404103314129834
2dma2sa3w            -1897.7137092896642  -1897.627591397314   0.0002888408262613292
2sa2tma2w            -1899.7887248080688  -1899.700698965415   0.0002952401229361486
1fa1msa1sa2tma       -1900.7009071773298  -1900.6156354461552  0.00028600278777336986
1am1nta2sa1tma       -1910.0417112551816  -1909.9629057690101  0.0002643148957605724
1dma1ma1nta2sa       -1910.043169612177   -1909.9625734828726  0.000270320742258487
1ma1msa1nta1sa1tma   -1913.3291844151288  -1913.2485658271005  0.0002703960691882287
2dma1msa1nta1sa      -1913.3361724983904  -1913.2531056129617  0.00027860769890531735
1dma1eda1fa2sa       -1913.486270322757   -1913.4033317189262  0.0002781774403176885
1b1dma1sa5w          -1915.0219051350637  -1914.9393546443898  0.0002768757024101125
1dma2sa5w            -1915.5007158395194  -1915.4166052217008  0.00028210839449553074
1dma2msa1nta1tma     -1916.6075477261174  -1916.5230776457875  0.00028331403766658015
1eda1fa1msa1sa1tma   -1916.7762002436211  -1916.6907688642887  0.000286538250320192
1am1eda1nta2sa       -1926.1000076203618  -1926.0232692154614  0.00025738187120603136
1eda1ma1msa1nta1sa   -1929.3863215115548  -1929.3056150366415  0.0002706908432451769
1dma1eda2msa1nta     -1932.6768723892194  -1932.5913638753857  0.0002867969607029759
2eda1fa1msa1sa       -1932.8332868567757  -1932.748372302917   0.0002848048091863651
2put2sa              -1936.1063889360037  -1936.02630087191    0.00026861668319007125
1fa2sa2tma           -1936.630033259273   -1936.5457723601119  0.00028261244058794456
4dma2sa              -1938.458146896534   -1938.3649289425766  0.00031265454958043313
1ma1nta2sa1tma       -1949.24990013867    -1949.1701298082849  0.00026755099910999805
2dma1nta2sa          -1949.2555118891964  -1949.172896423764   0.00027709362881898577
1dma1msa1nta1sa1tma  -1952.5374276012062  -1952.4533160123774  0.0002821116512786749
1eda1fa2sa1tma       -1952.6911902717147  -1952.609142842061   0.0002751884274825265
2msa1nta2tma         -1955.8075436592069  -1955.7169224296729  0.00030394509318778867
1eda1ma1nta2sa       -1965.3361943561408  -1965.2552356339152  0.00027153688487547656
1dma1eda1msa1nta1sa  -1968.6245213643392  -1968.5400213173211  0.00028341454642973285
2eda1fa2sa           -1968.7540891072747  -1968.668855066737   0.00028587637275828383
1eda2msa1nta1tma     -1971.9342633175238  -1971.8462364719344  0.0002952434868013407
1b2dma1sa4w          -1973.5577458283865  -1973.469414713437   0.00029626401123484023
2dma2sa4w            -1974.0548951790147  -1973.9660042886926  0.00029814150703356013
2sa2tma3w            -1976.1215523423723  -1976.0330353338597  0.00029688750129885905
2eda2msa1nta         -1987.9440315690406  -1987.8564898993297  0.00029361619892993076
1dma1nta2sa1tma      -1988.4630419016107  -1988.3790420486457  0.0002817368873545957
3msa                 -1990.6107852530522  -1990.5452373741637  0.00021984866304953303
1msa1nta1sa2tma      -1991.7397171927173  -1991.6521149482592  0.00029381936762893013
2ca1sa               -2001.7363248137601  -2001.6412391520023  0.0003189188722390589
2pa1sa               -2001.7493053064213  -2001.6576444241787  0.0003074321054599495
1dma1eda1nta2sa      -2004.5209428891753  -2004.4369716894548  0.0002816407839039857
1eda1msa1nta1sa1tma  -2007.8146500025482  -2007.7297859201503  0.0002846355270767222
2eda1msa1nta1sa      -2023.8718035456186  -2023.786881210513   0.000284830907615224
2msa1sa              -2026.5250085116284  -2026.4610710298     0.00021444736484312358
1nta2sa2tma          -2027.6631149185753  -2027.5790903044856  0.00028181993657400676
1pha2sa              -2042.303904328642   -2042.2413298904746  0.00020987569400398315
1eda1nta2sa1tma      -2043.7263638068735  -2043.6417701642958  0.0002837284674737687
1b2dma1sa5w          -2049.9022487883235  -2049.810790007829   0.00030675425287625884
1ca2sa               -2050.055254692521   -2049.9784365272653  0.0002576493887477404
1pa2sa               -2050.0562865037     -2049.9767297970784  0.0002668345014969409
2dma2sa5w            -2050.3905615401736  -2050.2937559918373  0.0003246874000884567
2eda1nta2sa          -2059.7860426059246  -2059.70050926305    0.0002868802377157974
1msa2sa              -2062.4467843623975  -2062.384686002179   0.00020827892073842593
1b2sa                -2097.926601588859   -2097.866256196553   0.000202399437552127
3sa                  -2098.3619822914393  -2098.2980039992594  0.00021458424343182022
1dma3msa             -2125.5030852353407  -2125.4272044250542  0.00025450548477760454
1am1b2sa             -2154.397774883544   -2154.334012801016   0.0002138590727076074
1am3sa               -2154.851696052377   -2154.784022043706   0.00022697973728379728
1homF2sa             -2157.6095504482228  -2157.53241485729    0.0002587140396865343
1mbtca2sa            -2161.1535156941286  -2161.0740739212174  0.0002664490119428414
1dma2msa1sa          -2161.4325688716513  -2161.3579360014996  0.00025031987305564285
1b2sa1w              -2174.265546199382   -2174.2014557276307  0.0002149604955566855
3sa1w                -2174.7028751048238  -2174.637137521854   0.00022048493365587745
1ma3sa               -2194.064391054863   -2193.994624489436   0.00023399820703175005
1dma1msa2sa          -2197.358067811944   -2197.2856301440893  0.00024295712847512255
3put2sa              -2204.6849236652993  -2204.5882695033365  0.0003241796477052949
2am1b2sa             -2210.8682389545625  -2210.7972879709646  0.00023797076504497887
2am3sa               -2211.3351362594854  -2211.2630531056398  0.00024176808265978107
2am1p3sa             -2211.6808365710535  -2211.6073654949946  0.0002464231965763898
1am1homF2sa          -2214.0957017179076  -2214.0144089922446  0.0002726571378920306
2homF1sa             -2216.8566216924305  -2216.7634535086077  0.00031248761973116766
2mbtca1sa            -2223.943762590835   -2223.8461602620728  0.00032735981473276047
1am1b2sa1w           -2230.7408746067204  -2230.6718651212223  0.00023145894851018379
1am1aq3sa            -2231.19044527746    -2231.1195747309     0.00023770097789756713
1b1dma2sa            -2232.8157622158988  -2232.7447806776554  0.00023807324582916016
1dma3sa              -2233.277985825652   -2233.2054551116703  0.0002432692067125016
1homF2sa1w           -2233.9488309990275  -2233.867074209018   0.00027421361733863804
1b2sa2w              -2250.607763692862   -2250.539029167143   0.00023053672889225958
3sa2w                -2251.0417732751403  -2250.9723068173744  0.00023299164100612897
2dma3msa             -2260.3946386269313  -2260.306758400415   0.00029475172401811954
3am3sa               -2267.8170953149533  -2267.740315648764   0.00025752026224697426
3am1p3sa             -2268.174195180838   -2268.0945037024003  0.0002672865283820753
3sa1tma              -2272.4780665804706  -2272.404111340986   0.0002480470886578008
1am2homF1sa          -2273.333694450452   -2273.2361635053344  0.00032712039281441904
2am1b2sa1w           -2287.2015685069673  -2287.1296176258284  0.00024132443783144236
2am1aq3sa            -2287.6777738774645  -2287.6023704685877  0.00025290427260496977
1eda3sa              -2288.548517952396   -2288.474943171403   0.00024677102462845126
2ma3sa               -2289.753898796917   -2289.675815278683   0.00026189340343097626
1am1dma3sa           -2289.7556664644626  -2289.6783852660274  0.00025920240964229165
1dma1homF2sa         -2292.522773768078   -2292.4356808222637  0.00029211117160630307
2homF1sa1w           -2293.1958841424153  -2293.098043897669   0.00032815778885212943
2dma2msa1sa          -2296.327961097838   -2296.2413116069383  0.00029062381653317603
1am1b2sa2w           -2307.079577203773   -2307.005165468829   0.00024957818193686155
1am2aq3sa            -2307.5331257842226  -2307.456617600328   0.0002566097061701904
1b1dma2sa1w          -2309.1496693437894  -2309.0717147209107  0.00026146108629267716
1dma3sa1w            -2309.612643585016   -2309.534922485875   0.00026067784384050985
4am3sa               -2324.2863042972936  -2324.207876280569   0.00026304885703130426
4am1p3sa             -2324.6631422460378  -2324.5794376208905  0.0002807466884026074
1b2sa3w              -2326.9408965071293  -2326.866798801719   0.0002485249217178584
3sa3w                -2327.386025496512   -2327.3115236115973  0.00024988054641915755
1am3sa1tma           -2328.9760225980226  -2328.897835715995   0.00026224008729700926
2dma1msa2sa          -2332.253058718739   -2332.167085849565   0.00028835441614648755
3am1aq3sa            -2344.1540332076434  -2344.0720626132975  0.00027493072059613934
2am1dma3sa           -2346.2365979446736  -2346.1551446640683  0.000273195641808472
2am1dma1p3sa         -2346.5998544534914  -2346.515202151312   0.0002839252127402766
1dma2homF1sa         -2351.757561418274   -2351.654318264113   0.00034627923582392306
2am1b2sa2w           -2363.5454509215147  -2363.4646014803598  0.0002711703543700609
2am2aq3sa            -2364.0143486111388  -2363.932654661146   0.00027400285089027303
1put3sa              -2366.989197907409   -2366.913896120902   0.00025256342950523485
1b2dma2sa            -2367.7006800104064  -2367.619878500138   0.00027100959338624846
2dma3sa              -2368.1779084982027  -2368.0942652439862  0.0002805408492946813
1ma3sa1tma           -2368.241610998346   -2368.155931981726   0.0002873688298486387
5am1p3sa             -2381.137357266763   -2381.048158547533   0.0002991739702505347
1glyt3sa             -2381.9273848056273  -2381.855875684024   0.0002398427690884502
1gly3sa              -2382.3764420447123  -2382.30171166773    0.00025064691256581364
1gly1p3sa            -2382.710303800369   -2382.631825442031   0.00026321770362989393
1am1b2sa3w           -2383.414787802347   -2383.335623437739   0.00026551857993949054
3ma3sa               -2385.439702533199   -2385.354325977197   0.0002863543719661654
1b1dma2sa2w          -2385.4908549892     -2385.4106067358803  0.0002691539604879316
2am3sa1tma           -2385.5077352873172  -2385.423233615616   0.0002834199956474966
1dma3sa2w            -2385.9519727769316  -2385.871615973088   0.00026951804072893835
3sa4w                -2398.909762348443   -2398.8297115718615  0.0002684916202657882
3am1dma3sa           -2402.7032339933216  -2402.618911327562   0.00028281960677489917
3am1dma1p3sa         -2403.0846459651666  -2402.9952260329283  0.0002999159223168853
1b2sa4w              -2403.27099769783    -2403.192697939596   0.00026261867595104806
3am2aq3sa            -2420.495123641753   -2420.407113783702   0.0002951865103191171
1am2dma3sa           -2424.6490066639385  -2424.5618865176707  0.0002922024023718733
1am2dma1p3sa         -2425.0209482290084  -2424.930745067135   0.00030254288738231725
3dma2msa1sa          -2431.2229463769945  -2431.126127825487   0.00032473101293777003
2am1b2sa3w           -2439.884423058444   -2439.7995466849356  0.00028467675166212044
2am3aq3sa            -2440.35498378792    -2440.2681832674325  0.00029113037225408515
3am3sa1tma           -2441.925974101129   -2441.8397575201643  0.0002891718294966992
1b2dma2sa1w          -2444.034993680347   -2443.9487388787065  0.00028930002226988536
2dma3sa1w            -2444.5107852401393  -2444.422463276275   0.00029623331834420226
1am1b2sa4w           -2459.7455714975786  -2459.6618645192502  0.00028075458101127265
1am4aq3sa            -2460.207542929759   -2460.1222447501764  0.00028609149616758167
1b1dma2sa3w          -2461.8177279767237  -2461.734551164233   0.00027897639607826866
1dma3sa3w            -2462.2895977413677  -2462.2037891969053  0.00028780326836176927
2ma3sa1tma           -2463.8704713717802  -2463.7804352334847  0.00030198268755851686
3dma1msa2sa          -2467.1509139233376  -2467.0570245158906  0.0003149066156180208
4put2sa              -2473.242769361371   -2473.1306610056117  0.00037601326768020945
1b2sa5w              -2479.6129293862523  -2479.532388884697   0.00027013416587583667
3sa5w                -2480.0630540146103  -2479.977796032217   0.00028595667413607864
4ma3sa               -2481.116668327117   -2481.0247526275     0.0003082867671207287
2am2dma3sa           -2481.1242512269177  -2481.03373668183    0.0003035872718015514
2am2dma1p3sa         -2481.508242026285   -2481.41152171892    0.0003244015004687865
3am3aq3sa            -2496.8273297708843  -2496.7368960349327  0.00030331623663279304
1b3dma2sa            -2502.577583095769   -2502.484002183841   0.00031387191657962184
3dma3sa              -2503.072215503587   -2502.9787115505046  0.00031361379534730524
1am3sa2tma           -2503.0843603280746  -2502.9942134676503  0.0003023540513963376
3dma1p3sa            -2503.4422345214293  -2503.3454869339225  0.0003244929985157405
2am1b2sa4w           -2516.219999756554   -2516.132944719863   0.00029198402378477907
2am4aq3sa            -2516.690422572614   -2516.6004989234334  0.00030160539722041036
1b2dma2sa2w          -2520.3775797868493  -2520.2862016401978  0.00030648380564012116
2dma3sa2w            -2520.8475377520012  -2520.7562198145047  0.0003062818631445339
1am1b2sa5w           -2536.086961619051   -2536.0001044113187  0.0002913205022070528
1am5aq3sa            -2536.5449457826016  -2536.456259186536   0.0002974563007403363
1b1dma2sa4w          -2538.157373230339   -2538.068588758372   0.0002977845781234738
1dma3sa4w            -2538.629432766391   -2538.538263494869   0.0003057832350197436
1ma3sa2tma           -2542.287188563553   -2542.193606461783   0.00031387590732963056
1am3dma3sa           -2559.5395761774553  -2559.4434400829687  0.0003224420408750349
2am3sa2tma           -2559.6169466975152  -2559.522148281315   0.0003179554459162356
1am3dma1p3sa         -2559.9306023264885  -2559.8283038827244  0.0003431106616291886
3am4aq3sa            -2573.1712901005794  -2573.075332080047   0.0003218447779029056
3dma3sa1w            -2579.4072978771555  -2579.3084184482086  0.00033164322973803666
2am1b2sa5w           -2592.5647437641205  -2592.4713669621165  0.0003131873285399197
2am5aq3sa            -2593.0278691266412  -2592.933264135958   0.0003173066935584971
1b2dma2sa3w          -2596.7065169234793  -2596.611607692411   0.0003183271208076998
2dma3sa3w            -2597.183748630921   -2597.088767502038   0.000318568267254927
1b1dma2sa5w          -2614.4925231576963  -2614.399030211239   0.0003135768789467807
1dma3sa5w            -2614.965838603626   -2614.8711098976232  0.0003177216367667404
2put3sa              -2635.58631977496    -2635.4970377925233  0.00029945323641388584
4dma3sa              -2637.9554457523172  -2637.8526845745355  0.00034466267912764244
2ma3sa2tma           -2638.031539474888   -2637.929555211164   0.00034205689660978694
4dma1p3sa            -2638.3510346108974  -2638.2451246964515  0.000355223593646223
4msa                 -2654.130482368636   -2654.0520614965326  0.00026302489385720244
3dma3sa2w            -2655.748781215925   -2655.6467766176784  0.0003421250989305489
1b2dma2sa4w          -2673.0440822345286  -2672.9452885561773  0.00033135562083327317
2dma3sa4w            -2673.52673346427    -2673.4270329635397  0.0003343971179949731
1am3sa3tma           -2677.2439857933723  -2677.141723060555   0.00034299088652299216
3msa1sa              -2690.061847370335   -2689.984506281871   0.00025940328178399356
2ca2sa               -2701.2007412732814  -2701.094045690284   0.00035785873887945877
2pa2sa               -2701.2124679775375  -2701.106574033976   0.00035517002703890316
1ma3sa3tma           -2716.3814054250643  -2716.273795818319   0.0003609243895535943
2msa2sa              -2725.9829513171408  -2725.906853346659   0.0002552338436428134
3mea3sa              -2728.4889113868417  -2728.3958905093536  0.00031199355186162426
3dma3sa3w            -2732.080465784413   -2731.973744211552   0.00035794590931206594
1b2dma2sa5w          -2749.3858996734334  -2749.2811618843143  0.0003512922660399703
1pa3sa               -2749.512734285131   -2749.4242637920315  0.0002967314878380129
2dma3sa5w            -2749.865293718336   -2749.759376256884   0.00035524890642850654
1msa3sa              -2761.897460288044   -2761.81961071504    0.0002611087472883183
1b3sa                -2797.391948176769   -2797.318487597021   0.0002463879917735803
4sa                  -2797.820563311629   -2797.746875796984   0.0002471491351516843
3dma3sa4w            -2808.423817149246   -2808.3116374549945  0.0003762525381580474
1dma3msa1sa          -2824.9662522876465  -2824.877210139703   0.00029864882758028435
1am1b3sa             -2853.8706465168093  -2853.7916858963576  0.00026483521868913597
1am4sa               -2854.3088182251045  -2854.230339684045   0.00026321831648415216
1mbtca3sa            -2860.612503955661   -2860.5212309901217  0.0003061310264627072
1dma2msa2sa          -2860.892592568385   -2860.8057177496703  0.00029137956973006567
1b3sa1w              -2873.730713801708   -2873.656978200776   0.0002473104173476179
4sa1w                -2874.1583454761635  -2874.0751931975715  0.0002788941089788287
1ma4sa               -2893.5197706639333  -2893.4375076970914  0.00027591134275261323
1dma1msa3sa          -2896.8135351872024  -2896.7282830022314  0.0002859372294834791
3put3sa              -2904.1733415311337  -2904.065261674835   0.00036250161428378686
2am1b3sa             -2910.349809154185   -2910.2687204010863  0.0002719730105613297
2am4sa               -2910.7977743119804  -2910.715354860489   0.00027643619484063974
2homF2sa             -2916.3137664967016  -2916.208830568132   0.00035195682900967536
1am1b3sa1w           -2930.2149409396534  -2930.132210089606   0.0002774806307153014
1b1dma3sa            -2932.2825263237937  -2932.1996832677823  0.0002778569713618586
1dma4sa              -2932.733571238599   -2932.648413068601   0.00028562190172131796
1b3sa2w              -2950.0734516230546  -2949.994555393117   0.00026461925184535654
4sa2w                -2950.499108631559   -2950.4186043250306  0.0002700127671582859
2dma3msa1sa          -2959.8670208455287  -2959.7686378576636  0.0003299781581904822
3am1b3sa             -2966.825241872178   -2966.7383891074746  0.0002913056002111521
3am4sa               -2967.281527844518   -2967.1947556100254  0.0002910355005622271
3am1p4sa             -2967.6367027501306  -2967.543941471176   0.000311122854116117
1am2homF2sa          -2972.7930785444823  -2972.683215469774   0.0003684825581345961
2am1b3sa1w           -2986.6846853039683  -2986.5984461028006  0.00028924769803196943
1eda4sa              -2988.016216686377   -2987.9348420846613  0.0002729317515201354
2ma4sa               -2989.2168072295453  -2989.1272197990393  0.0003004777142576699
1am1dma4sa           -2989.2178607685405  -2989.128043385814   0.00030124897778211835
2homF2sa1w           -2992.6495234601734  -2992.5407199830624  0.00036492865038001594
2dma2msa2sa          -2995.7949803631477  -2995.697063265034   0.0003284155563123968
1am1b3sa2w           -3006.552258199808   -3006.466246595031   0.0002884843359940825
1b1dma3sa1w          -3008.631844870501   -3008.5441952557635  0.00029397824832490325
4am4sa               -3023.7656655998467  -3023.6736463285465  0.00030863414825005667
4am1p4sa             -3024.126147354194   -3024.02918525385    0.0003252124780945185
1b3sa3w              -3026.4085911262023  -3026.323430309671   0.0002856307782359324
4sa3w                -3026.845106512749   -3026.75964563057    0.0002866372033484675
2dma1msa3sa          -3031.7200366189986  -3031.622653083637   0.0003266259780715794
2am1dma4sa           -3045.7029045425124  -3045.6111473209103  0.0003077552292535311
1dma2homF2sa         -3051.2163588884096  -3051.100954548502   0.00038706805268323556
2am1b3sa2w           -3063.0201869973375  -3062.9290796572154  0.000305575516088316
1put4sa              -3066.4622645334903  -3066.3734286562767  0.0002979569921631399
1b2dma3sa            -3067.182501422134   -3067.090015048794   0.0003102008161663538
2dma4sa              -3067.6393300344325  -3067.5456713106432  0.0003141328988410318
5am4sa               -3080.231477057961   -3080.1364450005517  0.00031873908237065913
5am1p4sa             -3080.610873253645   -3080.5099414091674  0.0003385270651587954
1am1b3sa3w           -3082.8836540074653  -3082.7927486057906  0.00030489821121631425
3ma4sa               -3084.9074722527516  -3084.811537784611   0.0003217657827962835
1b1dma3sa2w          -3084.955694051575   -3084.8637220034934  0.0003084757607947794
2am4sa1tma           -3084.993003680157   -3084.897047913605   0.00032183721801829374
3dma3msa1sa          -3094.766610930026   -3094.6582557569936  0.00036342503113163623
3am1dma4sa           -3102.18268896612    -3102.0814002609736  0.00033972398170860487
3am1dma1p4sa         -3102.548508350215   -3102.4469792420155  0.0003405302975000397
1b3sa4w              -3102.7403859520286  -3102.6517653054184  0.0002972351051841965
4sa4w                -3103.1763300411417  -3103.085429799556   0.0003048809041922957
1am2dma4sa           -3124.1253379230875  -3124.026901121748   0.00033015864946731423
3dma2msa2sa          -3130.6950681538765  -3130.587853129564   0.000359600953587908
3am4sa1tma           -3141.414271298874   -3141.3143551002304  0.0003351205723436016
1b2dma3sa1w          -3143.5164407364773  -3143.4181871237324  0.00032954423191563126
1b1dma3sa3w          -3161.2862157641785  -3161.1873572851773  0.0003315729632768878
2ma4sa1tma           -3163.4198093053546  -3163.315873339886   0.0003486029363344286
3dma1msa3sa          -3166.6228740307824  -3166.5156619543695  0.0003595910662885028
4put3sa              -3172.747226079464   -3172.6278683437085  0.0004003278073328862
1b3sa5w              -3179.074382586663   -3178.982153694835   0.00030933721894727873
4sa5w                -3179.5193159070986  -3179.42187773578    0.00032680922796800364
4ma4sa               -3180.5990012128836  -3180.4939331400224  0.0003524000431376978
2am2dma4sa           -3180.602877413517   -3180.5009383293113  0.00034190536376067066
2am2dma1p4sa         -3180.9760957043122  -3180.866818326627   0.0003665181206968654
1b3dma3sa            -3202.0658027478576  -3201.9627188185086  0.00034574519318419483
3dma4sa              -3202.538007065103   -3202.4330673776453  0.0003519694363836707
1am4sa2tma           -3202.5641410609483  -3202.461558420275   0.0003440638627308249
3dma1p4sa            -3202.906620998254   -3202.801096981326   0.0003539292870297316
2mea4sa              -3217.917573877624   -3217.8226050350086  0.0003185270589161757
1b2dma3sa2w          -3219.8506499111645  -3219.7494343170138  0.00033947876622692326
4dma3msa1sa          -3229.657275633703   -3229.536330957339   0.0004056504322117725
1b1dma3sa4w          -3237.63460525863    -3237.5345632765016  0.00033554245221667777
1ma4sa2tma           -3241.7687431754193  -3241.6639745108523  0.0003513958227976728
1am3dma4sa           -3259.0162038614444  -3258.905737945577   0.0003705044972905939
2am4sa2tma           -3259.1219178983492  -3259.0161396610174  0.0003547819464420795
1am3dma1p4sa         -3259.390780878024   -3259.278012803502   0.00037822597525332844
4dma2msa2sa          -3265.5888549144715  -3265.4706400548816  0.00039649458188695263
4dma1msa3sa          -3301.5143016357047  -3301.395146659433   0.0003996477486902092
1b1dma3sa5w          -3313.9709366620245  -3313.8686388943597  0.000343108393976718
2put4sa              -3335.068541017682   -3334.9658512203014  0.0003444232680906922
1b4dma3sa            -3336.945638515136   -3336.831223543827   0.0003837496941440638
4dma4sa              -3337.4343734162344  -3337.316934948853   0.00039389054966258523
2ma4sa2tma           -3337.529935026392   -3337.4165507213265  0.0003802928226240838
4dma1p4sa            -3337.810034320494   -3337.6916639470373  0.0003970161779520436
1am4sa3tma           -3376.668660362637   -3376.555060150918   0.00038101697708910296
3msa2sa              -3389.514034727912   -3389.4238903749883  0.0003023456412004803
1ma4sa3tma           -3415.9587608521315  -3415.8409617015996  0.0003951002868768376
2msa3sa              -3425.4333078425525  -3425.3435923172156  0.0003009073464285788
1pa4sa               -3448.9774906184193  -3448.875671254502   0.0003415038199481283
5dma4sa              -3472.3220525753386  -3472.1968086873376  0.00042007005870097944
5dma1p4sa            -3472.717045505831   -3472.5869616168934  0.0004363035013849239
1b4sa                -3496.848649378264   -3496.762826215142   0.00028785229958664364
5sa                  -3497.274496300361   -3497.1820324069236  0.0003101254182008276
1am1b4sa             -3553.337232715074   -3553.2483182370847  0.0002982206204554507
1am5sa               -3553.7636339255782  -3553.67199255024    0.0003073666789824588
1mbtca4sa            -3560.069541261896   -3559.96713856119    0.00034346034112732547
3put4sa              -3603.654178369223   -3603.536072994657   0.00039612736731762133
2am1b4sa             -3609.818972497395   -3609.7251981178874  0.00031452081002393
2am5sa               -3610.250941718575   -3610.154625727309   0.000323045417630031
1b1dma4sa            -3631.751862165218   -3631.655534307395   0.00032308521825697307
1dma5sa              -3632.1884830405306  -3632.091145794827   0.00032647072179487895
3am1b4sa             -3666.306296393823   -3666.2082668733647  0.0003287926226985771
3am5sa               -3666.751484013544   -3666.6512702125997  0.0003361187353460382
1b1dma4sa1w          -3708.0940632405786  -3707.995181288535   0.0003316516922483276
4am1b4sa             -3722.7655413789867  -3722.6629055508124  0.0003442422544839352
4am5sa               -3723.2279951128003  -3723.122005748548   0.0003554900696040202
5am5sa               -3779.7184557712058  -3779.607488946775   0.00037218455284517953
5am1p5sa             -3780.0748819868695  -3779.962255160024   0.00037775222822402434
1b1dma4sa2w          -3784.4243459525906  -3784.320607688768   0.00034793984176524444
1b1dma4sa3w          -3860.7598096946463  -3860.6513298010545  0.00036384334593548775
4put4sa              -3872.23973446097    -3872.108626651034   0.00043973774924153437
1b1dma4sa4w          -3937.10800875475    -3936.9958240925653  0.00037626920068412826
1b1dma4sa5w          -4013.4478501753797  -4013.331420546377   0.0003905068891596916
3msa3sa              -4088.97091564805    -4088.869774299607   0.0003392297449032619
1b5sa                -4196.31630069845    -4196.218526696813   0.00032793560837403985
1am1b5sa             -4252.80308417339    -4252.702627508316   0.00033693330562976795
1b1dma5sa            -4331.221294728      -4331.113186595545   0.0003625964529771889
1b6sa                -4895.772412611994   -4895.6632569992435  0.0003661097191061204
1am1b6sa             -4952.253888978142   -4952.1403643381045  0.00038076350842522445
