#CLUSTER  ddG_298.15K_[kcal/mol] ddH_298.15K_[kcal/mol] ddS_298.15K_[cal/mol/K]
1tma                      0.0                 0.0                 0.0                
1sa                       0.0                 0.0                 0.0                
1pinonic                  0.0                 0.0                 0.0                
1pinic                    0.0                 0.0                 0.0                
1nta                      0.0                 0.0                 0.0                
1msa                      0.0                 0.0                 0.0                
1ma                       0.0                 0.0                 0.0                
1isopoohBetaOne           0.0                 0.0                 0.0                
1isopoohBetaFour          0.0                 0.0                 0.0                
1iepoxBetaTrans           0.0                 0.0                 0.0                
1homTheo                  0.0                 0.0                 0.0                
1fa                       0.0                 0.0                 0.0                
1dma                      0.0                 0.0                 0.0                
1am                       0.0                 0.0                 0.0                
1am1sa                    -8.166022840538062  -17.144699716358446 -30.114650849471737
1ma1sa                    -9.772794472344685  -19.716721562785096 -33.352094886667814
1sa1tma                   -11.2157250707387   -21.71048684467678  -35.199603467784684
1dma1sa                   -12.208666992839426 -22.221236636512913 -33.582281045010916
2am2sa                    -30.827641082461923 -62.356592067866586 -105.74861977293311
2sa2tma                   -34.78817646729294  -71.3808005611063   -122.73226259929567
1am1dma2sa                -35.68145836284384  -68.53118393756449  -110.17851945238982
2ma2sa                    -37.79956336435862  -71.44750413007569  -112.85574632191856
2dma2sa                   -42.430535504128784 -78.59513980185147  -121.29665612158311
3sa3tma                   -51.873922276718076 -114.37273789930623 -209.62205474657057
3am3sa                    -54.90843265946023  -111.13684297911823 -188.59101230856956
2am1dma3sa                -60.98225382249802  -120.28266782895662 -198.89456316149597
3ma3sa                    -66.32889313390478  -127.33842451125383 -204.62697091276206
1am2dma3sa                -67.14389403024688  -127.84003158449195 -203.57580078581262
3dma3sa                   -69.75804642820731  -131.80540501722135 -208.10777625094758
4sa4tma                   -78.30416038562544  -166.22207460843492 -294.8781292057019 
4am4sa                    -82.280784947332    -162.9458249702584  -270.55186994046625
3am1dma4sa                -87.72869069315493  -169.21434776391834 -273.30421196032205
2am2dma4sa                -91.87949126260355  -176.6441840850748  -284.30210966795244
5sa5tma                   -94.9955582099501   -209.4508755033603  -383.8850152410533 
1am3dma4sa                -95.70752311358228  -182.54670320404693 -291.25997405775627
4ma4sa                    -96.79620316857472  -182.99387439200655 -289.10838486808666
4dma4sa                   -97.6277575942222   -186.52331521571614 -298.1570770468893 
5am5sa                    -109.1910377512686  -214.94521019654348 -354.70123241730687
4am1dma5sa                -111.11329906666651 -217.81504496652633 -357.8793672660407 
3am2dma5sa                -114.92801530426368 -224.7914287946187  -368.4836733720276 
6sa6tma                   -117.48859149578493 -256.53315349738114 -466.35774610665777
2am3dma5sa                -119.66610220586881 -231.0524403778836  -373.591566733926  
1am4dma5sa                -125.3496416034177  -238.65219196118414 -380.0185318054338 
5dma5sa                   -125.94296451471746 -242.00715557532385 -389.2810990634246 
5ma5sa                    -126.63813743833452 -238.6212560632266  -375.59322027469403
7sa7tma                   -135.21685017691925 -299.425455909688   -550.7583412955895 
6am6sa                    -137.57406519679353 -267.66858955984935 -436.3391517284925 
4am2dma6sa                -139.11498666368425 -272.5655162963085  -447.59524855750465
5am1dma6sa                -139.77512609492987 -272.4903477113694  -445.1290344358545 
2am4dma6sa                -149.0114682521671  -287.4466369901784  -464.31374689974865
3am3dma6sa                -149.44986067339778 -285.43777398671955 -456.1056330310918 
6dma6sa                   -154.80779503844678 -296.17431266605854 -474.1454761107498 
1am5dma6sa                -155.469314977061   -294.9942681742832  -467.96888084262963
8sa8tma                   -156.43017266923562 -348.25426927790977 -643.3811725907431 
6ma6sa                    -161.4913859674707  -301.6285248170607  -470.0222668125106 
7am7sa                    -167.11572045646608 -323.8018264994025  -525.5277537089052 
6am1dma7sa                -169.6951656625606  -325.58304396504536 -522.8504847462686 
5am2dma7sa                -171.51379485800862 -330.64093777164817 -533.7149893962436 
4am3dma7sa                -175.68565442739055 -337.5706855766475  -542.9649708150932 
3am4dma7sa                -179.47660712664947 -341.5186269758269  -543.4914924502098 
7dma7sa                   -180.52345155598596 -347.6098989970051  -560.4105223565656 
9sa9tma                   -182.79174940055236 -400.37301812460646 -729.7711511796078 
2am5dma7sa                -182.92279712762684 -348.2604752825573  -554.5451845718264 
1am6dma7sa                -184.0900907581672  -350.63076118938625 -558.5800193908772 
7ma7sa                    -191.7275678217411  -357.9555158582516  -557.5312696176086 
8am8sa                    -196.2503709946759  -376.06499516172335 -603.1012256999163 
1isopoohBetaFour10sa10tma -198.91059466218576 -456.701596747851   -864.6352577093749 
7am1dma8sa                -199.13700402062386 -379.6984132323414  -605.6059129218181 
1homTheo10sa10tma         -200.27060701372102 -460.5103579822462  -872.8484017043772 
1fa10sa10tma              -200.89138318179175 -456.2499012637418  -856.4766663816872 
1iepoxBetaTrans10sa10tma  -200.98003680584952 -459.62441159575246 -867.4974837863494 
1pinonic10sa10tma         -200.99327084375545 -459.4073332080152  -866.7250121241324 
1pinic10sa10tma           -201.78295826958492 -461.76031258306466 -871.9682979662925 
1isopoohBetaOne10sa10tma  -202.82099883211777 -462.06482723890804 -869.5080821124606 
6am2dma8sa                -202.97958766575903 -385.31591421412304 -611.5589937891332 
10sa10tma                 -204.43487379746512 -448.01244348078035 -816.9631718387056 
1nta10sa10tma             -204.9926737654023  -462.56295794597827 -863.8949662278388 
5am3dma8sa                -205.5890149665065  -389.67353977262974 -617.4224794771426 
8dma8sa                   -207.59753284370527 -401.31193203898147 -649.7211101625023 
4am4dma8sa                -207.7946503609419  -393.88256634492427 -624.1418443198727 
2am6dma8sa                -212.13424148317426 -403.3793912725523  -641.4392491695121 
3am5dma8sa                -213.41683251503855 -404.56161947501823 -641.1026516354186 
1am7dma8sa                -215.95875931764022 -410.22248091362417 -651.5635675707196 
11sa11tma                 -224.0546398719307  -494.69519031606615 -907.7328540763376 
8ma8sa                    -224.94955327594653 -417.7693528193049  -646.7207765998324 
9am9sa                    -228.33457428449765 -430.58901948295534 -678.3647331843033 
8am1dma9sa                -229.87291043857113 -437.70022860588506 -697.0562196611104 
7am2dma9sa                -230.14716690033674 -436.73988546431065 -692.9153523042767 
6am3dma9sa                -232.9725368078798  -444.3882685303688  -709.0917966547378 
5am4dma9sa                -234.45147980330512 -446.29585882555693 -710.5294236016102 
9dma9sa                   -237.17996952263638 -457.7017612303607  -739.6335452194201 
3am6dma9sa                -238.39463962987065 -453.8209877512418  -722.5434068310919 
4am5dma9sa                -238.79119642544538 -452.80290178442374 -717.798692800671  
1am8dma9sa                -240.74802688043565 -460.65593240363523 -737.574560866242  
2am7dma9sa                -242.7884030858986  -460.3262674272992  -729.6254248414559 
12sa12tma                 -246.49283567233942 -543.0330139617436  -994.6006315283919 
10am1isopoohBetaFour10sa  -254.05324281658977 -501.5270602023229  -830.031250666108  
10am1nta10sa              -254.83295294456184 -495.1419661762193  -806.0003797827271 
9ma9sa                    -254.91298467619345 -472.7362373834476  -730.5827694317961 
10am1homTheo10sa          -256.2426321581006  -500.4730998892337  -819.1530026165356 
10am10sa                  -256.26613214612007 -487.7016380056739  -776.2385112671811 
10am1fa10sa               -256.58115747664124 -500.51969198603183 -818.173853796512  
9am1dma10sa               -257.2753138449043  -491.0536586306989  -784.0963894349155 
8am2dma10sa               -258.8422013865784  -493.77626864705235 -787.9726805645818 
10am1isopoohBetaOne10sa   -260.1427390044555  -505.1809160457924  -821.8620939684389 
10am1iepoxBetaTrans10sa   -260.5549018001184  -505.18654474802315 -820.4985508907599 
10dma1iepoxBetaTrans10sa  -260.90959786996245 -522.2862336738035  -876.6613216607082 
10am1pinonic10sa          -262.7121065137908  -509.56978497840464 -827.9647316466883 
10dma1homTheo10sa         -262.72313801571727 -525.7847323240712  -882.312700180044  
6am4dma10sa               -262.9729218604043  -501.4495949568227  -799.8545966692943 
10dma1fa10sa              -263.12455795984715 -522.100950862281   -868.6108675261784 
10am1pinic10sa            -263.84388974960893 -510.6183362165466  -827.6855491112194 
10dma1isopoohBetaFour10sa -264.3051672047004  -527.4548064591363  -882.6080043756838 
10dma10sa                 -264.32532887533307 -513.1605830453336  -834.5973005017612 
10dma1nta10sa             -264.445589825511   -523.293012036942   -868.1782977069936 
10dma1pinonic10sa         -264.93079396989197 -527.7887761043385  -881.6297816040252 
7am3dma10sa               -265.1438688887283  -501.6649163365364  -793.2954171471409 
13sa13tma                 -265.3026585241314  -587.2243730833288  -1079.730721316787 
10am2pinonic10sa          -265.62546489201486 -529.1332201091573  -883.8093416636259 
1am9dma10sa               -265.7264803238213  -511.06806134060025 -822.8795054231766 
10dma1isopoohBetaOne10sa  -266.8207577057183  -528.6535819154233  -878.1914061181957 
10dma1pinic10sa           -267.0935771856457  -528.0588973220438  -875.2817621556267 
10am2pinic10sa            -267.6050862567499  -532.3677345216274  -888.0182946218349 
4am6dma10sa               -270.1475276099518  -511.0421266434714  -807.9643178991784 
5am5dma10sa               -270.2806649217382  -509.55329419951886 -802.5242257329198 
3am7dma10sa               -273.48815905768424 -516.4371276106685  -814.8546649445584 
2am8dma10sa               -277.028223506175   -521.8692516554147  -821.2006428772432 
11am11sa                  -281.9944328498095  -537.129710463807   -855.7278931389906 
14sa14tma                 -284.8659995282069  -631.1640784041956  -1161.4894478464869
10ma1nta10sa              -288.2378053236753  -544.5998513028026  -859.8424943967468 
10ma10sa                  -288.36902247555554 -531.5853449562564  -815.7515427859805 
11dma11sa                 -288.532982734032   -562.6654806965962  -919.4446719336578 
1iepoxBetaTrans10ma10sa   -291.01898019295186 -549.4857653602958  -866.901845268724  
1fa10ma10sa               -291.1752096153796  -547.8757934635505  -860.9779770180112 
1isopoohBetaFour10ma10sa  -291.33945225086063 -550.7848785454407  -870.1842236981722 
1isopoohBetaOne10ma10sa   -293.1714786347002  -552.7000490771607  -870.4631115818885 
10ma1pinic10sa            -295.3896076148376  -556.0317825321108  -874.1981382427975 
1homTheo10ma10sa          -296.1298478031531  -557.1989569356665  -875.6301036667116 
10ma1pinonic10sa          -296.76776107773185 -557.1773394579068  -873.418005635016  
15sa15tma                 -303.2114952597767  -676.3529978704173  -1251.5227111684726
12am12sa                  -313.07431131321937 -592.3499430883676  -936.6950587822237 
12dma12sa                 -320.28015416301787 -620.0110157821327  -1005.3019832937114
11ma11sa                  -322.7344689955935  -592.4762719925493  -904.7184403692102 
13am13sa                  -337.16070021595806 -643.4401831431314  -1027.2664403904414
13dma13sa                 -348.1372713446617  -674.1035062894225  -1093.2958355575051
12ma12sa                  -352.50568995438516 -647.9381936723366  -990.8854728142213 
14am14sa                  -368.94764278642833 -699.3654593154788  -1108.2267869502602
14dma14sa                 -372.22741271555424 -723.7660954454914  -1179.0662246505788
13ma13sa                  -383.18714793678373 -705.1333978641778  -1079.8130133419422
15am15sa                  -394.02367922011763 -750.6124747190624  -1196.0046594794903
15dma15sa                 -402.28461188916117 -780.2737006749958  -1267.781300218213 
14ma14sa                  -415.37625717837363 -763.0325788483024  -1166.0450164983736
15ma15sa                  -447.52706363704056 -823.2169186808169  -1260.0699481576726
