#CLUSTER      ddG_298.15K_[kcal/mol]  ddH_298.15K_[kcal/mol]  ddS_298.15K_[cal/mol/K]  ddE_[kcal/mol]
1am1p         18.29933702973358       17.596286145213526      -2.3580442211103616      17.875690887580276
4ma           10.614503120683366      -19.887000225367956     -102.30254350520738      -24.49526935632457
4dma          10.027892962854821      -21.955955862242263     -107.27435460364816      -26.632369375496637
4am           8.42141334770713        -16.985601121385116     -85.21554408558616       -22.02355424090638
3ma           7.671869044046616       -11.93584314029431      -65.76458891279412       -15.113448283664184
2ma           5.673075505896122       -3.317979545739945      -30.15614640832888       -4.910156758734956
2dma          5.4327099107031245      -4.164938435016666      -32.19067028584335       -5.7899996736086905
3am           5.270232148483046       -10.728413989025285     -53.65972207793625       -14.005012363675633
1am1p1sa      4.5213330262340605      -2.7494583299849182     -24.386353701808716      -3.3078831312595867
1am1dma       4.1386164951109095      -3.0765077226096764     -24.19964520461251       -4.578607453906443
2am           3.348713710613083       -2.345014042715775      -19.096856459349766      -3.940001227572793
1b2dma        2.43731624117936        -20.23484240786638      -76.04279271846808       -23.52082170464564
1sua1w        2.049340320765623       -8.000042891515477      -33.70579645242743       -10.033647469397692
1homF1w       1.7843518495355966      -9.525814127737249      -37.93448256645876       -11.617763732887397
2am1b         1.4004647984402254      -16.44711935892701      -59.86109058323042       -19.742931359098293
1dma4w        1.3582007743534632      -37.43000262315036      -130.0962716669926       -45.22152264000033
1ma2w         1.3521683347062208      -16.356167378660757     -59.39404901351474       -20.08182464526908
1dma2w        1.055960545738344       -16.68069182331965      -59.48902354205292       -20.38095796086418
1dma1w        0.9516104579961393      -7.446850742511742      -28.16857689258          -9.368952366588928
1sua2w        0.8748562358960044      -19.58584140376479      -68.625516148588         -23.65638243268768
1am1b         0.8024978926987387      -9.21929445990827       -33.61325625552931       -11.035997983301058
1dma6w        0.7621005099499598      -58.477894091105554     -198.69191548205748      -70.02627509541344
1dma5w        0.4799538043444045      -47.05664143105969      -159.43852166835222      -56.271250577119645
1dma1sua1w    0.36627029326336924     -22.212825394912215     -75.7306580183373        -25.710812194600294
1ma1w         0.2991470289998688      -7.246819281477656      -25.30929502088999       -9.050837085225794
1b1dma        0.2867494332458591      -11.635855514265131     -39.98861293826279       -13.294138624856714
1sua3w        -0.08591756562236696    -31.272180278145242     -104.59923767417878      -37.0913408882916
1dma3w        -0.16304303385550156    -28.15027533637476      -93.86963710375079       -33.705760774813825
1am1homF      -0.41076810826780275    -9.661381246580277      -31.026708496677685      -11.4927291792701
1dma1homF     -0.41539422096684575    -12.209015368716791     -39.55599915363791       -13.885964941757265
1dma1sua      -1.7069010711857118     -14.257632822089363     -42.09536055977247       -15.954370450519491
1pha1w        -1.9374707009847043     -12.02340502313018      -33.82838947572265       -13.829736907944607
1sua5w        -2.253655143256765      -53.89832857082365      -173.21708343966063      -63.30803156894399
1oa1sa        -2.4399107599747367     -13.587074308656156     -37.387769742532754      -14.709410773532
2homF         -2.6907089760061353     -20.27474188513588      -58.97713536459878       -22.288087041000836
1sua4w        -2.7459998467820697     -42.43427543409052      -133.11512858421955      -49.72484560965677
1sa1w         -3.289724574467982      -12.459754265822994     -30.75643029140364       -14.148539179623185
2am1p         -3.825692037906265      -11.685035252317903     -26.360366306940676      -11.868128268280998
1am1b1w       -4.275895660844981      -24.692584477226774     -68.47790983223302       -28.54981755422341
1b1dma1w      -4.328810197243001      -25.54383751666319      -71.15555029168561       -28.95145292024972
1dma1sua2w    -4.42553620543913       -36.8818854996498       -108.85912894272903      -42.04995932716702
1homF1sa      -4.451570842182264      -19.740720132773276     -51.28005799295214       -21.174517079780344
1b1w          -4.645925163509673      -13.827751390497724     -30.795996065859562      -15.608947619133687
1am1pha       -4.806783750245813      -14.475744155584835     -32.42985210600942       -16.03418550634524
1dma1sua4w    -4.813100989558734      -59.610225169191835     -183.79045507188363      -69.54943242811714
1oa1sa1w      -4.915840531277354      -26.130669112819305     -71.15488372138614       -29.11032161964249
3msa          -5.55861524050124       -32.15928593627177      -89.2190866872348        -35.056279006646946
2msa          -5.953958645113744      -19.606502158916555     -45.790855320362155      -21.08713289455045
2sa           -6.004864649963565      -17.56346488161944      -38.767735138845495      -18.790567294927314
1sa2w         -6.099731467227684      -25.223533853146364     -64.14154749604623       -28.49567490113259
1sua6w        -6.142960330354981      -68.69854184589349      -209.81244848421005      -80.41502211999614
1am1p2sa      -6.418809411581606      -27.28923349804245      -69.99974538440935       -29.107244156766683
1dma1sua3w    -6.582036630366929      -49.444513875758275     -143.76145311233842      -56.197522739646956
1pa1sa        -6.608825636387337      -19.01404474658193      -41.6073087713702        -20.160566984734032
2pa           -6.614513682899997      -24.16207838919945      -58.85482041333756       -25.965155475772917
1dma1msa      -7.337630616151728      -19.692606994882226     -41.43879382469811       -21.813094252778683
1dma1p1sa     -7.7509235315956175     -17.71520596044138      -33.42036702600306       -19.0316614775802
1oa1sa2w      -7.817214787733974      -39.393693073958275     -105.9080271212529       -43.850015060583246
1b2w          -7.917028731055325      -27.604311296789092     -66.0314692799989        -31.488451941710082
1sa3w         -8.205428011715412      -37.204826230648905     -97.26445822197884       -42.355135371210054
1am1sa        -8.301191197009757      -17.47109475848265      -30.75600724949028       -18.897792936884798
1am1b2w       -8.534947534411913      -38.02509736579668      -98.91044719584347       -43.609034267792595
1msa1sa       -8.62712557503255       -21.84159082226688      -44.32153361501649       -23.25025872612605
1mbtca1sa     -9.292033589968923      -23.20213903457625      -46.65472226930052       -24.49526734824758
1b1dma2w      -9.333995425884495      -41.34168262699677      -107.35430890915059      -46.818079777949606
1homF1sa1w    -9.37633942636603       -35.41388308149908      -87.33034933788483       -38.51451392725721
1dma1sua5w    -9.666881877172273      -75.48531546810409      -220.75610796919096      -87.55663125292631
1pha1sa       -9.686563713883515      -21.967535186442547     -41.19058015282414       -22.95095109019894
1ma1sa        -9.98116344033042       -20.411015351244714     -34.98189472057182       -22.736356861249078
1msa2sa       -10.182397780474275     -36.03419396956451      -86.70734928441787       -38.53238333016634
2sa1w         -10.203694886164158     -32.2892605839661       -74.07535031971256       -34.83009555008175
1dma1sua6w    -10.643033510656096     -86.40337643178646      -254.10143525511666      -100.13151464413386
1oa1sa3w      -10.731159404967912     -53.50209618837107      -143.45442489833772      -59.02796914661303
2pha          -10.836513971211389     -23.721758915227838     -43.217323307605625      -24.675631790654734
3sa           -10.840070484671742     -35.508499027229846     -82.73831475006855       -38.06780897406861
1sa4w         -11.050415899953805     -51.42750406151754      -135.42541727861877      -57.839099452859955
2homF1sa      -11.082132038252894     -43.18310951732565      -107.66720603356828      -46.51609521417413
2msa1sa       -11.143473989737686     -37.503545808256604     -88.41211409847335       -40.14492422470357
1sa5w         -11.284874824341387     -61.46422188327415      -168.3023547169823       -69.90372250444489
1homF2sa      -11.601353356963955     -40.31062811217271      -96.29137935642588       -42.76151572656818
1b3w          -11.851287671073806     -41.65898342372384      -99.97550143448542       -47.449313910794444
1oa1sa4w      -12.592389217345044     -67.90469804304303      -185.51839284203515      -76.2842884689162
1sa6w         -12.771707789914217     -73.61954227648675      -204.0846368823966       -83.72721136501059
1am1b4w       -12.780347968509886     -62.78678249139921      -167.7224032297412       -72.49745262906072
1am1b3w       -13.017410176515114     -53.84450112550985      -136.9347340232353       -61.42697881523054
1am1b5w       -13.066812826611567     -73.17686360800872      -201.61009821024737      -84.90410874102963
1b1dma3w      -13.327951497281902     -56.125663037470076     -143.54422787237462      -63.52618047699798
1pa2sa        -13.425761338905431     -39.45170110184699      -87.29142969345305       -41.552274147979915
1ca1sa        -13.585345922678243     -28.623619578487705     -50.43861699090847       -29.942726311797742
1dma1sa       -13.708412586478516     -23.99818253936246      -34.5120575312164        -26.612235941691324
2sa2w         -13.747613519750303     -45.613677604545956     -106.87930264912734      -49.8217628205457
2homF1sa1w    -14.014034766049008     -56.620663387504464     -142.903332622474        -61.2351877314868
1homF2sa1w    -14.077604630132555     -53.3244464890231       -131.6345526038144       -58.206290363254084
1oa1sa5w      -14.24161494593136      -79.82830960542196      -219.9788517842357       -89.93313069461146
2am1sa        -14.257448508869857     -32.54488810687326      -61.33637295977326       -35.630514155258425
1am1dma1p     -14.306198255697382     -22.874377202999312     -28.737813004541295      -24.28910042186908
1sa1tma       -14.313801626907662     -24.895983652008        -35.4928124270855        -27.651481310167583
2ma1sa        -14.460752110637259     -36.70306627964601      -74.60108726864976       -39.57555347890593
3am1p         -14.538100997800939     -31.211459082871443     -55.9227170386915        -33.59488168495591
4sa           -15.18531841575168      -51.51587903825566      -121.85329740935529      -55.20494539686479
1ma1sa1w      -15.35910615521425      -36.13263651179295      -69.67476222272887       -40.3241747235661
2dma1p        -15.367598687240388     -26.435617915005423     -37.12231838932486       -27.214921825550846
1mbtca2sa     -15.459520999691449     -43.26187306037173      -93.24954573398318       -45.86339922377374
2ca           -15.466995127964765     -33.46962681901641      -60.38112255946962       -35.552659607026726
1sa1tma1w     -15.481548019786715     -35.84155377542629      -68.28779391461455       -40.38403361518431
1b1dma5w      -15.578587883268483     -77.51557797077112      -207.73768266836407      -88.73202720243717
3sa1w         -15.732690441407613     -51.579429915094806     -120.23055332490779      -54.76762098601466
1b4w          -15.784990350774024     -57.027225207333686     -138.3271335121992       -65.32892694303882
2pa1sa        -15.785140702675562     -46.503799176891334     -103.030885374186        -49.54534210159909
2dma1sa       -16.20972624764545      -39.09329257509671      -76.7518575463971        -43.13457379001193
3am1sa        -16.320875157718547     -45.35903755371692      -97.39447390941726       -51.13848254841287
2am1dma1sa    -16.4632849599584       -47.88677892868873      -105.39491520633811      -53.5003481808817
2homF2sa      -16.917462246259674     -62.854106797487475     -154.07226077899526      -67.78045064362232
1sa2tma       -17.0523098463309       -40.15339047746966      -77.4814040959757        -44.136467042553704
1oa1sa6w      -17.057912405056413     -92.29418898874428      -252.34370814589823      -104.40187461511232
1sa1tma2w     -17.20744989879313      -48.2080876694381       -103.97664856841814      -54.71678885059373
1b1dma4w      -17.284600719809532     -70.10218994968454      -177.15106231735547      -79.72682640238781
1am1dma1sa    -17.316522913053632     -38.39335459884023      -70.69203986503064       -43.01483473443659
1b5w          -17.423307292803656     -69.11893944669282      -173.38799984550948      -79.44407919800142
1dma1p2sa     -17.53993497567717      -40.36072252120357      -76.54129647991871       -43.026879215147346
2sa3w         -17.908407472481485     -61.00263967993669      -144.53876306413412      -67.19815484213177
1mea1sa1w     -18.068852440846968     -40.54853953872953      -75.39723997307593       -44.991187623854785
2mbtca1sa     -18.105316436558496     -48.504281493718736     -101.95862840009733      -51.25949957664125
1dma1sa1w     -18.19021749238891      -38.85858742622804      -69.32205243643645       -43.456864978456
2homF2sa1w    -18.198491669478244     -75.14562129628757      -191.00160867645903      -81.94251502262341
2ma1sa1w      -18.244476666135597     -50.63615988163656      -108.64223785218417      -56.30477906639135
2am1p1sa      -18.294922474771738     -36.67190859140828      -61.63671345540308       -39.58889908721903
4am1sa        -18.40338158182567      -57.7009385820711       -131.80465202221413      -65.21297932317248
4sa1w         -18.59020807685738      -64.72913600729225      -154.75072255754833      -70.06259685164696
1pa3sa        -18.59252398693934      -60.244998197769746     -139.70308304878978      -64.18318678555079
1am1homF1sa   -18.83102707960643      -44.7036534405197       -86.77721402261452       -48.704881337762345
1pha2sa       -19.204380195238627     -45.33056731731631      -87.627660983106         -46.752006222028285
2ca1sa        -19.4770451017539       -50.79302959085908      -105.03432664446262      -53.16766466421541
1sa1tma3w     -19.482909453159664     -62.186295173625695     -143.22785752303017      -71.18525933127967
3ma1sa        -19.499356170766987     -52.85361396276858      -111.87072880058793      -58.695165023964364
1sa2tma1w     -20.221191544711473     -52.45199722934194      -108.10265196929916      -58.59197064964246
1am2dma1sa    -20.253308370069135     -53.65881906449795      -112.04263187785644      -59.541618441580795
4ma1sa        -20.4330764284241       -65.5828795695561       -151.43318175805214      -73.13869888603222
1sa2tma2w     -20.472751019668067     -62.716969440938556     -141.6878028551297       -70.79927533354203
3sa2w         -20.480117797123967     -67.42436053774145      -157.4517616653195       -72.03601346614596
1ma1sa2w      -20.550963611487532     -50.5610793884407       -100.65442152267886      -56.67869442452502
5sa           -20.566584728192538     -68.64502522489056      -161.25587957931813      -73.47031338885427
1ca2sa        -20.60815488791559      -49.72573029133491      -97.66082644114864       -51.86937350733206
2sa4w         -20.88787942501949      -75.85764432317228      -184.36949487888074      -83.47150954013341
3dma1sa       -20.898052462784108     -55.68364721076796      -116.67145647520476      -61.30151291610673
1dma1sa2w     -21.440032132464694     -52.71708074801427      -104.9037350852166       -59.46234115581319
1ma1sa3w      -22.161314093857072     -62.10696139768697      -133.9783575511905       -70.25402592890896
1am2homF1sa   -22.20583531568991      -65.2792676409008       -144.46899991729148      -72.18281948717777
4dma1sa       -22.5445212777704       -70.4731765568722       -160.75349749856525      -77.89308128785342
1dma2msa      -22.789606818114407     -48.49570524075534      -86.21867658170184       -52.95036727807019
1mbtca3sa     -22.83716099872254      -64.43536639516242      -139.52106455204225      -67.91813860670663
1dma1sa3w     -22.84066593181342      -64.17675158358179      -138.64191062123035      -73.05173060961533
1am2sa        -23.21298684726935      -45.795839856611565     -75.74326013561728       -49.47776109515689
1dma1sa4w     -23.243137157987803     -75.5477928276232       -175.43067472651438      -86.15771371489973
2ma1sa2w      -23.391600563103566     -65.34686088930175      -140.71863265550434      -72.99945747615129
2am1dma1p     -23.47416292509297      -40.81207430658105      -58.15163971660094       -43.86948735707847
3dma1p        -23.50783842378587      -45.31105643705814      -73.12835154546788       -47.879428312022355
1am2dma1p     -23.857992925914004     -42.959212736663176     -64.06580516772439       -45.77411414361268
2sa5w         -24.259855007810984     -88.93172711954685      -216.91052192421495      -98.66148030856857
1dma1sa6w     -24.3734047836042       -96.661331665935        -242.4548947926338       -111.05297783052083
1dma1sa5w     -24.876024562167004     -86.85303132451372      -207.8718992537453       -98.83337408787338
2pa2sa        -25.381668513058685     -68.38900051463861      -144.24729834494624      -72.06241941999178
4sa2w         -25.80257194090518      -87.04049367348489      -205.392995916781        -93.47850444710639
3sa3w         -25.813803116732743     -83.0356836032588       -191.9231275747444       -89.01638834434561
3mbtca1sa     -26.08154566999292      -72.93766578543         -157.1561969324399       -77.31810468179174
1dma1homF1sa  -26.7913654075237       -55.05653850274393      -94.80185509068838       -60.13716352946358
1dma1msa1sa   -27.706720711372327     -53.47386667254614      -86.42343102915359       -58.04542557679815
1ma2sa        -27.797779436339624     -51.53672894788906      -79.62082680359723       -55.59559977380559
1mbtca4sa     -28.288475399604067     -84.12270079320297      -187.26890958736868      -89.39774011494592
1am1dma1p1sa  -28.501877156435512     -49.01640658744145      -68.80606886112088       -52.74600944278063
2mea1sa2w     -28.83177527357475      -73.3114899557113       -149.18569405428957      -81.59875758418639
3am1p1sa      -29.013645932311192     -57.53312770393677      -95.65481057059108       -61.22663304588059
1am1homF2sa   -29.11027556413319      -68.92103645182215      -133.52594629496508      -74.29931494337507
1pa4sa        -29.272427288349718     -83.76840721792541      -182.78041230801443      -88.36814197781496
3sa4w         -29.369398808048572     -96.54671651488752      -225.31382762557874      -103.87211336489418
2ca2sa        -29.55296706885565      -74.80365335464012      -151.77154548333016      -78.64262797392439
2sa1tma       -30.290115604002494     -53.918420174653875     -79.24972185369822       -58.85853392412537
1dma3msa      -30.329290270106867     -69.90434699249454      -132.73539065076454      -76.28415481117554
2sa1tma1w     -30.477128944170545     -64.76826773543871      -115.01304307013447      -71.02348215535312
3sa5w         -30.68366903992137      -108.03083286626497     -259.42365864962653      -117.02468856802443
1am3sa        -31.15615120367147      -66.06049499940127      -117.06974273294331      -70.5518701649271
1mea2sa1w     -31.586931159588858     -64.92087282581633      -111.80258818111861      -71.06938650986558
1am2homF2sa   -31.58910071849823      -88.14404693350662      -189.68621906770287      -96.28432305541355
2am1p2sa      -31.776150413556024     -63.434992489404976     -106.18427662542446      -67.55597236356698
2mbtca2sa     -31.884605240193196     -77.21843981987331      -152.0504262275792       -80.79788366309367
1dma2sa       -32.15064350573812      -55.98647191305645      -79.94576021209012       -60.39102300570812
1ma2sa1w      -32.1796620584646       -65.27233455298847      -110.99336741436733      -71.19981037281832
1dma2homF1sa  -32.30667450121837      -77.38446377718356      -151.19164606921746      -84.37512076261919
1b1sa         -33.13952973095002      -47.11597846355289      -46.8772387478848        -48.17862425243948
2am2sa        -33.146219062269665     -65.99573728872929      -110.17782400288016      -72.3436571030179
1ma2sa2w      -33.147228565154364     -76.61159597495862      -145.78020261551967      -84.20704333095637
4sa3w         -33.16427217464661      -104.72931120521389     -240.03031705695003      -112.15591098857112
2am1b1sa1w    -33.41110866940289      -75.80055604797235      -142.1749031647926       -83.05634564875072
4sa4w         -33.50354841345688      -115.09275648617768     -273.65154476916194      -124.03519475404755
2sa1tma2w     -33.73505493547418      -79.46807138666918      -153.38928878441732      -87.53250188006496
2sa1tma3w     -33.98279526398983      -89.96123388610431      -187.75260312643152      -99.94096520068706
1b1sa1w       -34.286963900129194     -57.08751018674957      -76.47340696503494       -59.81447450424457
2am1b1sa2w    -34.32615099372924      -86.32922752837476      -174.41917335109838      -95.41441420333285
1am1b1sa      -34.40061812213389      -58.69417305197567      -81.48098249182263       -62.191331434529275
2am1b1sa      -34.50527839368442      -68.73799586493988      -114.81709700262041      -74.0680058542639
1dma2sa1w     -34.89624500645732      -69.25445602872787      -115.23800443490637      -75.39465675832616
1dma2sa2w     -36.00301526996191      -80.34846926208411      -148.73538149370188      -87.8711037538742
1am1b1sa1w    -36.01537238403398      -69.56913338232698      -112.53986583383798      -74.85692665939132
1b1sa2w       -36.92124244270963      -71.32557937009551      -115.39271147874236      -76.17454384193115
3sa1tma       -37.0137331027654       -74.71345225619734      -126.44547762307803      -81.37226665127673
1ma2sa3w      -37.17783310828963      -92.38629250333179      -185.17008014409984      -101.63039140217006
1am4sa        -37.28326125559397      -86.62769076786935      -165.50202754430143      -91.62244639289565
1dma2msa1sa   -37.32649841316743      -76.25523748376872      -130.56763062481622      -82.64483018533792
2dma2msa      -37.41060416062828      -74.99603400903288      -126.0621494162844       -82.79646816791501
4sa5w         -37.474564626056235     -128.3985855654464      -304.96066053775047      -139.10243848600658
1b2dma1sa2w   -38.1457886020944       -95.13870924881485      -191.15519250977098      -104.80193350529589
2dma1p1sa     -38.332637097802944     -60.385069329990074     -73.96422013164585       -64.99312812514836
1ma3sa        -38.49877767148428      -75.50312051340006      -124.1131740465151       -81.01595777249895
2am1dma1p1sa  -38.722446345491335     -68.83582149632275      -101.00075515936919      -73.5604594653123
3mbtca2sa     -38.743452729075216     -98.90311515075155      -201.77649646736666      -103.97786895558238
2am1b1sa4w    -39.1867625733139       -113.57368558927556     -249.49496232138245      -127.19024243907188
1dma2homF2sa  -39.315800071461126     -97.9823710116325       -196.7686430988667       -105.41724600445013
1b1sa3w       -39.61573337181471      -85.37773362512235      -153.4865009335448       -91.87153703439981
3am2sa        -39.79397914081346      -83.10060808062553      -145.2511451946257       -91.37176986283157
1am1b1sa2w    -39.99583595668082      -84.65848286690016      -149.79925175337584      -92.29788873945654
2am1p3sa      -40.37160569871776      -85.58101641060784      -151.63310653024968      -91.35852095275186
1b1sa4w       -40.484822246595286     -95.07902480525081      -183.10985262075403      -103.34248577294056
1dma2sa3w     -40.66977553087054      -96.03789648786187      -185.7055876478753       -105.55922671570443
1b2dma1sa     -40.72608716931427      -78.2907094504917       -125.99236049366459      -83.57534685404971
2dma1msa1sa   -40.871985857898835     -78.86182382149855      -127.41854088074531      -87.3528025909909
2sa2tma1w     -41.09043061079865      -88.23482498198427      -158.12307352415735      -98.87665736230701
1dma1homF2sa  -41.096337585593574     -82.85622818907723      -140.06335939407666      -89.32472323835827
1b2dma1sa1w   -41.114955564306        -88.8849164349158       -160.22123384402119      -96.12489794920111
1am1dma2sa    -41.286619133665226     -75.45875323889777      -114.61389939731225      -82.34764206630643
1b1dma1sa     -41.31114838179201      -66.88167055352824      -85.7639516072244        -71.18466634093784
1am1b1sa3w    -41.50267629441805      -95.17309803667013      -180.01147657923548      -105.19389051594771
1b1dma1sa1w   -41.72179614739434      -77.56599339537934      -120.22202665781177      -83.62810667875601
1dma2sa5w     -41.971650241699535     -118.11771248542937     -255.39514420229227      -131.01222177274758
1dma1msa2sa   -42.01058012805879      -80.92507218942046      -130.51984592196823      -86.99548167502508
2ma2sa        -42.15601296676323      -78.82412484276574      -122.98544986127318      -85.93535589333624
1dma2sa4w     -42.424740435613785     -108.72249697885127     -222.3637650287091       -120.21282674503163
1b1sa5w       -42.447136761271395     -108.28608105605235     -220.8249012065483       -119.21720036509214
1am5sa        -42.72223943239078      -105.02691315021366     -208.97089960684497      -113.49809641996399
1dma3sa       -42.77098651230335      -80.2165184172336       -125.59292941494179      -86.21292017400265
1am1dma1p2sa  -42.78880809631664      -75.75558788655326      -110.57112121514841      -80.34196050243918
1ma4sa        -43.21040019369684      -93.59317586221732      -168.9846576175847       -101.04868168849498
1b1dma1sa2w   -43.2579112618987       -88.51010625583876      -151.77660571553469      -96.41692466773384
2sa2tma3w     -43.29116373433499      -111.39248428010615     -228.41294833386624      -126.47571895440342
3am1dma2sa    -43.488655471708626     -99.5391710945405       -187.99435057243335      -109.24569709040225
4am2sa        -43.49438141845167      -96.93969534966163      -179.2564612819733       -107.02254852605984
2sa2tma2w     -43.59630339240539      -98.56844859979174      -184.37747847578555      -110.05630038319214
1dma3sa1w     -43.6283344989497       -91.25426753346255      -159.73816211402183      -98.10834959187923
2am1b1sa3w    -44.49590815708507      -110.04767162713688     -219.86169200135765      -121.16423763195053
3mbtca3sa     -44.52795105148107      -118.49778239801526     -248.09603000624128      -124.46811158419587
2am1dma2sa    -44.82902686018497      -92.21574545186013      -158.93583294256524      -100.47413341561332
2mbtca3sa     -44.87157677533105      -104.74199115275405     -200.80635377309028      -109.35507895844057
2dma3msa      -45.31607997789979      -96.66035292646848      -172.20953529732515      -106.0593478619121
2sa2tma       -46.38646137295291      -83.30647092225263      -123.83031879719144      -91.65206535003381
2mbtca4sa     -46.492177221225575     -117.87733987672254     -239.4270087378418       -123.51355904038064
2mea2sa       -46.512950471718796     -84.94781914434861      -128.911181193048        -92.42893790942617
1am2dma1p1sa  -46.566172954044305     -78.63861624221317      -107.57150188928787      -84.18802867253544
3ma2sa        -46.59257339441683      -92.92983387876302      -155.4159332030617       -101.63515954627655
2am3sa        -47.162980204680935     -93.01067282352597      -153.7739145362601       -100.81028489023447
2ma2sa1w      -47.325523299499764     -93.01235915246798      -153.23439829952403      -102.19766653868282
1dma3sa2w     -47.38948829608853      -106.79889211065893     -199.2601167687589       -115.32282073919487
1dma4sa       -47.61988694523461      -98.36161452136002      -170.18858821414295      -106.27536263223737
1b1dma1sa3w   -47.70526657672599      -104.90304919471964     -191.84230292799572      -115.38386736845132
1am1b1sa5w    -48.10332217311952      -123.98187006049557     -254.4978966548702       -137.62559743708698
1am1b1sa4w    -48.23978799569886      -114.06641150268842     -220.78357708302434      -125.89258462077123
1b2dma1sa3w   -49.08306073700078      -118.24986999109387     -231.98661497304823      -130.09799068944994
1b2sa         -49.12720325042028      -75.25912236992735      -87.6468861970873        -78.04225569346454
1b1dma1sa4w   -49.72181981429458      -117.20750022600987     -226.34808120647915      -129.69338240267825
1dma3sa3w     -49.7779059712193       -119.20370958046988     -232.85528629629118      -129.35612777783535
2dma2sa       -49.89847319689579      -86.60214723041281      -123.10472592130253      -94.31892423494719
2dma2sa1w     -50.14299193954503      -96.90341355352575      -156.8352225860721       -106.50678260080895
2am1b1sa5w    -50.31650586624164      -136.58594710141188     -289.3491237134019       -152.76410147658316
2am2dma2sa    -50.516303464304656     -107.20313665864524     -190.12857016394958      -118.1626335066976
2mea2sa1w     -50.614219512659474     -99.19388989595609      -162.93701285703318      -108.65190411653748
1b1dma1sa5w   -50.79938224959187      -128.2633761736215      -259.8155087173729       -142.8488252942334
4ma2sa        -51.456916606402956     -109.60821062303148     -195.0403958303143       -119.88302698126063
2dma2sa2w     -51.99526974905166      -108.65871368646913     -190.05012221228748      -120.05182328012597
2ma2sa2w      -52.305046142748324     -108.15064119799354     -187.3070436192586       -119.17172246165865
2dma2sa3w     -52.44935506040929      -119.75996564689558     -225.76089413502666      -133.37050480232574
2dma1p2sa     -52.642872112686746     -87.62361647211947      -117.32599147958221      -93.00575498177204
1dma3sa4w     -52.64558598463191      -132.14490067018778     -266.6420080013289       -144.0503209758608
3dma1p1sa     -52.73554095486179      -87.91900397639256      -118.00591320303135      -95.01789543410996
1b2sa1w       -53.009687751400634     -90.2289416727508       -124.83398933886943      -94.5856500326554
1dma5sa       -53.1930143549107       -117.51229759305716     -215.7279330468416       -126.7227279804647
1am2dma2sa    -53.33339813409839      -99.70599358261097      -155.53444725251285      -109.04677148594055
3am1p2sa      -53.4859282488469       -95.59582319739275      -141.23727971963137      -102.95732637657784
2ma2sa3w      -53.554835876391735     -119.93095712584909     -222.6266015414103       -132.9754073274089
1dma3sa5w     -54.22841076453915      -144.9315530229942      -304.2198298126998       -159.07605538453208
2am2dma1p1sa  -54.23963732493576      -96.56301028467715      -141.95328847859588      -104.04684872884536
2ma2sa4w      -54.34047697513597      -130.51396616213606     -255.487134620448        -145.39475782509544
2dma2msa1sa   -54.49922164477175      -105.19955397711601     -170.0497478872388       -114.68532789114397
1b2dma1sa4w   -54.62957344087772      -134.32771081049577     -267.30886255081464      -148.86912107889657
1b2sa4w       -54.96040457725758      -123.57543876595446     -230.13595233531552      -131.77543547391542
1am1dma3sa    -55.19614733220078      -103.37083663837984     -161.5786996686725       -112.28888307861052
2dma1msa2sa   -55.826884859474376     -107.00813517160714     -171.66275469523578      -116.9123586283531
2dma2sa4w     -55.89873933192575      -134.9066687595623      -264.99389377122606      -150.70319123999798
2dma2sa5w     -56.40266526193591      -143.88150643004337     -293.40547096441594      -160.87807645724388
1b2sa3w       -56.51102095335955      -114.32547250774223     -193.91062067508813      -121.97435379412491
3dma2sa       -56.76468229095917      -106.0970512710046      -165.4615763206445       -115.32702814671211
1b2sa2w       -57.11795727870776      -104.86043679034628     -160.12906091491328      -110.79464174802706
2ma3sa        -57.392245683353394     -106.30086102359928     -164.0402996480156       -114.96093825274147
2am4sa        -57.39469367195852      -117.97629071283154     -203.19167211375316      -127.92887308285572
1am1b2sa      -57.53113378153648      -95.22917018423323      -126.43983364990059      -100.09330140578095
1b3sa         -60.3677888805978       -99.48985073924996      -131.2160384327811       -103.50630672625266
1b2sa5w       -60.5259315930889       -141.172276013589       -270.4891645838575       -151.40226032963255
4dma2sa       -60.73369287827518      -121.87461515865289     -205.06765816007214      -132.10025236196816
1am3dma2sa    -60.987511160667054     -120.5848594836425      -199.8904857388181       -132.23855446232483
3am3sa        -61.381972482195124     -117.99269016296603     -189.87327748054034      -128.84753979672678
1b2dma1sa5w   -61.85341305239126      -153.02631429728353     -305.7954091729161       -170.53450865548803
1b1dma2sa1w   -62.067907765493146     -109.88625117010815     -160.3835096589639       -117.07604780610563
2am5sa        -62.152063159737736     -135.23350200615823     -245.1163469610602       -146.10225540958345
3am1p3sa      -62.424000919563696     -117.44019112526439     -184.52520612396933      -125.9127333657816
4am1p2sa      -63.22118706011679      -115.13491860101931     -174.11950877332737      -123.41308376181405
2am1dma1p2sa  -63.338066557771526     -107.91363068681676     -149.50717467405133      -116.04300994798541
1b1dma2sa     -63.605712060350925     -102.36230360437185     -129.99024499052558      -107.82317157171201
1am1b2sa1w    -63.647725237868144     -111.49038392239163     -160.4650635069731       -118.93544630966062
1b1dma2sa3w   -63.653259726415854     -135.06943025859073     -239.5310096682091       -145.6663633370772
2dma3sa1w     -63.8485498418886       -124.12129436821124     -202.15577570523283      -134.9729460358285
2dma3sa       -63.90349278738722      -113.67475826502778     -166.93364238839774      -123.28643119195476
1am1b2sa4w    -64.66758833295899      -143.59967633863562     -264.7395203940921       -155.86522588334628
1am1dma4sa    -65.05967006925493      -126.58782832813449     -206.3664539965452       -136.62838598457165
1b4sa         -65.4966039522551       -118.08106985967606     -176.36916286247882      -123.19006994878873
2dma3sa2w     -65.95931413929793      -137.78945961182762     -240.9194884202069       -150.89524418076326
1am1b2sa2w    -65.98072863891139      -123.87084297715046     -194.16439489684913      -133.2088610962528
2am1b2sa      -65.98316192103084      -112.88024198252242     -157.29357726490574      -120.75823064113501
1b3sa1w       -66.18194374394079      -118.56881237231573     -175.7064183406124       -122.45992126284546
2am1b2sa1w    -66.19631738575117      -125.90334212853486     -200.25834225319812      -135.42289982320654
1b1dma2sa4w   -66.84523292753147      -148.17996370364563     -272.7980237331133       -161.3621579989849
1am1b2sa3w    -67.37811688013608      -135.72332523425575     -229.23095205182204      -146.93489874096122
2dma3sa3w     -67.91789418616099      -150.88675946276635     -278.27893770453954      -165.83642883459106
2ma4sa        -68.12227291776799      -131.03211099887267     -211.00063082665127      -141.49635653244331
1b1dma2sa2w   -68.1362427493732       -127.95270955942397     -200.62541274563574      -137.2042726586369
1b1dma2sa5w   -68.20640976197319      -160.0239420578         -307.9575123124024       -174.4895013066125
2am1b2sa2w    -69.15802871980122      -136.71856374498748     -226.59914481028198      -148.64894935251505
3am1dma1p2sa  -69.24854228959884      -124.34452799265273     -184.79284153369994      -134.03836572065484
1am1b2sa5w    -69.27628925797762      -159.66898224974284     -303.1785778687931       -173.64462543145055
1b3sa2w       -69.31998587885755      -131.90592771217052     -209.9142774895945       -138.58895654611115
1b3sa4w       -69.46694933593972      -152.82555731004686     -279.5861411175456       -162.51858767020167
2am1dma3sa    -70.35292383586057      -129.61971971113235     -198.7818073964806       -141.18624379695393
1b3sa3w       -70.44957122666528      -142.54184956708923     -241.79868636774555      -151.02664268156514
1b3sa5w       -71.4802537697251       -166.0120604329859      -317.06123314768683      -175.90075994591461
4am3sa        -71.97061072452925      -141.2570841468405      -232.38797055937167      -153.8486026120372
3am1p4sa      -72.34035675111227      -140.37517012655735     -228.18988219219932      -150.41817316506058
1am2dma3sa    -72.79865654185414      -134.09826247463934     -205.59988573958324      -146.02747292770073
1am1b3sa      -72.9404989327304       -122.32136939628981     -165.62425109337187      -128.80328113143332
2dma3sa4w     -73.17801999946823      -166.62284867130802     -313.41549110142495      -182.9032359762641
2dma4sa       -73.20553131308407      -137.9120217920281      -217.0266324972326       -147.44247732078657
2am1dma1p3sa  -73.34931515809149      -130.84135884512216     -192.82925939006367      -140.23921626922674
3am4sa        -73.35748604312539      -144.91779933916405     -240.01446686732262      -156.5370113933459
2am1b2sa3w    -73.75221559690544      -152.2232218781719      -263.19304471313933      -166.07733627257403
2dma3sa5w     -73.80203991633607      -176.7830904725124      -345.40013602683405      -194.5245469834772
1am2dma1p2sa  -73.87316957546864      -119.39587924815714     -152.68391639320708      -128.01439251715783
2mea4sa       -74.35690807271749      -141.38305878499523     -224.80681104320732      -151.56560751819052
2am1b2sa4w    -74.61600421002368      -165.1572761956195      -303.6769142571713       -180.79926510356017
3ma3sa        -75.07194334617816      -136.52734094206244     -206.12241353688296      -148.4964291008655
3dma1msa2sa   -75.20506322896108      -138.38410361576825     -211.90353978436036      -151.08055585669354
1b2dma2sa     -75.77477229828946      -127.66818784596398     -174.05136859811148      -135.53560538601596
1b2dma2sa1w   -76.0565529686719       -137.96539520848455     -207.6432743251593       -148.6516536394265
1b1dma3sa3w   -76.48675569001352      -159.2825956463348      -277.6986079366924       -170.80123257101513
2am2dma1p2sa  -76.914300566772        -134.4104681077879      -192.8430908645671       -144.81278004229534
3am1dma3sa    -77.19548300746828      -148.37183173722588     -238.7266433999353       -161.86858624010347
1b1dma3sa     -77.23722918331623      -129.7706449474208      -176.19793984289913      -136.7126485304907
1b2dma2sa3w   -78.21099821355892      -161.56392679957207     -279.5670923570183       -176.2808353754226
1b5sa         -78.42404804797843      -144.7292891391553      -222.38886832377975      -150.69499291386455
1b2dma2sa4w   -78.70658810000168      -173.05939775067964     -316.46087422828754      -190.08421276477748
2am1b2sa5w    -78.73977688612649      -178.7515055607655      -335.4409816362229       -196.6798342988477
1b2dma2sa2w   -79.88871684178594      -152.02002810496197     -241.92960343180283      -164.80737662485626
3dma1p2sa     -80.04164418345317      -126.83268543484155     -156.9379213535622       -135.96966803597752
1b1dma3sa2w   -80.11679444691981      -153.79650707666588     -247.12296706300629      -164.02124525916588
1am1b3sa3w    -80.6996027349378       -162.89723731111735     -275.6922172620398       -174.93216683436185
1am1b3sa1w    -80.80862389293907      -141.26104736250272     -202.7584218335336       -149.07441351717716
1am2dma1p3sa  -81.174555035308        -140.77220287290402     -199.89149031607798      -151.16891248337924
3dma3sa1w     -81.5480919212423       -154.4948813448791      -244.66473058456904      -169.0562044579201
1b3dma2sa     -81.8038780085044       -144.97706658486277     -211.8839127160016       -156.45258331182413
3dma3sa       -82.30317466030829      -145.18570792675018     -210.90905003023957      -157.40189934312366
2am1dma4sa    -82.65293681365438      -156.673941005487       -248.26766457126206      -169.43625754863024
4am1p3sa      -82.70166119677015      -148.90969044994563     -222.0628182223881       -160.44341441593133
1am1b3sa2w    -82.88368956904742      -154.7148129922134      -240.92276848279926      -164.63491225715552
1b2dma2sa5w   -83.12135873601073      -187.18160443525994     -349.0197742739661       -206.5291079581366
1b6sa         -83.76185026019812      -164.14505843585357     -269.60660129238545      -171.33804507227615
3dma3sa3w     -84.00601347413613      -178.90660084108822     -318.2981296894601       -197.39624041761272
3mea3sa       -84.24017476662993      -152.13848500931635     -227.7320484416464       -164.17774952738546
2am2dma3sa    -85.30519699957222      -158.18490813695826     -244.43974890963472      -172.40503259934485
1am1b4sa      -85.49062353139743      -149.84538073278964     -215.8469133041225       -157.60464411927387
1b1dma3sa1w   -85.98284098457952      -148.93751011641143     -211.15099490757433      -157.64929177324666
1b1dma3sa4w   -86.25328110036207      -181.74385268162587     -320.27694644132396      -196.06129618283012
2am1b3sa      -86.84655544697307      -148.60211693751626     -207.12916817197743      -157.25481979339384
3ma4sa        -87.61121217627078      -163.66145043517463     -255.0737489820698       -176.94355409452692
3am5sa        -87.9741495596245       -172.31980178738013     -282.89670376609524      -185.92119916761294
3dma3sa2w     -88.0705227527942       -172.49364245340985     -283.1565309434766       -189.3470027878211
4ma3sa        -88.24096093256958      -162.71621162747033     -249.79121480781313      -176.57448243233375
2am1b3sa1w    -88.6354400417622       -160.5964633055628      -241.3584546829052       -171.4905781249181
1b1dma3sa5w   -89.30317647190532      -196.81561925035203     -360.59850001189         -213.00790512474487
2am1b3sa2w    -89.54831972086686      -171.89195457480673     -276.18190459191015      -184.17013529136602
3dma1p3sa     -89.56072659487836      -150.64051297516562     -204.8626073464402       -160.81588588980958
1b1dma4sa     -89.69091386720538      -154.98253824398853     -218.98918120679252      -163.54761164239608
1am3dma3sa    -89.96076788753271      -164.90172517346218     -251.35320236863532      -179.95676721376367
3am1dma1p3sa  -91.09918566141278      -159.30962783005089     -228.7789440503957       -171.6737535924185
3dma3sa4w     -91.26311265089316      -196.17609585929313     -351.8798698915368       -215.84792785500758
5am1p3sa      -91.37927625281736      -167.84984563384205     -256.4835464727509       -180.60044899815693
4am4sa        -91.3940821387805       -173.3719647442922      -274.9551655390493       -187.6703661014326
1am3dma1p2sa  -91.48259019525722      -148.3875486830948      -190.8601659829423       -158.75991228211205
1am2dma4sa    -91.80792348179966      -167.22625661129132     -252.95432879377123      -180.36693266732618
1b1dma4sa2w   -92.30629846916418      -179.82263762650837     -293.531239837115        -191.03458864854474
4am1p4sa      -92.91152302687988      -172.0204090254847      -265.33250376866323      -184.63162007392384
4dma3sa       -93.00772762321867      -169.3802105281502      -256.15456282012804      -184.3105771143455
1b1dma4sa3w   -93.43671435298165      -191.41504999389872     -328.62094798259136      -205.48448237869889
3dma4sa       -93.897520176135        -170.82405801909044     -258.01287218831555      -184.374379736837
4dma1p2sa     -94.2795298929559       -155.04462236119434     -203.80711879389088      -166.49600100296084
5am4sa        -95.1900238613598       -188.98747479263693     -314.5981919553516       -205.98050247877836
1b1dma4sa1w   -96.09173291175102      -173.2180388906636      -258.68289780061224      -182.85538259769237
3am1dma4sa    -96.14338664570823      -177.89345696591772     -274.19107939122864      -192.77767532970756
1b2dma3sa1w   -97.34953549269994      -172.94904997075355     -253.5620140151432       -185.1850332926624
1b2dma3sa     -97.35219443892129      -163.13328555808403     -220.63086070524545      -172.55704432283528
1b2dma3sa2w   -97.74918592415634      -184.9274315727671      -292.39726865402116      -198.6536190063489
1am1b5sa      -97.93694702489302      -176.26890940824524     -262.7266891945013       -185.4065768038854
3am1b3sa      -98.23841427220032      -170.0871418362949      -240.98181306072766      -182.83149111107923
4am5sa        -99.31940507283434      -193.75097464490682     -316.7250362969915       -210.65201526647434
1am1b6sa      -100.38139893300831     -191.73313002707437     -306.3952074250624       -200.95250366954133
2am1b4sa      -100.87658492475748     -175.89183998992667     -251.6023983411158       -185.64812385523692
2am2dma1p3sa  -100.94734327425249     -170.16556341177784     -232.15904792026197      -182.8585988015402
3am1dma1p4sa  -101.484487461159       -183.31634759064764     -274.4654037551592       -197.0304890619591
3dma1p4sa     -101.73797396454029     -178.53048675786704     -257.5633499703637       -190.72093252884224
1b1dma4sa4w   -102.03266241209349     -211.1236280341691      -365.8928915730718       -226.33357640300528
1b1dma5sa     -103.17857689224184     -182.29800580069423     -265.3678648614714       -192.22243237495422
2am2dma4sa    -104.755544395186       -191.68628516653553     -291.56713322632993      -208.79480191599578
1b1dma4sa5w   -106.39879630779615     -226.26341590454103     -402.0279040644069       -243.90550463396357
1am3dma4sa    -106.51127909286879     -193.68019267730415     -292.3659687558212       -211.0818491105456
1b3dma3sa     -107.5914023895748      -186.0213812298607      -263.05543800212064      -198.1237755534239
4ma4sa        -109.27632380020805     -196.71838303096592     -293.2821037426554       -212.72989820339717
5am1p4sa      -109.66701402328908     -199.99497431633063     -302.96146333385104      -215.3638309391681
1am3dma1p3sa  -110.05525520839728     -181.36196328164078     -239.16387078154492      -194.85222635162063
2am2dma1p4sa  -113.50814263056964     -196.06672567408532     -276.9028443526002       -209.80847653746605
4dma4sa       -114.36210198816843     -202.74450384103693     -296.43602835115826      -219.8389605130069
4dma1p3sa     -117.53177159489132     -192.16105624334887     -250.3078472189785       -206.39653665432706
1b4dma3sa     -117.76689872215502     -208.3855006475933      -303.93628014500143      -224.56453688745387
1am3dma1p4sa  -118.1993902376853      -204.15633580600843     -288.3010081117747       -218.45125689264387
3am1b4sa      -119.65342561574653     -205.7086676172912      -288.6306959641194       -219.07229121541604
5am1p5sa      -119.95767071750015     -224.1669566933997      -349.5196578102491       -240.86626005545259
5am5sa        -120.41996335610747     -225.43826238112524     -352.2331008714971       -244.34937233245
4am1b4sa      -121.07703554118052     -217.95190627872944     -324.91990856169457      -232.50170298386365
4dma1p4sa     -125.6480289795436      -213.67830042121932     -295.25497716464156      -228.15705870557576
5dma4sa       -128.87366304849274     -231.6570259546861      -344.73708839974023      -251.91459838696755
5dma1p4sa     -151.69365471228957     -251.67254595761187     -335.3308443572404       -270.16052194312215
