#CLUSTER      dG_298.15K_[Eh]      dH_298.15K_[Eh]      dS_298.15K_[Eh/K]       dE_[Eh]
2am           -112.92057108061034  -112.88594738392523  0.0001161284477113507   -112.965410587458
2am1p         -113.27836367932746  -113.24682040140503  0.00010579667255555442  -113.339892762077
3am           -169.37691643270554  -169.33686617668442  0.000134329216907986    -169.457469927594
3am1p         -169.75567388151822  -169.7163281137646   0.0001319663516806453   -169.851367660724
1ma1w         -171.998770242179    -171.96209376029347  0.00012301352301029756  -172.059269078286
2ma           -191.31724659242477  -191.27699926991264  0.00013499018115750743  -191.417302012539
1am1dma       -191.32474983675957  -191.28364427656606  0.00013786872444573441  -191.422783581521
1am1dma1p     -191.70416057640367  -191.6648405236633   0.00013188010310380378  -191.819699760776
1am2aq        -209.13208384909544  -209.09375138759341  0.00012856770585950697  -209.189047714043
1am2aq1p      -209.49374430015874  -209.45255443897898  0.00013815147133931774  -209.561428245283
1dma1w        -211.20368589124945  -211.1649007251287   0.00013008608459073195  -211.29166634358
1aq1dma1p     -211.57250252796922  -211.53242705271037  0.00013441380264581638  -211.6744465423
4am           -225.83192483471194  -225.78501926116152  0.00015732206456629653  -225.946890640203
2am1dma1p     -248.17898519593479  -248.13179208408076  0.00015828647276215296  -248.327729842798
1ma2w         -248.33178636263918  -248.28989075991248  0.00014051854008621887  -248.4155461296
2dma          -269.7290275859577   -269.68281247069666  0.00015500625611600195  -269.881971857837
2dma1p        -270.11237903748867  -270.0681363867989   0.000148390577527249    -270.28180713687
1am3aq        -285.4677495486423   -285.4238562405263   0.00014721887679353346  -285.547602856416
1am3aq1p      -285.83963045826033  -285.7897232982691   0.0001673894348185898   -285.926678742783
3ma           -286.97481944946554  -286.92420320727916  0.00016976770815441247  -287.135915226478
1dma2w        -287.53826277515395  -287.49294506302226  0.00015199635127207637  -287.647962088924
2aq1dma1p     -287.91904952646354  -287.87040387468136  0.00016315831555324664  -288.040062966761
1am2dma1p     -326.58644783260394  -326.5331583724739   0.0001787337250713774   -326.788533788829
1am1glyt      -339.9057092636567   -339.8625442108756   0.00014477629643183654  -339.977133522011
1am1gly       -340.44983856889183  -340.40734224096246  0.00014253338228870666  -340.535453085931
1am1gly1p     -340.80791976774725  -340.7668483774052   0.00013775411820229474  -340.909496252711
1glyt1w       -359.789038370873    -359.74688947463557  0.00014136809068411875  -359.848572209756
1gly1w        -360.32130705162973  -360.28016659156475  0.0001379857791885807   -360.395539146412
1gly1p1w      -360.6728278857123   -360.63145573851     0.0001387628616548541   -360.761384236172
1am4aq        -361.8021297794532   -361.75148035367755  0.00016987900645846221  -361.903346961228
1dma3w        -363.8739164949743   -363.82352023587987  0.0001690298812490147   -364.006911465119
3aq1dma1p     -364.25839337270554  -364.20598314765016  0.00017578475618127952  -364.404263246847
4ma           -382.630821541991    -382.5702780258741   0.00020306394806910748  -382.853152687059
3dma1p        -404.9926538344982   -404.9347639388979   0.00019416366124566702  -405.249570609912
1am5aq1p      -438.52176522540134  -438.4582501216491   0.00021303070183558253  -438.651548651186
1dma4w        -440.20594507400205  -440.15134738114074  0.00018312155915266583  -440.363719687752
1dma5w        -516.5423116202827   -516.480241466652    0.0002081843153808544   -516.720299326233
1sua1w        -532.6000522686047   -532.5527460990438   0.00015866567016945853  -532.697631683223
4dma          -539.4558138766141   -539.3837637114206   0.00024165743818142335  -539.784355448597
1dma6w        -592.8758416989253   -592.8110082373541   0.00021745249562718201  -593.080202930184
1sua2w        -608.9366751259302   -608.8845465587699   0.00017484007097177503  -609.058095933986
1dma1sua1w    -667.4693667893914   -667.4112731440212   0.00019484704132273045  -667.656777224139
1sua3w        -685.2725602918911   -685.2161101225788   0.0001893347956140888   -685.417863821913
1am1pha       -699.8464899963792   -699.8034733882844   0.00014427841051409146  -699.900723778807
1pha1w        -719.7176732102663   -719.6757557063605   0.00014059199700104154  -719.760358130641
1dma1sua2w    -743.8109955385901   -743.7472284067474   0.00021387600819368542  -744.020811660102
1am1b         -755.4140627786253   -755.3738283610774   0.00013494689769606876  -755.448072451222
1am1sa        -755.9213259449917   -755.8802740945786   0.00013768858095915216  -755.966437164037
1am1p1sa      -756.2558215662864   -756.2113725119534   0.0001490828587389952   -756.312011062364
1sua4w        -761.6112854460653   -761.546970182063    0.0002157144524647745   -761.776486438678
1b1w          -775.2968020392749   -775.2556636437915   0.00013797885454839236  -775.316808139847
1sa1w         -775.7895430637867   -775.7489267407051   0.00013622781513167914  -775.822466335103
1ma1sa        -795.1241540458428   -795.079670918865    0.00014919713894969542  -795.197688090961
1dma1msa      -798.4087831735754   -798.3616528089925   0.0001580760173834358   -798.532412165234
2am1b         -811.8757476652322   -811.8261359079065   0.00016639864942328222  -811.941197833484
2am1sa        -812.3910228370185   -812.342652193531    0.0001622359332132446   -812.469919661822
2am1p1sa      -812.751036423913    -812.7024377386034   0.00016300078923205797  -812.845295643193
1am1homF      -815.1581222557895   -815.0957613546095   0.00020915948743880657  -815.303742473375
1dma1sua3w    -820.1489033003006   -820.0803055055974   0.0002300781308181306   -820.381832232453
1am1b1w       -831.7565469311177   -831.7114639520101   0.00015120905285088537  -831.814377559224
1am1aq1sa     -832.2586352741176   -832.2119740261081   0.00015650259268756397  -832.326679174212
1am1aq1p1sa   -832.6055104433108   -832.5567089179167   0.0001636811182092157   -832.685288428436
1b1dma        -833.8211672377189   -833.7750556009918   0.00015465918741290716  -833.908871358063
1dma1sa       -834.3364159144355   -834.2882423150111   0.00016157504418752336  -834.436121703512
1dma1p1sa     -834.6839988095892   -834.6349357626716   0.00016455826569756652  -834.796606452913
1homF1w       -835.0308175696343   -834.9721734157813   0.00019669345582023706  -835.167526825002
1sua5w        -837.9445558263873   -837.877880437337    0.00022363035066346923  -838.136191474596
1b2w          -851.6382818571678   -851.5924710903182   0.0001536500648990636   -851.682384568884
1sa2w         -852.1280813236345   -852.0819127370395   0.00015485019820607294  -852.18339142091
3am1sa        -868.8515807549459   -868.7984939940072   0.00017805386865281814  -868.968515082053
3am1p1sa      -869.2270666416972   -869.1727825572863   0.00018206971125568928  -869.355338631537
1ma1sa1w      -871.4671438884461   -871.4177305779594   0.00016573305546429304  -871.564139447175
1sa1tma       -873.5472979683494   -873.4977607591858   0.00016614861366302902  -873.67490396552
2am1aq1p1sa   -889.0969832016285   -889.0431684409589   0.00018049559171474304  -889.21422659247
2ma1sa        -890.7927452123367   -890.7397988221126   0.00017758306296842711  -890.927570645638
1am1dma1sa    -890.8022009100298   -890.7493691035302   0.00017719874727415162  -890.938908264883
1am1dma1p1sa  -891.1750394720455   -891.1209408258635   0.00018144774838795195  -891.324917852567
1dma1homF     -893.5650724222796   -893.497857716015    0.00022543922946387812  -893.765416911323
1dma1sua4w    -896.4780006819597   -896.4070080995757   0.00023811028805605834  -896.73903010185
1am1b2w       -908.0989635833873   -908.0469261795631   0.00017453430764521487  -908.178009185554
1am2aq1sa     -908.6023601269937   -908.5507916430456   0.00017296154267374423  -908.694995735806
1am2aq1p1sa   -908.9498059398306   -908.8889488971113   0.0002041155214477501   -909.045327117321
1b1dma1w      -910.1643149549872   -910.1115978342765   0.0001768140892530478   -910.273619051256
1dma1sa1w     -910.6784847709184   -910.6254366395679   0.00017792430437846515  -910.80189581584
1aq1dma1p1sa  -911.0330333110825   -910.9764260331059   0.0001898617406566153   -911.165502098204
1sua6w        -914.2838437836597   -914.2131421584002   0.00023713441307953283  -914.500547009859
4am1sa        -925.3155124399576   -925.256926572173    0.0001964979633885977   -925.468169457497
1b3w          -927.9794872864767   -927.92839053661     0.0001713793388122243   -928.046759446079
1sa3w         -928.4671899286518   -928.4153452137273   0.0001738880259087038   -928.54523467254
2am1dma1sa    -947.2585542186503   -947.2003623766379   0.00019517639447340845  -947.429943250664
2am1dma1p1sa  -947.6504765500968   -947.5898261345571   0.000203422490490435    -947.833849568727
1ma1sa2w      -947.8100635420067   -947.7539557647717   0.00018818640695881435  -947.928851757141
1sa1tma1w     -949.8851227652264   -949.8297536163626   0.00018570903526306527  -950.035162282141
2am2aq1p1sa   -965.4432792014709   -965.3825845911042   0.0002035707206664397   -965.581525916804
2ma1sa1w      -967.1329465291674   -967.0747603005016   0.00019515756721666527  -967.292405782641
1b2dma        -968.6876842885017   -968.6279482831146   0.00020035554381040035  -968.862642796178
2dma1sa       -969.2077730077947   -969.1489140578074   0.00019741388558512746  -969.397352732316
2dma1p1sa     -969.5971281962137   -969.5365739913171   0.00020309979841224467  -969.801775069641
1dma1sua5w    -972.8200683913625   -972.7452255102918   0.0002510242531295469   -973.106062971523
1glyt1sa      -982.9564247485189   -982.9079273035954   0.00016266122731336033  -983.027829969993
1gly1sa       -983.4323589077962   -983.3854966979156   0.00015717662210472226  -983.521043266423
1gly1p1sa     -983.7850260880372   -983.7317730389476   0.00017861160184308924  -983.880870380194
1am1b3w       -984.4391748851987   -984.3837901790179   0.0001857612147602801   -984.54347578803
1am3aq1sa     -984.9402063670301   -984.8826094779482   0.00019318091256696608  -985.055095233311
1am3aq1p1sa   -985.2924189733823   -985.2261402649202   0.0002222998774512352   -985.410509239533
1mea1sa1w     -985.8174050234671   -985.7647400541101   0.00017663917275545203  -985.9478985045
3ma1sa        -986.4598901883097   -986.3973641758174   0.00020971327349437837  -986.658750262874
1b1dma2w      -986.506091816494    -986.4491600171181   0.0001909501907622862   -986.639895774368
1dma1sa2w     -987.0179979699228   -986.9604419641773   0.00019304378918417358  -987.165740303404
2aq1dma1p1sa  -987.3758783228902   -987.3136970006847   0.00020855717660794935  -987.530883901992
1b4w          -1004.3181719237134  -1004.2638834053862  0.0001820845826837322   -1004.411672173668
1sa4w         -1004.8053907106762  -1004.7486344388819  0.00019036146836959287  -1004.90660746232
1ma1sa3w      -1024.14734789208    -1024.085659501109   0.00020690387714510024  -1024.289207353168
1am2dma1sa    -1025.6740681971191  -1025.6101285442824  0.00021445464644256302  -1025.899962596778
1am2dma1p1sa  -1026.0703663995023  -1026.0039316018579  0.0002228234031346774   -1026.309093539884
1sa1tma2w     -1026.2221019520953  -1026.16227585024    0.00020065772884542745  -1026.396235614192
1am1glyt1sa   -1039.4169217832148  -1039.3625217580573  0.0001824585784264953   -1039.5257555288
1am1gly1sa    -1039.9156121124704  -1039.8591927795512  0.00018923136984461798  -1040.034449704115
1am1gly1p1sa  -1040.2765821103492  -1040.2183858270398  0.0001951912906575004   -1040.410079721896
2ma1sa2w      -1043.4751741175896  -1043.4108145219798  0.00021586314140435272  -1043.657039398669
1aq2dma1p1sa  -1045.9420502598093  -1045.8743709021007  0.00022699767804295625  -1046.167300176239
1sa2tma       -1047.628150429503   -1047.5659789085084  0.00020852430318526013  -1047.872401646523
1dma1sua6w    -1049.1565738804495  -1049.0761605494242  0.0002697076338255609   -1049.465056045188
1glyt1sa1w    -1059.2976312227418  -1059.2419493113614  0.0001867580458843983   -1059.391773988593
1gly1sa1w     -1059.7834745582293  -1059.7277110227908  0.00018703181431726137  -1059.890386202844
1gly1p1sa1w   -1060.1344232848778  -1060.0745879358128  0.00020068874413968886  -1060.251371494455
1am1b4w       -1060.7768127056402  -1060.7146423110817  0.00020852052510032739  -1060.903137138319
1am4aq1sa     -1061.2771370787523  -1061.2136085451175  0.0002130757458814681   -1061.414685321234
1am4aq1p1sa   -1061.637046241108   -1061.5659658047227  0.00023840495182141393  -1061.779116292779
1b1dma3w      -1062.846294479034   -1062.7851438009448  0.0002051003793025682   -1063.004363563378
1dma1sa3w     -1063.3548620706476  -1063.291922271754   0.0002111011198850672   -1063.526032261338
1oa1sa        -1077.2707205627958  -1077.2194706287119  0.00017189312119268333  -1077.323217187355
1b5w          -1080.656692087271   -1080.5976482353585  0.00019803404968150962  -1080.774079283329
1sa5w         -1081.1379055016785  -1081.0769854230723  0.0002043269448471467   -1081.262951981616
4ma1sa        -1082.123043533776   -1082.0520272989486  0.00023818961873916587  -1082.385027984823
2am2dma1p1sa  -1082.5421914110982  -1082.47024401674    0.00024131274310990421  -1082.816949392367
1sa1tma3w     -1102.5591562102857  -1102.4965657623823  0.00020992939092226944  -1102.759911746627
3dma1sa       -1104.08227008071    -1104.0116233663805  0.00023695024091712396  -1104.360859344369
3dma1p1sa     -1104.4873089563896  -1104.4169255472991  0.00023606711081922274  -1104.784380891336
2aq2dma1p1sa  -1122.286197148973   -1122.2130706317469  0.00024526754058926906  -1122.534335742119
1sa2tma1w     -1123.9684088364916  -1123.8993725541577  0.00023154882553733357  -1124.234650254254
1am1b5w       -1137.111244760889   -1137.0437616154281  0.00022633957894120218  -1137.260887785322
1am5aq1sa     -1137.6163679152849  -1137.5489715210272  0.00022604861397879658  -1137.778811928053
1b1dma4w      -1139.1881887428453  -1139.1215918665735  0.00022336701751439467  -1139.369773717521
1dma1sa4w     -1139.6906926408756  -1139.6238184968547  0.0002242969781001396   -1139.886111013498
1oa1sa1w      -1153.6101793113737  -1153.5536356048235  0.00018964852104740094  -1153.68564873635
1sa6w         -1157.474685284064   -1157.4093526433494  0.00021912675067660458  -1157.623395317678
1sa2tma2w     -1200.304486778257   -1200.229993995075   0.00024985001905670486  -1200.593784723616
1b1dma5w      -1215.5222086076694  -1215.448730517235   0.00024644672290513863  -1215.724866802177
1dma1sa5w     -1216.0284630171716  -1215.9555888503698  0.0002444211531169693   -1216.245482988506
1oa1sa2w      -1229.9488358602557  -1229.8873906095164  0.0002060883808137285   -1230.047174680617
4dma1sa       -1238.9501255616487  -1238.8696688139366  0.0002698532541064489   -1239.320061383783
2mea1sa2w     -1272.176350978181   -1272.1040731566525  0.00024242100126959192  -1272.424008272442
2pha          -1286.7745321426396  -1286.7219131498528  0.00017648496658421653  -1286.836045516328
1dma1sa6w     -1292.360862504449   -1292.2830059498847  0.00026113216355664535  -1292.602160476923
2ca           -1302.2827442942994  -1302.200258746654   0.00027665788242653937  -1302.68583939918
2pa           -1302.2862745139334  -1302.207440452337   0.00026441073820836664  -1302.693524278971
1oa1sa3w      -1306.2845247182427  -1306.2195051022954  0.00021807686046359753  -1306.406411321637
2msa          -1327.0682153284718  -1327.0178434135003  0.00016894823066016795  -1327.158393532287
1pha1sa       -1342.8420901486245  -1342.7912682384206  0.0001704575220668983   -1342.894570312405
1ca1sa        -1350.5985731297894  -1350.533134448706   0.00021948241181682815  -1350.821795903911
1pa1sa        -1350.5990147520924  -1350.5315683326749  0.0002262163991878913   -1350.820429412402
1msa1sa       -1362.9910209666791  -1362.9421988373924  0.0001637502240028441   -1363.058967751351
1oa1sa4w      -1382.6224420952628  -1382.5559945796156  0.00022286605952578396  -1382.772866226825
1b1sa         -1398.4530082474575  -1398.4071081913762  0.00015394954245024552  -1398.487118655928
2sa           -1398.9063952273584  -1398.8571904932403  0.0001650334868952234   -1398.95000140209
1am1b1sa      -1454.9132851400095  -1454.8619779473088  0.00017208516753545612  -1454.984328796376
1am2sa        -1455.391738986699   -1455.3382457411756  0.00017941722462968667  -1455.473431530438
1am1p2sa      -1455.7219084760998  -1455.6653155284723  0.0001898136764286601   -1455.81339013344
1homF1sa      -1458.1529758368006  -1458.0882702051504  0.0002170237519718227   -1458.302585833852
1oa1sa5w      -1458.957865565745   -1458.886377440643   0.00023977234647678825  -1459.131416138973
1mbtca1sa     -1461.6976857253906  -1461.629921531054   0.0002272822214882368   -1461.901126745255
1dma2msa      -1461.9618902754949  -1461.8999720715021  0.00020767467379647454  -1462.143546489992
1b1sa1w       -1474.791559740672   -1474.7383078698033  0.0001786076500699166   -1474.846388314809
2sa1w         -1475.2472784039894  -1475.1934772170932  0.00018045006505520886  -1475.313821843767
1ma2sa        -1494.600030018986   -1494.5429399967368  0.00019148087287972125  -1494.709148508159
1dma1msa1sa   -1497.887361320242   -1497.827788317741   0.00019980882945104812  -1498.047882501595
2am1b1sa      -1511.3737076516325  -1511.316391024545   0.00019224090923069097  -1511.480123440422
2am2sa        -1511.8644989145419  -1511.8055181487516  0.0001978224577911534   -1511.983413222729
2am1p2sa      -1512.2189601006469  -1512.1577111072995  0.0002054301302954426   -1512.347916466903
1am1homF1sa   -1514.6319403661812  -1514.5622520912978  0.0002337356192650792   -1514.819119925584
2homF         -1517.3958082482209  -1517.3133221131438  0.00027665985268248593  -1517.649734512457
1am1b1sa1w    -1531.2520184603738  -1531.194054443212   0.0001944122661800861   -1531.344676572752
1am1aq2sa     -1531.7331468037594  -1531.6735282283164  0.00019996168184758246  -1531.837219394076
1b1dma1sa     -1533.3333049075873  -1533.2751263245987  0.00019513192348963795  -1533.458585499091
1dma2sa       -1533.8136112654495  -1533.753208395807   0.00020259221748302107  -1533.949369909454
1dma1p2sa     -1534.1471997895558  -1534.0848085878927  0.00020926111575788936  -1534.294058942075
1homF1sa1w    -1534.4958310555032  -1534.4268402028677  0.00023139645358103236  -1534.669229820562
1oa1sa6w      -1535.2990942046238  -1535.2215697713862  0.00026001822316766316  -1535.495217963142
1b1sa2w       -1551.128241552567   -1551.0720676355136  0.00018840824099794276  -1551.208947430594
2sa2w         -1551.5882530335662  -1551.5285742318724  0.00020016368168302413  -1551.676973209117
3am2sa        -1568.334578144421   -1568.2704133557113  0.00021520975585990714  -1568.489834044194
3am1p2sa      -1568.712641442816   -1568.646198772666   0.00022284980764770352  -1568.880028989865
2sa1tma       -1569.733652990043   -1569.6710898038586  0.00020983795466810102  -1569.897143209469
1ma2sa1w      -1570.9415209366455  -1570.8779231201627  0.00021330812169294847  -1571.072527166602
2am1b1sa1w    -1587.7080603722252  -1587.6423284013376  0.00022046611064111357  -1587.834547466724
2am1aq2sa     -1588.2082352150062  -1588.1446201396022  0.00021336600839920504  -1588.351417105839
2ma2sa        -1590.2786440398525  -1590.214870347612   0.0002138980118733646   -1590.454825865138
1am1dma2sa    -1590.2857240603312  -1590.2199446507375  0.0002206252208416673   -1590.458525951135
1am1dma1p2sa  -1590.644469333328   -1590.5763983047916  0.00022831134843654278  -1590.827169451118
1dma1homF1sa  -1593.0527446190222  -1592.9779627612756  0.00025081957989768955  -1593.296374870655
2dma2msa      -1596.8536616386284  -1596.7799194999568  0.00024733234503329556  -1597.127110630967
1am1b1sa2w    -1607.5914807415666  -1607.5298059891952  0.00020685813305766079  -1607.709593383302
1am2aq2sa     -1608.0666181679044  -1608.0031661459843  0.000212819124334371    -1608.194436432925
1b1dma1sa1w   -1609.6676257106362  -1609.6044053855178  0.00021204200945293888  -1609.816085613793
1dma2sa1w     -1610.152064428589   -1610.0870161615974  0.00021817295653924924  -1610.311361330227
4am2sa        -1624.8001259782334  -1624.7302697176813  0.0002342990459580185   -1624.99103825168
4am1p2sa      -1625.186981986692   -1625.114314224304   0.00024372886932244736  -1625.388065952145
1b1sa3w       -1627.4648342949997  -1627.4053460988714  0.00019952438748332073  -1627.570264831381
2sa3w         -1627.9268507036245  -1627.8636512569847  0.00021197198269164052  -1628.040635130815
2dma1msa1sa   -1632.77745125733    -1632.706601505704   0.00023763123134730956  -1633.031226577379
2am1dma2sa    -1646.7472647517002  -1646.6806956786932  0.00022327376490684271  -1646.959920139119
2am1dma1p2sa  -1647.1369629895257  -1647.0655432657509  0.00023954292730210964  -1647.360421312532
1ma2sa2w      -1647.2786898533723  -1647.2102065009271  0.00022969428960236757  -1647.432886349318
2sa1tma1w     -1649.3549559562334  -1649.2879711988894  0.00022466797700485536  -1649.541538065131
2am1b1sa2w    -1664.0457518235414  -1663.9739262495443  0.00024090415561701145  -1664.194478367506
2am2aq2sa     -1664.5505053800996  -1664.4826633683958  0.00022754322221731058  -1664.717922156272
2ma2sa1w      -1666.6239080007526  -1666.5530926538731  0.0002375158372615552   -1666.82177114922
1b2dma1sa     -1668.1981298045675  -1668.1283101843264  0.00023417615375190167  -1668.411618550697
2dma2sa       -1668.7041551230002  -1668.6335036325825  0.0002369662599967446   -1668.93322839891
2dma1p2sa     -1669.068071602291   -1668.9943036755847  0.0002474188385242155   -1669.306167097196
1glyt2sa      -1682.4425759067424  -1682.3819439789238  0.00020336048237004007  -1682.551478911617
1gly2sa       -1682.9180621537032  -1682.8549466855122  0.00021169031759461575  -1683.038974932083
1gly1p2sa     -1683.2493573653242  -1683.1836702890932  0.0002203155332241312   -1683.380579125973
1am1b1sa3w    -1683.929303800355   -1683.8605699445914  0.00023053448185114377  -1684.069570051661
1am3aq2sa     -1684.4090704281768  -1684.3419549904409  0.00022510628118876347  -1684.562053799934
1mea2sa1w     -1685.2879981882734  -1685.2188142418981  0.00023204409315786563  -1685.45011994622
3ma2sa        -1685.9477175424086  -1685.872064963969   0.0002537399914110172   -1686.183443569454
1b1dma1sa2w   -1686.0052705671062  -1685.9356289409868  0.00023357915854241523  -1686.175666617026
1dma2sa2w     -1686.4870807069933  -1686.4165342345455  0.00023661402799870216  -1686.668500167025
3am1dma2sa    -1703.2072446099035  -1703.1326336572308  0.00025024636147118515  -1703.452626598035
3am1dma1p2sa  -1703.6032566939725  -1703.5267538405983  0.00025659182751793983  -1703.862585738082
1b1sa4w       -1703.8025634989085  -1703.7357364038708  0.00022413917503908922  -1703.928892986995
2sa4w         -1704.2640778938955  -1704.1983894540601  0.00022032010677721457  -1704.403051328586
1ma2sa3w      -1723.6161162443832  -1723.5449344324838  0.00023874496696046218  -1723.795659294139
1am2dma2sa    -1725.1736187458123  -1725.0965271599175  0.0002585664460684804   -1725.437300664832
1am2dma1p2sa  -1725.5619369939193  -1725.4831202701014  0.00026435258701331895  -1725.838601938112
2sa1tma2w     -1725.6925689672464  -1725.622404136296   0.0002353339961450567   -1725.904271894309
1am1glyt2sa   -1738.9040487993288  -1738.8354308750645  0.0002301456456973198   -1739.046638727556
1am1gly2sa    -1739.3873126126855  -1739.3173062771684  0.00023480239985627756  -1739.542329909321
1am1gly1p2sa  -1739.7469329438436  -1739.6760480879789  0.00023774897154121526  -1739.914097064887
2am1b1sa3w    -1740.3906972673155  -1740.3190490686413  0.00024030923586771508  -1740.568256121712
2am3aq2sa     -1740.8874608732344  -1740.814039310199   0.0002462571290805753   -1741.077808443549
2ma2sa2w      -1742.9662083596713  -1742.8901681386706  0.0002550401509350867   -1743.18718984878
1b2dma1sa1w   -1744.5322067119905  -1744.457236447372   0.0002514514996426146   -1744.769078577767
2dma2sa1w     -1745.0410360010883  -1744.9649970690048  0.0002550358278841444   -1745.293146034832
2sa2tma       -1747.118690730072   -1747.0447247901093  0.00024808297824195733  -1747.403528470602
1glyt2sa1w    -1758.7789980401844  -1758.7092775333736  0.00023384372567686126  -1758.907144210023
1gly2sa1w     -1759.2560757892727  -1759.1873536065507  0.00023049533027604295  -1759.399348935046
1gly1p2sa1w   -1759.5966691521558  -1759.5258907524708  0.0002373919157640402   -1759.750064069582
1am1b1sa4w    -1760.2725866185654  -1760.201811048861   0.00023738242396301849  -1760.439105935485
1am4aq2sa     -1760.744853110017   -1760.673944096454   0.00023782999685604303  -1760.922839111534
1b1dma1sa3w   -1762.346868532774   -1762.2748495542528  0.00024155283756921762  -1762.544406895023
1dma2sa3w     -1762.8288101644846  -1762.7544155567718  0.00024952073692064065  -1763.034984339201
1b1sa5w       -1780.1416517204714  -1780.0713303924938  0.00023585888974487124  -1780.294155896336
2sa5w         -1780.6039262159713  -1780.5322851732406  0.0002402852347168139   -1780.765736657359
4ma2sa        -1781.6179472842828  -1781.533833946608   0.0002821175169373518   -1781.916596430795
2am2dma2sa    -1781.627938482378   -1781.5454351886485  0.0002767174030843767   -1781.927249014734
2am2dma1p2sa  -1782.0233565721396  -1781.9417723033403  0.00027363497836510966  -1782.338557366515
2sa1tma3w     -1802.0285190602215  -1801.953267462806   0.00025239509446777766  -1802.263605171141
3dma2sa       -1803.5850273526603  -1803.5037461266684  0.0002726185678093917   -1803.904167185613
3dma1p2sa     -1803.9780973806753  -1803.8923955046228  0.0002874455007628367   -1804.308527543159
2am1b1sa4w    -1816.7222680112234  -1816.6432856263507  0.0002649082169128923   -1816.921894402219
2am4aq2sa     -1817.223548614353   -1817.1444526201306  0.0002652892645374162   -1817.436625039383
2mea2sa       -1818.9818991132747  -1818.908999714738   0.00024450578077013095  -1819.22224350792
2ma2sa3w      -1819.3025585266353  -1819.221885886038   0.000270577362391709    -1819.547549765753
1b2dma1sa2w   -1820.8644850771486  -1820.7827986317118  0.0002739776804848843   -1821.123920177756
2dma2sa2w     -1821.3798845492915  -1821.298213196224   0.00027392706043060424  -1821.654632017275
2sa2tma1w     -1823.450645961541   -1823.3715597296175  0.000265256521628763    -1823.759440428656
1am1b1sa5w    -1836.6082669458146  -1836.5320962481064  0.00025547777195493367  -1836.797705314383
1am5aq2sa     -1837.0826035045466  -1837.0048448216626  0.0002608039003324034   -1837.280755291897
1b1dma1sa4w   -1838.6847787965567  -1838.6077407414818  0.0002583869028156518   -1838.905911080786
1dma2sa4w     -1839.1654068557393  -1839.0870158562932  0.0002629247004745724   -1839.39614016428
1am3dma2sa    -1860.0505142957043  -1859.9637428628064  0.00029103281200202366  -1860.406487103973
1am3dma1p2sa  -1860.4564748161574  -1860.3650419979244  0.00030666717502160934  -1860.821603463426
2am1b1sa5w    -1893.069338742396   -1892.9878784965906  0.0002732190032052242   -1893.295987172764
2am5aq2sa     -1893.563039952211   -1893.478966034832   0.00028198530061692583  -1893.799198674978
2mea2sa1w     -1895.3214279233664  -1895.2432814078004  0.00026210469752245156  -1895.585093309615
2ma2sa4w      -1895.6401801517436  -1895.5537067174441  0.00029003331980351254  -1895.907714716434
1b2dma1sa3w   -1897.215240820566   -1897.1315408472567  0.0002807310860614941   -1897.501561976024
2dma2sa3w     -1897.7137092896642  -1897.627591397314   0.0002888408262613292   -1898.01296164645
2sa2tma2w     -1899.7887248080688  -1899.700698965415   0.0002952401229361486   -1900.11534558879
1b1dma1sa5w   -1915.0219051350637  -1914.9393546443898  0.0002768757024101125   -1915.266288583804
1dma2sa5w     -1915.5007158395194  -1915.4166052217008  0.00028210839449553074  -1915.753384947968
4dma2sa       -1938.458146896534   -1938.3649289425766  0.00031265454958043313  -1938.865221533869
1b2dma1sa4w   -1973.5577458283865  -1973.469414713437   0.00029626401123484023  -1973.869145609307
2dma2sa4w     -1974.0548951790147  -1973.9660042886926  0.00029814150703356013  -1974.380275852628
2sa2tma3w     -1976.1215523423723  -1976.0330353338597  0.00029688750129885905  -1976.478829316382
3msa          -1990.5969918148194  -1990.5311898406212  0.00022070090289485385  -1990.743092379335
2ca1sa        -2001.7363248137601  -2001.6412391520023  0.0003189188722390589   -2002.172713263158
2pa1sa        -2001.7493053064213  -2001.6576444241787  0.0003074321054599495   -2002.191130648129
2msa1sa       -2026.5250085116284  -2026.4610710298     0.00021444736484312358  -2026.648899692858
1pha2sa       -2042.303904328642   -2042.2413298904746  0.00020987569400398315  -2042.390758761759
1b2dma1sa5w   -2049.9022487883235  -2049.810790007829   0.00030675425287625884  -2050.240666516557
1ca2sa        -2050.055254692521   -2049.9784365272653  0.0002576493887477404   -2050.313840734565
1pa2sa        -2050.0562865037     -2049.9767297970784  0.0002668345014969409   -2050.312540025245
2dma2sa5w     -2050.3905615401736  -2050.2937559918373  0.0003246874000884567   -2050.735357665689
1msa2sa       -2062.442464944024   -2062.3799653801084  0.00020962456453335477  -2062.543899330954
1b2sa         -2097.926601588859   -2097.866256196553   0.000202399437552127    -2097.994437216815
3sa           -2098.360805836168   -2098.2987581103225  0.00020810909221941615  -2098.438952639226
1dma3msa      -2125.5030852353407  -2125.4272044250542  0.00025450548477760454  -2125.742942069868
1am1b2sa      -2154.397774883544   -2154.334012801016   0.0002138590727076074   -2154.503970838454
1am3sa        -2154.851696052377   -2154.784022043706   0.00022697973728379728  -2154.965926549233
1homF2sa      -2157.6095504482228  -2157.53241485729    0.0002587140396865343   -2157.793780095878
1mbtca2sa     -2161.1535156941286  -2161.0740739212174  0.0002664490119428414   -2161.392792977639
1dma2msa1sa   -2161.432292787561   -2161.357629908952   0.00025042052191545406  -2161.649716623557
1b2sa1w       -2174.265546199382   -2174.2014557276307  0.0002149604955566855   -2174.357562117895
3sa1w         -2174.7028751048238  -2174.637137521854   0.00022048493365587745  -2174.803922240879
1ma3sa        -2194.064391054863   -2193.994624489436   0.00023399820703175005  -2194.208578823775
1dma1msa2sa   -2197.358067811944   -2197.2856301440893  0.00024295712847512255  -2197.553541679042
2am1b2sa      -2210.8682389545625  -2210.7972879709646  0.00023797076504497887  -2211.010509647218
2am3sa        -2211.3351362594854  -2211.2630531056398  0.00024176808265978107  -2211.48869037836
2am1p3sa      -2211.6808365710535  -2211.6073654949946  0.0002464231965763898   -2211.84563947794
1am1homF2sa   -2214.0957017179076  -2214.0144089922446  0.0002726571378920306   -2214.318900074993
2homF1sa      -2216.8566216924305  -2216.7634535086077  0.00031248761973116766  -2217.147397666695
2mbtca1sa     -2223.943762590835   -2223.8461602620728  0.00032735981473276047  -2224.343411194456
1am1b2sa1w    -2230.7408746067204  -2230.6718651212223  0.00023145894851018379  -2230.8713538694
1am1aq3sa     -2231.19044527746    -2231.1195747309     0.00023770097789756713  -2231.329295251826
1b1dma2sa     -2232.8157622158988  -2232.7447806776554  0.00023807324582916016  -2232.975513813969
1dma3sa       -2233.277985825652   -2233.2054551116703  0.0002432692067125016   -2233.44958218301
1homF2sa1w    -2233.9488309990275  -2233.867074209018   0.00027421361733863804  -2234.157731155655
1b2sa2w       -2250.607763692862   -2250.539029167143   0.00023053672889225958  -2250.723067176879
3sa2w         -2251.0417732751403  -2250.9723068173744  0.00023299164100612897  -2251.166777683355
2dma3msa      -2260.3946386269313  -2260.306758400415   0.00029475172401811954  -2260.725592306047
3am3sa        -2267.8170953149533  -2267.740315648764   0.00025752026224697426  -2268.009282504415
3am1p3sa      -2268.174195180838   -2268.0945037024003  0.0002672865283820753   -2268.375533247326
3sa1tma       -2272.4780665804706  -2272.404111340986   0.0002480470886578008   -2272.678332454689
1am2homF1sa   -2273.333694450452   -2273.2361635053344  0.00032712039281441904  -2273.664258483195
2am1b2sa1w    -2287.2015685069673  -2287.1296176258284  0.00024132443783144236  -2287.370873028537
2am1aq3sa     -2287.6777738774645  -2287.6023704685877  0.00025290427260496977  -2287.856984440508
2ma3sa        -2289.753898796917   -2289.675815278683   0.00026189340343097626  -2289.963667821186
1am1dma3sa    -2289.7556664644626  -2289.6783852660274  0.00025920240964229165  -2289.96562902429
1dma1homF2sa  -2292.522773768078   -2292.4356808222637  0.00029211117160630307  -2292.801733422139
2homF1sa1w    -2293.1958841424153  -2293.098043897669   0.00032815778885212943  -2293.509448031347
2dma2msa1sa   -2296.3266876203365  -2296.240029113584   0.00029065405585278805  -2296.635334788174
1am1b2sa2w    -2307.079577203773   -2307.005165468829   0.00024957818193686155  -2307.233088557796
1am2aq3sa     -2307.5331257842226  -2307.456617600328   0.0002566097061701904   -2307.694335217776
1b1dma2sa1w   -2309.1496693437894  -2309.0717147209107  0.00026146108629267716  -2309.330620801553
1dma3sa1w     -2309.612643585016   -2309.534922485875   0.00026067784384050985  -2309.805834064568
4am3sa        -2324.2863042972936  -2324.207876280569   0.00026304885703130426  -2324.518071424439
4am1p3sa      -2324.6631422460378  -2324.5794376208905  0.0002807466884026074   -2324.903806221464
1b2sa3w       -2326.9408965071293  -2326.866798801719   0.0002485249217178584   -2327.078987043
3sa3w         -2327.386025496512   -2327.3115236115973  0.00024988054641915755  -2327.533593915714
2dma1msa2sa   -2332.2474597401224  -2332.163815547904   0.00028054399536728703  -2332.536121547594
3am1aq3sa     -2344.1540332076434  -2344.0720626132975  0.00027493072059613934  -2344.368981677813
2am1dma3sa    -2346.2365979446736  -2346.1551446640683  0.000273195641808472    -2346.485069785379
2am1dma1p3sa  -2346.5998544534914  -2346.515202151312   0.0002839252127402766   -2346.857530423587
1dma2homF1sa  -2351.757561418274   -2351.654318264113   0.00034627923582392306  -2352.14237618281
2am1b2sa2w    -2363.5454509215147  -2363.4646014803598  0.0002711703543700609   -2363.735116514223
2am2aq3sa     -2364.0143486111388  -2363.932654661146   0.00027400285089027303  -2364.214301487405
1b2dma2sa     -2367.7006800104064  -2367.619878500138   0.00027100959338624846  -2367.952731587126
2dma3sa       -2368.1779084982027  -2368.0942652439862  0.0002805408492946813   -2368.442438506348
5am1p3sa      -2381.137357266763   -2381.048158547533   0.0002991739702505347   -2381.412927090592
1glyt3sa      -2381.9273848056273  -2381.855875684024   0.0002398427690884502   -2382.075452544802
1gly3sa       -2382.3764420447123  -2382.30171166773    0.00025064691256581364  -2382.533169563722
1gly1p3sa     -2382.710303800369   -2382.631825442031   0.00026321770362989393  -2382.875398925969
1am1b2sa3w    -2383.414787802347   -2383.335623437739   0.00026551857993949054  -2383.591949950758
3ma3sa        -2385.439702533199   -2385.354325977197   0.0002863543719661654   -2385.716334528955
1b1dma2sa2w   -2385.4908549892     -2385.4106067358803  0.0002691539604879316   -2385.69821617711
1dma3sa2w     -2385.9519727769316  -2385.871615973088   0.00026951804072893835  -2386.17060634182
3am1dma3sa    -2402.7032339933216  -2402.618911327562   0.00028281960677489917  -2402.990373200295
3am1dma1p3sa  -2403.0846459651666  -2402.9952260329283  0.0002999159223168853   -2403.38074210518
1b2sa4w       -2403.27099769783    -2403.192697939596   0.00026261867595104806  -2403.431182140955
3am2aq3sa     -2420.495123641753   -2420.407113783702   0.0002951865103191171   -2420.732130024043
1am2dma3sa    -2424.6490066639385  -2424.5618865176707  0.0002922024023718733   -2424.95221375099
1am2dma1p3sa  -2425.0209482290084  -2424.930745067135   0.00030254288738231725  -2425.334489256641
2am1b2sa3w    -2439.884423058444   -2439.7995466849356  0.00028467675166212044  -2440.098545100079
2am3aq3sa     -2440.35498378792    -2440.2681832674325  0.00029113037225408515  -2440.578899984888
1b2dma2sa1w   -2444.034993680347   -2443.9487388787065  0.00028930002226988536  -2444.311501813626
2dma3sa1w     -2444.5107852401393  -2444.422463276275   0.00029623331834420226  -2444.798030283618
1am1b2sa4w    -2459.7455714975786  -2459.6618645192502  0.00028075458101127265  -2459.945288360018
1am4aq3sa     -2460.207542929759   -2460.1222447501764  0.00028609149616758167  -2460.416641850316
1b1dma2sa3w   -2461.8177279767237  -2461.734551164233   0.00027897639607826866  -2462.049722303805
1dma3sa3w     -2462.2895977413677  -2462.2037891969053  0.00028780326836176927  -2462.53079244842
3dma1msa2sa   -2467.1438916949514  -2467.0486123458736  0.00031956850269167735  -2467.523652921525
1b2sa5w       -2479.6129293862523  -2479.532388884697   0.00027013416587583667  -2479.799525803292
3sa5w         -2480.0630540146103  -2479.977796032217   0.00028595667413607864  -2480.255503532956
4ma3sa        -2481.116668327117   -2481.0247526275     0.0003082867671207287   -2481.458654524777
2am2dma3sa    -2481.1242512269177  -2481.03373668183    0.0003035872718015514   -2481.466175458392
2am2dma1p3sa  -2481.508242026285   -2481.41152171892    0.0003244015004687865   -2481.857386075964
3am3aq3sa     -2496.8273297708843  -2496.7368960349327  0.00030331623663279304  -2497.091223629294
1b3dma2sa     -2502.577583095769   -2502.484002183841   0.00031387191657962184  -2502.920890032451
3dma3sa       -2503.072215503587   -2502.9787115505046  0.00031361379534730524  -2503.429320250346
3dma1p3sa     -2503.4422345214293  -2503.3454869339225  0.0003244929985157405   -2503.808702525842
2am1b2sa4w    -2516.219999756554   -2516.132944719863   0.00029198402378477907  -2516.460210016486
2am4aq3sa     -2516.690422572614   -2516.6004989234334  0.00030160539722041036  -2516.938697759418
1b2dma2sa2w   -2520.3775797868493  -2520.2862016401978  0.00030648380564012116  -2520.677730602539
2dma3sa2w     -2520.8475377520012  -2520.7562198145047  0.0003062818631445339   -2521.160796741031
1am1b2sa5w    -2536.086961619051   -2536.0001044113187  0.0002913205022070528   -2536.311671180571
1am5aq3sa     -2536.5449457826016  -2536.456259186536   0.0002974563007403363   -2536.77859251719
1b1dma2sa4w   -2538.157373230339   -2538.068588758372   0.0002977845781234738   -2538.413297509132
1dma3sa4w     -2538.629432766391   -2538.538263494869   0.0003057832350197436   -2538.893478054576
1am3dma3sa    -2559.5395761774553  -2559.4434400829687  0.0003224420408750349   -2559.93703352764
1am3dma1p3sa  -2559.9306023264885  -2559.8283038827244  0.0003431106616291886   -2560.335262844582
3am4aq3sa     -2573.1712901005794  -2573.075332080047   0.0003218447779029056   -2573.457779812203
3dma3sa1w     -2579.4072978771555  -2579.3084184482086  0.00033164322973803666  -2579.788182084541
2am1b2sa5w    -2592.5647437641205  -2592.4713669621165  0.0003131873285399197   -2592.82769350346
2am5aq3sa     -2593.0278691266412  -2592.933264135958   0.0003173066935584971   -2593.299286685497
1b2dma2sa3w   -2596.7065169234793  -2596.611607692411   0.0003183271208076998   -2597.031629328845
2dma3sa3w     -2597.183748630921   -2597.088767502038   0.000318568267254927    -2597.521700569044
1b1dma2sa5w   -2614.4925231576963  -2614.399030211239   0.0003135768789467807   -2614.771201848023
1dma3sa5w     -2614.965838603626   -2614.8711098976232  0.0003177216367667404   -2615.255310391217
4dma3sa       -2637.9554457523172  -2637.8526845745355  0.00034466267912764244  -2638.405903462703
4dma1p3sa     -2638.3510346108974  -2638.2451246964515  0.000355223593646223    -2638.813095378516
3dma3sa2w     -2655.748781215925   -2655.6467766176784  0.0003421250989305489   -2656.155610578196
1b2dma2sa4w   -2673.0440822345286  -2672.9452885561773  0.00033135562083327317  -2673.394405806265
2dma3sa4w     -2673.52673346427    -2673.4270329635397  0.0003343971179949731   -2673.887504379125
2ca2sa        -2701.2007412732814  -2701.094045690284   0.00035785873887945877  -2701.673282155136
2pa2sa        -2701.2124679775375  -2701.106574033976   0.00035517002703890316  -2701.686495982801
3mea3sa       -2728.4889113868417  -2728.3958905093536  0.00031199355186162426  -2728.867059119385
3dma3sa3w     -2732.080465784413   -2731.973744211552   0.00035794590931206594  -2732.510603468614
1b2dma2sa5w   -2749.3858996734334  -2749.2811618843143  0.0003512922660399703   -2749.759398305026
1pa3sa        -2749.512734285131   -2749.4242637920315  0.0002967314878380129   -2749.808431233194
2dma3sa5w     -2749.865293718336   -2749.759376256884   0.00035524890642850654  -2750.247593751168
1b3sa         -2797.391948176769   -2797.318487597021   0.0002463879917735803   -2797.494062818344
4sa           -2797.8175642301603  -2797.740197107555   0.00025949060072092794  -2797.927791093932
3dma3sa4w     -2808.423817149246   -2808.3116374549945  0.0003762525381580474   -2808.875798367723
1am1b3sa      -2853.8706465168093  -2853.7916858963576  0.00026483521868913597  -2854.009650813761
1am4sa        -2854.3088182251045  -2854.230339684045   0.00026321831648415216  -2854.458475141686
1mbtca3sa     -2860.612503955661   -2860.5212309901217  0.0003061310264627072   -2860.886783172015
1b3sa1w       -2873.730713801708   -2873.656978200776   0.0002473104173476179   -2873.857771359415
4sa1w         -2874.1583454761635  -2874.0751931975715  0.0002788941089788287   -2874.290825412876
1ma4sa        -2893.5197706639333  -2893.4375076970914  0.00027591134275261323  -2893.699986658806
2am1b3sa      -2910.349809154185   -2910.2687204010863  0.0002719730105613297   -2910.52860543175
2am4sa        -2910.7977743119804  -2910.715354860489   0.00027643619484063974  -2910.989851901191
2homF2sa      -2916.3137664967016  -2916.208830568132   0.00035195682900967536  -2916.640742686268
1am1b3sa1w    -2930.2149409396534  -2930.132210089606   0.0002774806307153014   -2930.377714529267
1b1dma3sa     -2932.2825263237937  -2932.1996832677823  0.0002778569713618586   -2932.478205524309
1dma4sa       -2932.733571238599   -2932.648413068601   0.00028562190172131796  -2932.941024413385
1b3sa2w       -2950.0734516230546  -2949.994555393117   0.00026461925184535654  -2950.225215497984
4sa2w         -2950.499108631559   -2950.4186043250306  0.0002700127671582859   -2950.661414463542
3am1b3sa      -2966.825241872178   -2966.7383891074746  0.0002913056002111521   -2967.043255360746
3am4sa        -2967.281527844518   -2967.1947556100254  0.0002910355005622271   -2967.510369323309
3am1p4sa      -2967.6367027501306  -2967.543941471176   0.000311122854116117    -2967.872902486522
1am2homF2sa   -2972.7930785444823  -2972.683215469774   0.0003684825581345961   -2973.158710069566
2am1b3sa1w    -2986.6846853039683  -2986.5984461028006  0.00028924769803196943  -2986.887320780333
2ma4sa        -2989.2168072295453  -2989.1272197990393  0.0003004777142576699   -2989.463376252422
1am1dma4sa    -2989.2178607685405  -2989.128043385814   0.00030124897778211835  -2989.462504754035
2homF2sa1w    -2992.6495234601734  -2992.5407199830624  0.00036492865038001594  -2993.001030735621
1am1b3sa2w    -3006.552258199808   -3006.466246595031   0.0002884843359940825   -3006.740526054933
1b1dma3sa1w   -3008.631844870501   -3008.5441952557635  0.00029397824832490325  -3008.85095555496
4am4sa        -3023.7656655998467  -3023.6736463285465  0.00030863414825005667  -3024.031990347524
4am1p4sa      -3024.126147354194   -3024.02918525385    0.0003252124780945185   -3024.400699713117
1b3sa3w       -3026.4085911262023  -3026.323430309671   0.0002856307782359324   -3026.582379431
2am1dma4sa    -3045.7029045425124  -3045.6111473209103  0.0003077552292535311   -3045.988406834474
1dma2homF2sa  -3051.2163588884096  -3051.100954548502   0.00038706805268323556  -3051.635149136971
2am1b3sa2w    -3063.0201869973375  -3062.9290796572154  0.000305575516088316    -3063.245577699598
1b2dma3sa     -3067.182501422134   -3067.090015048794   0.0003102008161663538   -3067.470777104997
2dma4sa       -3067.6393300344325  -3067.5456713106432  0.0003141328988410318   -3067.939143899522
5am4sa        -3080.231477057961   -3080.1364450005517  0.00031873908237065913  -3080.537543925944
5am1p4sa      -3080.610873253645   -3080.5099414091674  0.0003385270651587954   -3080.924311203445
1am1b3sa3w    -3082.8836540074653  -3082.7927486057906  0.00030489821121631425  -3083.095815989693
3ma4sa        -3084.9074722527516  -3084.811537784611   0.0003217657827962835   -3085.221067537361
1b1dma3sa2w   -3084.955694051575   -3084.8637220034934  0.0003084757607947794   -3085.19831106995
3am1dma4sa    -3102.18268896612    -3102.0814002609736  0.00033972398170860487  -3102.500501976936
3am1dma1p4sa  -3102.548508350215   -3102.4469792420155  0.0003405302975000397   -3102.880075479452
1b3sa4w       -3102.7403859520286  -3102.6517653054184  0.0002972351051841965   -3102.938057587914
4sa4w         -3103.1763300411417  -3103.085429799556   0.0003048809041922957   -3103.383066423878
1am2dma4sa    -3124.1253379230875  -3124.026901121748   0.00033015864946731423  -3124.464587724326
1b2dma3sa1w   -3143.5164407364773  -3143.4181871237324  0.00032954423191563126  -3143.828848483959
1b1dma3sa3w   -3161.2862157641785  -3161.1873572851773  0.0003315729632768878   -3161.549426024492
1b3sa5w       -3179.074382586663   -3178.982153694835   0.00030933721894727873  -3179.29417549188
4sa5w         -3179.5193159070986  -3179.42187773578    0.00032680922796800364  -3179.747739074675
4ma4sa        -3180.5990012128836  -3180.4939331400224  0.0003524000431376978   -3180.976695242035
2am2dma4sa    -3180.602877413517   -3180.5009383293113  0.00034190536376067066  -3180.983408855479
2am2dma1p4sa  -3180.9760957043122  -3180.866818326627   0.0003665181206968654   -3181.359782691413
1b3dma3sa     -3202.0658027478576  -3201.9627188185086  0.00034574519318419483  -3202.446034426479
3dma4sa       -3202.538007065103   -3202.4330673776453  0.0003519694363836707   -3202.931230927403
3dma1p4sa     -3202.906620998254   -3202.801096981326   0.0003539292870297316   -3203.312952585391
2mea4sa       -3217.917573877624   -3217.8226050350086  0.0003185270589161757   -3218.231011387315
1b2dma3sa2w   -3219.8506499111645  -3219.7494343170138  0.00033947876622692326  -3220.187888185847
1b1dma3sa4w   -3237.63460525863    -3237.5345632765016  0.00033554245221667777  -3237.926509936707
1am3dma4sa    -3259.0162038614444  -3258.905737945577   0.0003705044972905939   -3259.448499752915
1am3dma1p4sa  -3259.390780878024   -3259.278012803502   0.00037822597525332844  -3259.831682838776
1b1dma3sa5w   -3313.9709366620245  -3313.8686388943597  0.000343108393976718    -3314.288991029582
1b4dma3sa     -3336.945638515136   -3336.831223543827   0.0003837496941440638   -3337.41932059149
4dma4sa       -3337.4343734162344  -3337.316934948853   0.00039389054966258523  -3337.919031325687
4dma1p4sa     -3337.810034320494   -3337.6916639470373  0.0003970161779520436   -3338.305451077085
1pa4sa        -3448.9774906184193  -3448.875671254502   0.0003415038199481283   -3449.306321703486
5dma4sa       -3472.3220525753386  -3472.1968086873376  0.00042007005870097944  -3472.902230692248
5dma1p4sa     -3472.717045505831   -3472.5869616168934  0.0004363035013849239   -3473.305422738198
1b4sa         -3496.848649378264   -3496.762826215142   0.00028785229958664364  -3496.985571290295
5sa           -3497.274496300361   -3497.1820324069236  0.0003101254182008276   -3497.416865852484
1am1b4sa      -3553.337232715074   -3553.2483182370847  0.0002982206204554507   -3553.513747520931
1am5sa        -3553.7636339255782  -3553.67199255024    0.0003073666789824588   -3553.951096861145
1mbtca4sa     -3560.069541261896   -3559.96713856119    0.00034346034112732547  -3560.380975688008
2am1b4sa      -3609.818972497395   -3609.7251981178874  0.00031452081002393     -3610.032270590992
2am5sa        -3610.250941718575   -3610.154625727309   0.000323045417630031    -3610.476011550565
1b1dma4sa     -3631.751862165218   -3631.655534307395   0.00032308521825697307  -3631.982071873012
1dma5sa       -3632.1884830405306  -3632.091145794827   0.00032647072179487895  -3632.431252311686
3am1b4sa      -3666.306296393823   -3666.2082668733647  0.0003287926226985771   -3666.559548769284
3am5sa        -3666.751484013544   -3666.6512702125997  0.0003361187353460382   -3667.015471527873
1b1dma4sa1w   -3708.0940632405786  -3707.995181288535   0.0003316516922483276   -3708.348845335977
4am1b4sa      -3722.7655413789867  -3722.6629055508124  0.0003442422544839352   -3723.054538455121
4am5sa        -3723.2279951128003  -3723.122005748548   0.0003554900696040202   -3723.529926136004
5am5sa        -3779.7184557712058  -3779.607488946775   0.00037218455284517953  -3780.057073318373
5am1p5sa      -3780.0748819868695  -3779.962255160024   0.00037775222822402434  -3780.424173934026
1b1dma4sa2w   -3784.4243459525906  -3784.320607688768   0.00034793984176524444  -3784.70219875127
1b1dma4sa3w   -3860.7598096946463  -3860.6513298010545  0.00036384334593548775  -3861.062892289636
1b1dma4sa4w   -3937.10800875475    -3936.9958240925653  0.00037626920068412826  -3937.434621820499
1b1dma4sa5w   -4013.4478501753797  -4013.331420546377   0.0003905068891596916   -4013.799511869364
1b5sa         -4196.31630069845    -4196.218526696813   0.00032793560837403985  -4196.48806578629
1am1b5sa      -4252.80308417339    -4252.702627508316   0.00033693330562976795  -4253.015682197451
1b1dma5sa     -4331.221294728      -4331.113186595545   0.0003625964529771889   -4331.487319206701
1b6sa         -4895.772412611994   -4895.6632569992435  0.0003661097191061204   -4895.980180664645
1am1b6sa      -4952.253888978142   -4952.1403643381045  0.00038076350842522445  -4952.498977991787
