0.34152828495896886 0.34173131232806797 0.28329310593567647 0.39996649135136036
0.3415276875112483 0.34173169624395683 0.28329245328393304 0.3999669304712721
0.34153554277282766 0.34174034665432085 0.28330065027167695 0.39997523915547156
0.3415315790244827 0.34173332560096853 0.2832966104768626 0.39996829414858864
0.34152920031539025 0.3417329600154475 0.2832941382689337 0.39996802206190407
0.34152828415905007 0.34172836150078606 0.28329297183694246 0.39996367382289366
0.3415248577617911 0.34172332313306275 0.2832891621359533 0.3999590187589006
0.3415252772646406 0.3417280784566559 0.28328987465480265 0.3999634810664939
0.34152825659656644 0.34173190221384314 0.2832930536109322 0.39996710519947737
0.3415218931997574 0.341723009203831 0.28328590848490626 0.3999589939186821
0.3415280996779093 0.34173113642858677 0.28329289080941505 0.399966345297081
0.34153301371709427 0.341740597892885 0.28329844748180333 0.39997516412817596
0.34152787079383723 0.34172986284298573 0.28329257623306864 0.3999651574037543
0.34152913948442487 0.34173240445429 0.2832939394985951 0.39996760444011975
0.3415273289071351 0.3417298764974547 0.2832922646165584 0.39996494078803146
0.3415288227765759 0.3417323318537921 0.28329371127475017 0.39996744335561785
0.4000220276502477 0.3461996125542201 0.3000318846774743 0.44618975552699347
0.40000815644739673 0.3462281924787158 0.30006870943602976 0.44616763949008276
0.4000250043109156 0.3462275908526928 0.30006416409498016 0.4461884310686282
0.40001940086197474 0.34622698819297465 0.3000648411994276 0.4461815478555218
0.4000135091366974 0.346227127346081 0.3000664229442663 0.44617421353851217
0.4000151343375231 0.34622799134773463 0.3000667029919653 0.44617642269329244
0.40000836557142405 0.3462396236282488 0.300081986245748 0.44616600295392483
0.40000987629182644 0.34622557276578464 0.30006488586587265 0.4461705631917384
0.40001417816779017 0.3462297661710056 0.30006915551479657 0.4461747888239992
0.4000157759773583 0.34622042269198505 0.300057690145733 0.44617850852361035
0.4000036463681363 0.3462197213014693 0.30005999683082407 0.4461633708387815
0.34172899546861635 0.341526463031132 0.3999644405245436 0.2832910179752048
0.34152700265966984 0.34172850977339947 0.2832916930851325 0.3999638193479368
0.00864543951282317 0.007573469231962803 0.008098988073858365 0.008119920670927608
