0.9933722486064394 0.8624660644255334 0.7927914342882589 1.0630468787437137
0.9933713418880394 0.8624669505367835 0.7927902471371143 1.0630480452877085
0.9933727224556042 0.8624681794470371 0.7927922835348679 1.0630486183677734
0.9302057184579575 0.8263043611295507 0.7761867424747052 0.9803233371128031
0.9933724261294374 0.8624749585496204 0.79279488718584 1.0630524974932178
0.9933743893028311 0.8624679049059664 0.7927934172949684 1.0630488769138289
0.9302144001838046 0.8263168975862429 0.7761976513168736 0.980333646453174
0.9933732210813421 0.8624685149183047 0.7927929350283114 1.0630488009713353
0.9302166687684839 0.8263188767277091 0.7761998773498818 0.9803356681463111
0.9302189903043625 0.8263231854873943 0.7762039815091712 0.9803381942825855
0.9302115538554692 0.8263155737429089 0.7761951729176761 0.9803319546807019
0.9302108974742325 0.8263148718028426 0.7761938293123862 0.9803319399646888
0.9302146727554135 0.8263181573595595 0.7761980141290961 0.9803348159858769
1.491918551547135 1.3517437570720636 1.34290644010794 1.5007558685112583
1.491922624085123 1.3517544173227078 1.3429164583299849 1.500760583077846
1.4918828301551055 1.3516891114109861 1.3428485610728726 1.5007233804932192
1.4919175833477811 1.3517440088682364 1.3429061708879482 1.5007554213280696
1.4919181584686183 1.3517457716354238 1.3429079117032006 1.5007560184008417
1.4919170857257398 1.3517414263395473 1.3429041835575755 1.5007543285077116
1.4919184998187798 1.3517483909282055 1.342909803537216 1.5007570872097695
1.491918045592063 1.3517474098230573 1.342908673644958 1.5007567817701624
1.4579974410929324 1.3213559775288524 1.3078601245171173 1.4714932941046674
1.4580024396997295 1.3213626165717 1.3078679419415469 1.4714971143298827
1.457995721741095 1.3213456684843257 1.307852755119371 1.4714886351060497
1.491919840682007 1.3517434463522946 1.342907272343938 1.5007560146903636
1.458005424156429 1.3213640457320013 1.3078703615566616 1.471499108331769
1.4579958733676839 1.3213448344628271 1.3078527934716764 1.4714879143588346
1.1443527358893784 1.1365546999936353 1.1724988555659581 1.1084085803170554
1.4580049918135387 1.3213619088531683 1.307868739378494 1.471498161288213
1.1443433205966418 1.1365467551991517 1.1724923247698955 1.1083977510258982
1.1443493222044325 1.1365530292957347 1.1724960463984029 1.1084063051017643
1.4580037622634374 1.3213602427121032 1.3078670151202303 1.4714969898553103
1.1443485180059167 1.1365503911755632 1.1724964512681524 1.1084024579133276
1.4580046006828948 1.3213607296008032 1.307867971458474 1.471497358825224
1.1443443829715152 1.1365476540049784 1.1724924437913873 1.1083995931851063
1.136548453592883 1.1443475842721937 1.1084010298647282 1.1724950080003484
1.136540552535126 1.1443522722883608 1.1083957973453202 1.1724970274781668
1.4580033407962185 1.321355944559965 1.3078634366165631 1.4714958487396206
1.136550838303758 1.1443485752989617 1.1084026991026898 1.1724967145000298
1.1365379655542152 1.1443302138590496 1.1083891965156534 1.1724789828976114
1.1443475365306481 1.136544847964129 1.1724937080200792 1.1083986764746978
1.1443456713746545 1.1365493042261043 1.1724935773969598 1.108401398203799
1.14435090265614 1.136546606456481 1.1724977025771364 1.1083998065354845
1.1365470778156248 1.1443470324862668 1.1083993152834912 1.1724947950184004
1.136547709565007 1.1443461360509468 1.1083997032319275 1.1724941423840263
1.1443458353096814 1.1365451768607946 1.1724934483590066 1.1083975638114696
1.136546454943323 1.144345128372379 1.1083995055396034 1.1724920777760983
1.14434756971762 1.136549000714152 1.1724951993830384 1.1084013710487335
Ea: 2.0645 kcal/mol  Q_TS: 1.0441361401006776e+16  k: 1.6050796894184593e-12
