#CLUSTER       dG_298.15K_[Eh]      dH_298.15K_[Eh]      dS_298.15K_[Eh/K]
2am            -112.92057108061034  -112.88594738392523  0.0001161284477113507
3am            -169.37691643270554  -169.33686617668442  0.00013432921690798597
2ma            -191.31724659242477  -191.27699926991264  0.00013499018115750743
1am1dma        -191.32474983675957  -191.28364427656606  0.00013786872444573441
4am            -225.83192483471194  -225.78501926116152  0.00015732206456629653
2dma           -269.7290275859577   -269.68281247069666  0.00015500625611600195
3ma            -286.97481944946554  -286.92420320727916  0.00016976770815441247
4ma            -382.630821541991    -382.5702780258741   0.00020306394806910753
2put           -537.1231268582842   -537.0651720964693   0.0001943812235957009
4dma           -539.4558138766141   -539.3837637114206   0.00024165743818142335
1am1sa         -755.9213259449917   -755.8802740945786   0.00013768858095915216
1ma1sa         -795.1241540458428   -795.079670918865    0.00014919713894969542
3put           -805.6796176817015   -805.6024648755538   0.0002587717798011896
2am1sa         -812.3910228370185   -812.342652193531    0.00016223593321324463
1dma1sa        -834.3363921937018   -834.2882320240797   0.0001615300004101127
3am1sa         -868.8515807549459   -868.7984939940072   0.00017805386865281814
1sa1tma        -873.5472979683494   -873.4977607591858   0.00016614861366302902
1bda1sa        -889.6037813692901   -889.5556660922816   0.00016137942984555673
1eda1sa        -889.603781370331    -889.5556660922919   0.0001613794333025267
2ma1sa         -890.7927452123367   -890.7397988221126   0.00017758306296842711
1am1dma1sa     -890.8022009100298   -890.7493691035302   0.00017719874727415162
4am1sa         -925.3155124399576   -925.256926572173    0.00019649796338859764
1mda1sa        -928.8156628981387   -928.7639764891849   0.0001733570650806886
1pda1sa        -928.8238139715767   -928.7736266101332   0.00016832923509424403
2am1dma1sa     -947.2585542186503   -947.2003623766379   0.00019517639447340845
1diABmda1sa    -968.0198419280838   -967.9648235780857   0.0001845324501034457
1diAAmda1sa    -968.0204767559335   -967.9662037814651   0.00018203244832558694
1put1sa        -968.0404578415386   -967.9879531586708   0.00017610156923616543
2dma1sa        -969.2077730077947   -969.1489140578074   0.00019741388558512746
3ma1sa         -986.4598901883097   -986.3973641758174   0.00020971327349437837
1sa1triAABmda  -1007.228703733665   -1007.1709533038834  0.00019369589059742146
1am2dma1sa     -1025.6740681971191  -1025.6101285442824  0.00021445464644256302
1sa1teAABBmda  -1046.4333853411902  -1046.3730453856158  0.00020238120266480533
1sa2tma        -1047.628150429503   -1047.5659789085084  0.00020852430318526013
4put           -1074.2395005879032  -1074.145534633289   0.00031516335607723614
4ma1sa         -1082.123043533776   -1082.0520272989486  0.0002381896187391658
3dma1sa        -1104.08227008071    -1104.0116233663805  0.00023695024091712396
2put1sa        -1236.6123002783331  -1236.5431822638036  0.00023182295666582814
4dma1sa        -1238.9501255616487  -1238.8696688139366  0.0002698532541064489
2sa            -1398.9063952265894  -1398.8571904924718  0.00016503348689522336
1am2sa         -1455.391738986699   -1455.3382457411756  0.00017941722462968667
1ma2sa         -1494.600030018986   -1494.5429399967368  0.00019148087287972125
3put1sa        -1505.1897401618257  -1505.1051029686842  0.0002838745367827483
2am2sa         -1511.8644989145419  -1511.8055181487516  0.0001978224577911534
1dma2sa        -1533.8136112654495  -1533.753208395807   0.00020259221748302107
3am2sa         -1568.334578144421   -1568.2704133557113  0.00021520975585990714
2sa1tma        -1569.733652990043   -1569.6710898038586  0.00020983795466810102
1eda2sa        -1589.0793102784994  -1589.0175095858178  0.00020728053892886915
2ma2sa         -1590.2786440398525  -1590.214870347612   0.0002138980118733646
1am1dma2sa     -1590.2857240603312  -1590.2199446507375  0.0002206252208416673
4am2sa         -1624.8001259782334  -1624.7302697176813  0.0002342990459580185
2am1dma2sa     -1646.7472647517002  -1646.6806956786932  0.0002232737649068428
1put2sa        -1667.517389917917   -1667.4547710399381  0.00021002474586165099
2dma2sa        -1668.7041551230002  -1668.6335036325825  0.00023696625999674464
3ma2sa         -1685.9477175424086  -1685.872064963969   0.0002537399914110172
3am1dma2sa     -1703.2072446099035  -1703.1326336572308  0.0002502463614711851
1am2dma2sa     -1725.1736187458123  -1725.0965271599175  0.0002585664460684804
2sa2tma        -1747.118690730072   -1747.0447247901093  0.00024808297824195733
4put1sa        -1773.756199711959   -1773.6539884057404  0.00034281840086723464
4ma2sa         -1781.6179472842828  -1781.533833946608   0.0002821175169373518
2am2dma2sa     -1781.627938482378   -1781.5454351886485  0.0002767174030843767
3dma2sa        -1803.5850273526603  -1803.5037461266684  0.0002726185678093917
2mea2sa        -1818.9818991132747  -1818.908999714738   0.00024450578077013095
1am3dma2sa     -1860.0505142957043  -1859.9637428628064  0.00029103281200202366
2put2sa        -1936.1063889360037  -1936.02630087191    0.00026861668319007125
4dma2sa        -1938.458146896534   -1938.3649289425766  0.00031265454958043313
3sa            -2098.360805836168   -2098.2987581103225  0.00020810909221941615
1am3sa         -2154.851696052377   -2154.784022043706   0.00022697973728379728
1ma3sa         -2194.064391054863   -2193.994624489436   0.00023399820703175005
3put2sa        -2204.6849236652993  -2204.5882695033365  0.0003241796477052949
2am3sa         -2211.3351362594854  -2211.2630531056398  0.00024176808265978107
1dma3sa        -2233.2779836451773  -2233.205470103806   0.00024321160949475367
3am3sa         -2267.8170953149533  -2267.740315648764   0.00025752026224697426
3sa1tma        -2272.4780665804706  -2272.404111340986   0.0002480470886578008
1eda3sa        -2288.548517952396   -2288.474943171403   0.00024677102462845126
2ma3sa         -2289.753898796917   -2289.675815278683   0.00026189340343097626
1am1dma3sa     -2289.7556664644626  -2289.6783852660274  0.00025920240964229165
4am3sa         -2324.2863042972936  -2324.207876280569   0.00026304885703130426
2am1dma3sa     -2346.2365979446736  -2346.1551446640683  0.000273195641808472
1put3sa        -2366.989197907409   -2366.913896120902   0.00025256342950523485
2dma3sa        -2368.1779084982027  -2368.0942652439862  0.0002805408492946813
3ma3sa         -2385.439702533199   -2385.354325977197   0.0002863543719661654
3am1dma3sa     -2402.7032339933216  -2402.618911327562   0.00028281960677489917
1am2dma3sa     -2424.6490066639385  -2424.5618865176707  0.00029220240237187327
4put2sa        -2473.242769361371   -2473.1306610056117  0.00037601326768020945
4ma3sa         -2481.116668327117   -2481.0247526275     0.0003082867671207287
2am2dma3sa     -2481.1242512269177  -2481.03373668183    0.0003035872718015514
3dma3sa        -2503.072215503587   -2502.9787115505046  0.00031361379534730524
1am3dma3sa     -2559.5395761774553  -2559.4434400829687  0.0003224420408750349
2put3sa        -2635.58631977496    -2635.4970377925233  0.00029945323641388584
4dma3sa        -2637.9554457523172  -2637.8526845745355  0.00034466267912764244
3mea3sa        -2728.4889113868417  -2728.3958905093536  0.0003119935518616242
4sa            -2797.8175642301603  -2797.740197107555   0.00025949060072092794
1am4sa         -2854.3088182251045  -2854.230339684045   0.0002632183164841522
1ma4sa         -2893.5197706639333  -2893.4375076970914  0.00027591134275261323
3put3sa        -2904.1733415311337  -2904.065261674835   0.00036250161428378686
2am4sa         -2910.7977743119804  -2910.715354860489   0.00027643619484063974
1dma4sa        -2932.733571238599   -2932.648413068601   0.00028562190172131796
3am4sa         -2967.281527844518   -2967.1947556100254  0.0002910355005622271
1eda4sa        -2988.016216686377   -2987.9348420846613  0.0002729317515201354
2ma4sa         -2989.2168072295453  -2989.1272197990393  0.00030047771425766994
1am1dma4sa     -2989.2178607685405  -2989.128043385814   0.00030124897778211835
4am4sa         -3023.7656655998467  -3023.6736463285465  0.00030863414825005667
2am1dma4sa     -3045.7029045425124  -3045.6111473209103  0.0003077552292535311
1put4sa        -3066.4622645334903  -3066.3734286562767  0.0002979569921631399
2dma4sa        -3067.6393300344325  -3067.5456713106432  0.0003141328988410318
5am4sa         -3080.231477057961   -3080.1364450005517  0.00031873908237065913
3ma4sa         -3084.9074722527516  -3084.811537784611   0.0003217657827962835
3am1dma4sa     -3102.18268896612    -3102.0814002609736  0.00033972398170860487
1am2dma4sa     -3124.1253379230875  -3124.026901121748   0.0003301586494673143
4put3sa        -3172.747226079464   -3172.6278683437085  0.0004003278073328862
4ma4sa         -3180.5990012128836  -3180.4939331400224  0.0003524000431376978
2am2dma4sa     -3180.602877413517   -3180.5009383293113  0.00034190536376067066
3dma4sa        -3202.538007065103   -3202.4330673776453  0.0003519694363836707
2mea4sa        -3217.917573877624   -3217.8226050350086  0.0003185270589161757
1am3dma4sa     -3259.0162038614444  -3258.905737945577   0.000370504497290594
2put4sa        -3335.068541017682   -3334.9658512203014  0.0003444232680906922
4dma4sa        -3337.4343734162344  -3337.316934948853   0.00039389054966258523
5dma4sa        -3472.3220525753386  -3472.1968086873376  0.00042007005870097944
1am5sa         -3553.7636339255782  -3553.67199255024    0.0003073666789824588
3put4sa        -3603.654178369223   -3603.536072994657   0.0003961273673176213
2am5sa         -3610.250941718575   -3610.154625727309   0.0003230454176300309
1dma5sa        -3632.1884830405306  -3632.091145794827   0.00032647072179487895
3am5sa         -3666.751484013544   -3666.6512702125997  0.0003361187353460382
4am5sa         -3723.2279951128003  -3723.122005748548   0.0003554900696040203
5am5sa         -3779.7184557712058  -3779.607488946775   0.00037218455284517953
4put4sa        -3872.23973446097    -3872.108626651034   0.0004397377492415345
