1.4775962186182476 1.435638965498251 1.4332494797290543 1.4799857043874445
1.4776003276172518 1.4356447917650241 1.4332562779466118 1.4799888414356643
1.4775996779428873 1.4356451940634263 1.433256048555786 1.4799888234505274
1.477598260273275 1.4356420979433075 1.4332524040607755 1.4799879541558068
1.4395477484991517 1.3992445324020315 1.3962368798130493 1.4425554010881338
1.4395481969555668 1.3992455129361898 1.3962377318939203 1.4425559779978365
1.3896674483998082 1.269322538460704 1.2379111165738428 1.4210788702866695
0.790994590985639 0.8041952240134028 0.8262344933699702 0.7689553216290715
1.3896639979651058 1.2693116441983845 1.2379014015325014 1.421074240630989
0.9406046967715733 0.9422688215976238 0.923837967579854 0.9590355507893432
1.389670342472543 1.2693229627585159 1.2379142724986432 1.4210790327324156
0.8532375627131306 0.8597875183372928 0.8958406183377298 0.8171844627126936
0.8532399982588437 0.8597859334447084 0.8958423050696034 0.8171836266339487
0.8763481896321672 0.8784836443074554 0.904240843073233 0.8505909908663896
0.9406043458850779 0.9422710086599935 0.9238382662307786 0.9590370883142927
0.9512438059141486 0.9553350272805492 0.91819143132551 0.9883874018691878
0.20253959359330304 0.2034702764386938 0.21388992592634837 0.19211994410564848
0.20253861694333217 0.2034985579731477 0.21391781292675585 0.192119361989724
0.2025357969254577 0.20346098894337641 0.21388118133200712 0.192115604536827
0.2025442600041195 0.2034709970616866 0.21389048308551745 0.19212477398028863
0.20254088831239683 0.20346696779729279 0.21388649770257318 0.19212135840711644
0.20254035528712508 0.2034682972901224 0.2138888883675083 0.19211976420973917
0.20253899623863877 0.20346067026316517 0.21388050308149437 0.19211916342030957
0.20254096801560725 0.20346862788056172 0.21388813234593304 0.19212146355023593
0.20253959359330304 0.2034702764386938 0.21388992592634837 0.19211994410564848
0.20253820463282537 0.20347246340613676 0.21389147483787668 0.19211919320108545
0.2025411878630539 0.20346659073101303 0.2138862324194748 0.1921215461745921
0.2025442668641949 0.20347098922741919 0.2138904899455929 0.19212476614602123
0.20254088831239683 0.20346696779729279 0.21388649770257318 0.19212135840711644
0.2025404303575943 0.20346917738093018 0.21388848249749742 0.19212112524102706
0.20254125731285272 0.20346701647373427 0.2138865443321823 0.1921217294544047
0.20254096801560725 0.20346862788056172 0.21388813234593304 0.19212146355023593
0.09852711743648397 0.08855791042277233 0.0950244529161923 0.09206057494306401
0.056967313755814604 0.05006745524303505 0.05551033403679569 0.05152443496205396
