1.1285925792211362 1.1310503613928056 1.1064822211505505 1.153160719463391
1.0480810327002659 1.0383299316113215 1.064625875894048 1.0217850884175395
1.4725775165672137 1.4036774603011053 1.3956739239227325 1.4805810529455863
1.472580069052987 1.403680925137298 1.3956779552552208 1.4805830389350643
1.4725758442488193 1.4036749038841485 1.395671275696797 1.4805794724361712
1.4725780478007051 1.4036779768802548 1.3956749880658212 1.4805810366151384
1.4725774251953254 1.4036784659775337 1.3956748084584594 1.4805810827143995
1.069824050092012 1.0863575048279734 1.1174519877045546 1.0387295672154309
1.4725775454292158 1.4036760331110723 1.395673161207383 1.4805804173329054
1.1285941435184255 1.1310508425569128 1.1064837854310414 1.153161200644297
1.0480827533867532 1.0383344580398244 1.0646272519999191 1.0217899594266584
1.4725742897975682 1.4036728981071394 1.3956690984106188 1.4805780894940888
1.0698247881376937 1.0863575580239693 1.1174523730793071 1.0387299730823558
1.0480775595600704 1.0383370214893886 1.0646227912416586 1.0217917898078004
1.4725800123161341 1.403682139619757 1.3956791262861974 1.4805830256496937
1.069827099532386 1.0863602224169306 1.1174542401377434 1.0387330818115732
1.0383294889560961 1.0480813503890862 1.0217845798848684 1.0646262594603142
1.4725789949394057 1.4036747073509486 1.3956733484107962 1.4805803538795579
1.4725761996007964 1.4036723811856398 1.3956699901788232 1.480578590607613
1.069826353320639 1.0863616540642709 1.1174534485279592 1.0387345588569505
1.4725793273110779 1.4036796548298205 1.3956772135133113 1.480581768627587
1.1310510432928322 1.1285917128201852 1.1531611588801973 1.1064815972328201
1.472577651666684 1.4036767415203872 1.3956742854606845 1.4805801077263867
1.472575833941003 1.4036760144991907 1.395672224633822 1.480579623806372
1.038341496034049 1.048082657840642 1.021796238599004 1.0646279152756868
1.0698262676720496 1.0863597122025932 1.1174535560870797 1.038732423787563
1.472583741231229 1.4036826963755544 1.3956802683005 1.4805861693062834
1.4725778797694566 1.4036783096263594 1.3956751086672536 1.4805810807285624
1.0480843556593933 1.038337190764854 1.0646283617377528 1.0217931846864945
1.472578124429595 1.4036786498032725 1.395675751969773 1.4805810222630946
1.0698256145862288 1.0863586668730887 1.1174530294524994 1.0387312520068184
1.4725780317648525 1.4036768568629072 1.3956742104234756 1.480580678204284
1.472574820534049 1.4036775626508275 1.3956728155236544 1.4805795676612221
1.4725725249425188 1.4036693455121174 1.395665630480049 1.4805762399745872
0.9835267714820384 1.010598158020425 1.0517361655263813 0.9423887639760824
1.4725777067089303 1.4036717207357308 1.395669444483025 1.4805799829616362
1.4725766247757623 1.4036762233509454 1.3956733185116041 1.4805795296151034
1.4725789530604296 1.4036809265051757 1.395677549693926 1.4805823298716794
1.4725791796893946 1.4036790605504548 1.3956770658916282 1.4805811743482211
1.4725781885369165 1.4036782076234928 1.395675006664387 1.480581389496022
1.0383391914569153 1.0480813263532467 1.0217953160952653 1.0646252017148967
1.0383364737845644 1.0480811333203164 1.021792121199603 1.0646254859052777
1.128592471874755 1.1310512428351782 1.106482230078382 1.1531614846315512
1.048081232457993 1.0383307740729444 1.0646251038896937 1.0217869026412436
1.0698252756203215 1.0863544406973613 1.1174527572449244 1.0387269590727581
1.0383329186665844 1.0480832725118456 1.0217884925908447 1.0646276985875853
Ea: 1.6966 kcal/mol  Q_TS: 1.0021706010299548e+18  k: 9.906413538037822e-12
