#CLUSTER            dG_298.15K_[Eh]      dH_298.15K_[Eh]      dS_298.15K_[Eh/K]
2am                 -113.05513044646007  -113.02046238790138  0.00011627723816431059
1am1ma              -152.31985969063345  -152.2824343453858   0.00012552522303415554
2ma                 -191.58412669834766  -191.54388997765977  0.0001349546224648227
1am1dma             -191.59099478870922  -191.54929802787572  0.00013985162110847203
1dma1ma             -230.8500686195182   -230.80546630409478  0.00014959689895491213
1am1tma             -230.8641165286778   -230.82152801215398  0.0001428425843496
2dma                -270.1223678890015   -270.07551499833744  0.00015714536529949118
1ma1tma             -270.125328653282    -270.07896324482545  0.00015551034196391805
1eda1ma             -286.1880885986884   -286.14304053377987  0.00015109195005386038
1dma1tma            -309.3942986374582   -309.3441598916556   0.00016816617743615266
1dma1eda            -325.45849763904664  -325.4106593914977   0.0001604502684855202
2tma                -348.67031780365807  -348.62029981630053  0.00016776115162683397
1eda1tma            -364.7303827753648   -364.6799770518765   0.00016906162498167825
2eda                -380.7904895786878   -380.740305076395    0.00016831964545641694
1ma1sa              -795.9266747941987   -795.8823019975182   0.00014882708931888373
2am1sa              -813.1912028994161   -813.144708166121    0.00015594409959799677
1dma1sa             -835.1705273466008   -835.1215813870832   0.00016416555263318043
1sa1tma             -874.4435014690489   -874.3923754637926   0.00017147746186897293
1eda1sa             -890.5349943917538   -890.4854174452784   0.0001662818932598029
2ma1sa              -891.7318677332815   -891.6783763662733   0.0001794109240593604
1am1dma1sa          -891.7404567937155   -891.6870767705535   0.0001790374749689398
1dma1ma1sa          -931.0056757255852   -930.9489375147682   0.0001903008915544401
1am1eda1sa          -947.0681866601477   -947.016031654861    0.00017492874488264304
1ma1sa1tma          -970.2721614846753   -970.2127252376563   0.00019935014931730328
2dma1sa             -970.2754098569152   -970.2160305664556   0.00019915911608116776
1eda1ma1sa          -986.3344275337133   -986.2786139676447   0.00018719961787253258
1dma1sa1tma         -1009.5492805266372  -1009.4878912881543  0.00020590051478423988
1dma1eda1sa         -1025.6061000202633  -1025.5457676866386  0.00020235563852003202
1sa2tma             -1048.8142101449441  -1048.7499614177661  0.00021549128686202863
1eda1sa1tma         -1064.8804710891927  -1064.8174142926182  0.00021149353202957064
2eda1sa             -1080.941441862199   -1080.8791870264702  0.00020880374217333107
2sa                 -1400.223030044164   -1400.1722093757019  0.000170453357243452
1am2sa              -1456.7839889074673  -1456.7284997481631  0.00018611155225283806
1ma2sa              -1496.0646821973273  -1496.0074073993007  0.00019210061387427642
2am2sa              -1513.328795848544   -1513.2716665725673  0.00019161253052679645
1dma2sa             -1535.3437276683735  -1535.2833755728223  0.00020242192034667018
1am1ma2sa           -1552.6101318492051  -1552.5452729755891  0.00021753772804292192
3am2sa              -1569.8812895078593  -1569.8173809637367  0.0002143503073036142
2sa1tma             -1574.6052081554492  -1574.541737758609   0.00021288075411766725
1eda2sa             -1590.6710716619668  -1590.6101541392272  0.00020431837242848417
2ma2sa              -1591.886301506667   -1591.8204317495993  0.00022092824775331334
1am1dma2sa          -1591.886877949801   -1591.8216736755908  0.00021869620731244054
2am1ma2sa           -1609.1511998498506  -1609.0864428354428  0.000217196090584931
1am2sa1tma          -1631.1571617742638  -1631.089991282248   0.0002252909341465387
1dma1ma2sa          -1631.1628847512393  -1631.094549281668   0.0002291982880143163
1am1eda2sa          -1647.2218832745423  -1647.1529549397221  0.00023118676780195768
1am2ma2sa           -1648.427296935291   -1648.3557051600303  0.000240119990812585
2am1dma2sa          -1648.431741634929   -1648.3629423581872  0.0002307539048860508
1ma2sa1tma          -1670.4289582214694  -1670.3602983887347  0.00023028620739487198
2dma2sa             -1670.4299585196525  -1670.3596131626018  0.00023593948365147272
1eda1ma2sa          -1686.4983115530417  -1686.4282281676647  0.00023506082635268017
1am1dma1ma2sa       -1687.6997754804781  -1687.6291799915666  0.00023677843002337324
2am2sa1tma          -1687.700539307943   -1687.62966506181    0.00023771338632557347
2am1eda2sa          -1703.762047097349   -1703.6913632936253  0.0002370746393554062
1dma2sa1tma         -1709.7010928516513  -1709.628056037198   0.0002449666760135973
1dma1eda2sa         -1725.7713834826343  -1725.6961716580554  0.00025226169571990783
1dma2ma2sa          -1726.9675211846018  -1726.8922021428168  0.00025262130399144374
1am2dma2sa          -1726.9736316605452  -1726.896504839229   0.00025868462624934325
1am1ma2sa1tma       -1726.975077346913   -1726.900208037772   0.00025111289331213347
1am1eda1ma2sa       -1743.031047836575   -1742.957240016704   0.0002475526408556879
2sa2tma             -1748.9698501062817  -1748.8934664633878  0.00025619199360708204
1eda2sa1tma         -1765.0393892209606  -1764.9647632293359  0.0002502968023639577
2ma2sa1tma          -1766.2403136909497  -1766.1625447700328  0.0002608382388624948
2dma1ma2sa          -1766.2432013115135  -1766.1640468607325  0.0002654853287977585
1am1dma2sa1tma      -1766.246533918453   -1766.1686733761453  0.0002611455385134679
2eda2sa             -1781.1034669877884  -1781.0300761550038  0.00024615405931420833
1eda2ma2sa          -1782.2984763863833  -1782.2223069470817  0.00025547355123761733
1am1dma1eda2sa      -1782.3076676881706  -1782.2330208826268  0.000250366612590051
1am2sa2tma          -1805.5107461843813  -1805.42971666444    0.0002717743415768818
1dma1ma2sa1tma      -1805.5137302812514  -1805.434884381125   0.0002644504448310366
3dma2sa             -1805.5226520356298  -1805.442746435066   0.0002680046975138957
1am1eda2sa1tma      -1821.5735786437456  -1821.4965699636475  0.0002582883786620125
1dma1eda1ma2sa      -1821.57762108581    -1821.4985249618578  0.0002652896996550067
1am2eda2sa          -1837.6379681410053  -1837.558600860883   0.0002661991619063979
1ma2sa2tma          -1844.7827116781953  -1844.7005396313702  0.0002756063955221478
2dma2sa1tma         -1844.7907478161928  -1844.7069457810674  0.00028107340307038757
1eda1ma2sa1tma      -1860.8468490235584  -1860.7644438755292  0.0002763882207922251
2dma1eda2sa         -1860.8511709690526  -1860.7701842152667  0.0002716309031894324
2eda1ma2sa          -1876.9103335365244  -1876.8275770809353  0.000277566512122151
1dma2sa2tma         -1884.0558383089422  -1883.9715863504507  0.0002825824534346581
1dma1eda2sa1tma     -1900.120293589844   -1900.0362052395506  0.00028203370884963985
1dma2eda2sa         -1916.1860046751005  -1916.1022954624802  0.0002807620748627965
2sa3tma             -1923.3233450668586  -1923.2372039864574  0.00028891859936671174
1eda2sa2tma         -1939.3872603174264  -1939.301315907333   0.00028825896392168266
2eda2sa1tma         -1955.453918339256   -1955.3673383494295  0.00029039070879236715
3eda2sa             -1971.5166527463216  -1971.432799410116   0.0002812454677362759
2am3sa              -2213.479798479764   -2213.4082336736387  0.00024002953588956425
1am1ma3sa           -2252.7527437533554  -2252.6766756865686  0.00025513354615710196
3am3sa              -2270.0214611545284  -2269.9447764155775  0.00025720187472984897
2ma3sa              -2292.026529538519   -2291.948335287167   0.0002622648041319564
1am1dma3sa          -2292.029106502183   -2291.9494816488946  0.0002670630665374213
2am1ma3sa           -2309.3051028640693  -2309.2245231542374  0.0002702656710776065
4am3sa              -2326.571847899258   -2326.490025177998   0.000274434751835861
1dma1ma3sa          -2331.3004215438523  -2331.2197130338086  0.00027069766910526314
1am2ma3sa           -2348.5741502179853  -2348.4892195516363  0.000284858850742305
2am1dma3sa          -2348.578497983574   -2348.4959498400867  0.00027686782990804455
3am1ma3sa           -2365.8452210007     -2365.7594602468116  0.0002876429779915076
2dma3sa             -2370.5731754625035  -2370.489310259646   0.000281285268682227
1eda1ma3sa          -2386.6333924695764  -2386.553554342189   0.00026777839137237465
1am1dma1ma3sa       -2387.845457118802   -2387.7600741408523  0.0002863759112850575
3ma3sa              -2387.846004830739   -2387.761710586436   0.00028272428074007446
2am3sa1tma          -2387.8491160851436  -2387.7650840857837  0.0002818447068921668
2am1eda3sa          -2403.9147168623176  -2403.8311245284863  0.00028037006148305243
3am1dma3sa          -2405.122187177014   -2405.0379291444897  0.00028260282583989307
1dma3sa1tma         -2409.8466946736435  -2409.7615316205406  0.0002856382797347999
1dma1eda3sa         -2425.9078621556737  -2425.821792662397   0.0002886784949746195
1am1ma3sa1tma       -2427.1228875506613  -2427.034557193673   0.0002962614690197774
1am2dma3sa          -2427.124025845039   -2427.0361122360605  0.0002948636893448921
1dma2ma3sa          -2427.129091033365   -2427.040660462374   0.0002965975884325616
1am1eda1ma3sa       -2443.1839145021913  -2443.0941259070955  0.0003011524235979418
3am3sa1tma          -2444.38417037042    -2444.2941601019133  0.00030189591986243963
1am3ma3sa           -2444.3898020105034  -2444.2974868228534  0.00030962665654850064
2am1dma1ma3sa       -2444.393154143325   -2444.3007052079206  0.00031007524871446785
3sa2tma             -2449.118118603804   -2449.032182486372   0.0002882311501988751
3am1eda3sa          -2460.452154210081   -2460.3674335296932  0.0002841545543779773
1eda3sa1tma         -2465.1819351408353  -2465.0951126680466  0.0002912040006333563
2ma3sa1tma          -2466.3923162707742  -2466.3032981393667  0.00029856827572617576
1am1dma3sa1tma      -2466.3941121305506  -2466.3051839870996  0.0002982664546407835
2dma1ma3sa          -2466.3978595349754  -2466.307999539235   0.00030139190253305554
2eda3sa             -2481.2493102327285  -2481.1645703265567  0.0002842190379732418
1eda2ma3sa          -2482.4569971661413  -2482.366209094988   0.0003045046827208481
1am1dma1eda3sa      -2482.4598751222848  -2482.367858952032   0.0003086237472852028
2am1ma3sa1tma       -2483.6602535635034  -2483.568858984952   0.0003065389185021153
4ma3sa              -2483.662421139916   -2483.5661373204643  0.00032293751283460283
2am2dma3sa          -2483.6626227371225  -2483.571594465234   0.0003053103199346093
1am1dma2ma3sa       -2483.6690629313744  -2483.5759987305014  0.0003121388592077301
2am1eda1ma3sa       -2499.723520450187   -2499.6320362606093  0.0003068394753569785
1am3sa2tma          -2505.6656105939987  -2505.5757059967277  0.00030154149680022965
3dma3sa             -2505.6675617487376  -2505.5738138378138  0.00031443203395497947
1dma1ma3sa1tma      -2505.6682078994636  -2505.5737334482396  0.0003168688620633228
1am1eda3sa1tma      -2521.7197253391664  -2521.6306395438437  0.00029879522160897
1dma1eda1ma3sa      -2521.7257571245664  -2521.6312227016824  0.0003170700079957076
1am2dma1ma3sa       -2522.932456871308   -2522.8382013453515  0.00031613458311764784
1am2ma3sa1tma       -2522.9372252259877  -2522.841745669734   0.000320240000852093
2am1dma3sa1tma      -2522.9406840154425  -2522.84664043124    0.0003154237269915303
1dma3ma3sa          -2522.9412930069507  -2522.8448854659787  0.00032335247684734785
1am2eda3sa          -2537.791654559036   -2537.703598563456   0.0002953412563472936
1am1eda2ma3sa       -2538.994531937928   -2538.900023946481   0.0003169813565223437
2am1dma1eda3sa      -2538.997588950484   -2538.9028696469795  0.0003176901006358172
1ma3sa2tma          -2544.937145172176   -2544.8425980233833  0.00031711269090197846
2dma3sa1tma         -2544.938801815803   -2544.8436047999203  0.0003192923558028937
1eda1ma3sa1tma      -2560.997509957521   -2560.9040428580374  0.0003134901877695489
2am3sa2tma          -2562.200005854205   -2562.1041382165977  0.00032154163208849337
1am1dma1ma3sa1tma   -2562.2037330209682  -2562.1059836498994  0.0003278529970450115
3ma3sa1tma          -2562.206217783122   -2562.107935821666   0.0003296393139563065
2dma2ma3sa          -2562.207277984324   -2562.1057948081366  0.00034037624077629217
1am3dma3sa          -2562.2105976323314  -2562.1133378740014  0.0003262108278713091
2eda1ma3sa          -2577.0643493824923  -2576.9716370605865  0.0003109586513699679
2am1eda3sa1tma      -2578.265806059865   -2578.1692316405024  0.0003239121897127536
1eda3ma3sa          -2578.266339309975   -2578.1692280779266  0.00032571266828212183
1dma3sa2tma         -2584.2082027120923  -2584.111311327453   0.0003249752964591389
2am2eda3sa          -2594.333677368553   -2594.2373857011194  0.00032296383509394615
1dma1eda3sa1tma     -2600.2666447295614  -2600.16672744236    0.0003351242233822779
1am1ma3sa2tma       -2601.471010991898   -2601.3725701466187  0.00033017221291004777
1dma2ma3sa1tma      -2601.47508245259    -2601.376152542692   0.0003318125436782042
3dma1ma3sa          -2601.476141484268   -2601.374811251066   0.0003398632674882528
1am2dma3sa1tma      -2601.4894914943843  -2601.390688848087   0.000331385699470639
1dma2eda3sa         -2616.3389557190535  -2616.2448153344126  0.00031574839725280923
1am1eda1ma3sa1tma   -2617.5375845221165  -2617.4371898673944  0.0003367253218919619
1dma1eda2ma3sa      -2617.5376835740026  -2617.4366261691207  0.0003389481968193505
1am2dma1eda3sa      -2617.54263278003    -2617.442422622664   0.00033610651472808977
3sa3tma             -2623.4730345962207  -2623.3728924423485  0.00033587842989110835
1eda3sa2tma         -2639.541366707219   -2639.4457807290746  0.0003205969416203965
2ma3sa2tma          -2640.7419925104036  -2640.6404570048044  0.0003405517544829401
1am1dma3sa2tma      -2640.752182831953   -2640.6507455835963  0.0003402221980772862
2dma1ma3sa1tma      -2640.755525693866   -2640.652461031292   0.0003456805721074288
4dma3sa             -2640.7583694894615  -2640.654059989817   0.0003498557761007961
2eda3sa1tma         -2655.6012496724047  -2655.5056061270993  0.0003207900228248237
1eda2ma3sa1tma      -2656.8095205399127  -2656.707752158836   0.00034133282266346113
1am1dma1eda3sa1tma  -2656.812326305055   -2656.7100567256352  0.0003430138501424129
2dma1eda1ma3sa      -2656.8170781660906  -2656.7167608227237  0.0003364660183355593
3eda3sa             -2671.6705833585725  -2671.574136789905   0.00032348337637980873
2eda2ma3sa          -2672.8699162423222  -2672.7697536809387  0.00033594687701998685
1am1dma2eda3sa      -2672.8770528504097  -2672.774353020923   0.00034445691593675004
1am3sa3tma          -2680.0085699315523  -2679.904554810672   0.00034886842488879186
1dma1ma3sa2tma      -2680.021057650466   -2679.9157319595365  0.000353264098371959
3dma3sa1tma         -2680.02604896037    -2679.9202252869386  0.0003549343398677437
1am1eda3sa2tma      -2696.078273635747   -2695.973364172883   0.0003518680625981981
1dma1eda1ma3sa1tma  -2696.0865756744897  -2695.982593651765   0.00034875741313079194
3dma1eda3sa         -2696.095727755025   -2695.9896482201716  0.00035579250328235054
1am2eda3sa1tma      -2712.1407733742985  -2712.036794778016   0.00034874592078597483
1dma2eda1ma3sa      -2712.154068924172   -2712.049097293569   0.00035207657421737953
1ma3sa3tma          -2719.284688216349   -2719.1759480390792  0.0003647163416725044
2dma3sa2tma         -2719.2903475335197  -2719.1819662963535  0.00036351245066637675
1am3eda3sa          -2728.210211234588   -2728.1086887586257  0.0003405080528668311
1eda1ma3sa2tma      -2735.3558500955733  -2735.249459698331   0.0003568351408420694
2dma1eda3sa1tma     -2735.3599100846554  -2735.2544137874397  0.0003538363146602167
2dma2eda3sa         -2751.416404202278   -2751.311380979913   0.00035224961383622
2eda1ma3sa1tma      -2751.418799259646   -2751.3122273420336  0.0003574439631486438
1dma3sa3tma         -2758.5566390488148  -2758.447372011906   0.0003664834375611061
3eda1ma3sa          -2767.4761253950874  -2767.3737317635428  0.0003434299230074128
1dma1eda3sa2tma     -2774.6340107198503  -2774.5262862949776  0.0003613094914391736
1dma2eda3sa1tma     -2790.6927602330493  -2790.585282720369   0.00036048134388818524
3sa4tma             -2797.8242848284713  -2797.7136871178204  0.00037094653916116307
1dma3eda3sa         -2806.7549542408583  -2806.6481598464347  0.00035819015402766073
1eda3sa3tma         -2813.8906163854067  -2813.7802397294536  0.0003702051180712108
2eda3sa2tma         -2829.958473102629   -2829.845536343128   0.0003787917474459369
3eda3sa1tma         -2846.0192861808882  -2845.911200476682   0.0003625212282615422
3am4sa              -2970.1673676686237  -2970.078124608077   0.0002993226917557999
2am1ma4sa           -3009.446442710361   -3009.3541232399193  0.0003096410211026995
4am4sa              -3026.7220982931613  -3026.6287120034076  0.00031321915060805304
1am2ma4sa           -3048.7152638927623  -3048.6182950390157  0.0003252351291183765
3am1ma4sa           -3065.9938134151294  -3065.896931243701   0.00032494439519766195
2am4sa1tma          -3087.9873757802156  -3087.8922835800577  0.00031894080213928726
1am1dma1ma4sa       -3087.987700154412   -3087.890310954074   0.0003266449784947971
3ma4sa              -3087.9919815525445  -3087.8920303909827  0.0003352378385445501
2am1eda4sa          -3104.0607932536495  -3103.9657937837706  0.0003186297832597123
3am1dma4sa          -3105.2694999449295  -3105.1720514056296  0.0003268440023470261
2am2ma4sa           -3105.269929792666   -3105.167503243416   0.00034354032953334157
1am1ma4sa1tma       -3127.256743194177   -3127.1570654359734  0.00033432083918627216
1am2dma4sa          -3127.26572956872    -3127.1641633755266  0.00034065468117890963
1dma2ma4sa          -3127.265801723265   -3127.1635030921334  0.0003431112900618393
1am1eda1ma4sa       -3143.323583937919   -3143.225568843309   0.00032874423816970917
1am3ma4sa           -3144.535245301733   -3144.431735340804   0.00034717411010869035
2am1dma1ma4sa       -3144.5386862198975  -3144.4362292425285  0.0003436423859433949
3am4sa1tma          -3144.5406100091195  -3144.439406449547   0.0003394384020543294
3am1eda4sa          -3160.5989118770417  -3160.4975968446315  0.00033981228378456073
2ma4sa1tma          -3166.5286566037958  -3166.427847050718   0.00033811689779536145
1am1dma4sa1tma      -3166.5301305716853  -3166.4303380992783  0.00033470559251114944
2dma1ma4sa          -3166.5414568205315  -3166.4369400961127  0.00035055081139902076
1am1dma1eda4sa      -3182.5966472072896  -3182.500328825857   0.0003230534342853858
1eda2ma4sa          -3182.6046837068116  -3182.502511741879   0.00034268644954677186
4ma4sa              -3183.8148224568854  -3183.7069573234617  0.000361781430231773
2am2dma4sa          -3183.815803229243   -3183.7104472615483  0.00035336564714029265
1am1dma2ma4sa       -3183.8159804611028  -3183.7088200071744  0.0003594179236237092
2am1ma4sa1tma       -3183.818323871277   -3183.713219074559   0.00035252321555506483
2am1eda1ma4sa       -3199.874763662231   -3199.772559901352   0.00034279309367487464
1am4sa2tma          -3205.803290120841   -3205.700962269827   0.00034320929402784957
1dma1ma4sa1tma      -3205.805579825499   -3205.7023061287855  0.00034638167604709964
3dma4sa             -3205.809621119047   -3205.7047895339583  0.0003516068592602042
1am1eda4sa1tma      -3221.865483465243   -3221.765883415064   0.00033406020519627936
1am2ma4sa1tma       -3223.0858926015544  -3222.9782498015084  0.0003610357204300424
1dma3ma4sa          -3223.0864670142205  -3222.9793445581117  0.00035929047831161434
2am1dma4sa1tma      -3223.0865321818833  -3222.981009354471   0.00035392529737425873
1am2dma1ma4sa       -3223.0899390114223  -3222.983597515927   0.00035667112357910916
1am2eda4sa          -3237.9377716557333  -3237.837941568752   0.0003348317524110706
1am1eda2ma4sa       -3239.14432158397    -3239.0374322149128  0.0003585087005098543
2am1dma1eda4sa      -3239.150892350652   -3239.0432472896487  0.0003610433037185451
1ma4sa2tma          -3245.0740882621276  -3244.968130443172   0.00035538426615948793
2dma4sa1tma         -3245.0793747399207  -3244.9734860422195  0.000355152432336015
1eda1ma4sa1tma      -3261.141701672104   -3261.035556440688   0.0003560128506313441
2dma1eda4sa         -3261.148525332198   -3261.0416058437722  0.00035860972136732505
1am1dma1ma4sa1tma   -3262.357765360741   -3262.246633404745   0.0003727384068283061
2am4sa2tma          -3262.3579743174714  -3262.2494585212676  0.0003639637638908901
3ma4sa1tma          -3262.3581108770218  -3262.246113132981   0.00037564227416050824
2dma2ma4sa          -3262.3642830655936  -3262.25186520234    0.0003770513609047924
2eda1ma4sa          -3277.2139096997353  -3277.1109957549147  0.0003451750622856115
2am1eda4sa1tma      -3278.419750851072   -3278.3131163387347  0.0003576539068825864
1eda3ma4sa          -3278.424087625751   -3278.3112423103557  0.00037848504241192246
1am1dma1eda1ma4sa   -3278.429435421414   -3278.321988518332   0.0003603786787927469
1dma4sa2tma         -3284.3525732544917  -3284.2447402474477  0.0003616736778273657
2am2eda4sa          -3294.4852906558344  -3294.3779430320697  0.00036004569433126666
1dma1eda4sa1tma     -3300.410130684569   -3300.303996635369   0.0003559753452966691
1am2dma4sa1tma      -3301.635469309524   -3301.521700067112   0.0003815839088118851
3dma1ma4sa          -3301.636540902353   -3301.525151896285   0.00037360055699384723
1dma2ma4sa1tma      -3301.642129645467   -3301.529920978276   0.00037634971387186375
1dma2eda4sa         -3316.4830993242667  -3316.373888206753   0.0003662958829913655
1am1eda1ma4sa1tma   -3317.6894240042016  -3317.5795338355715  0.00036857343159469994
1am2dma1eda4sa      -3317.693723939219   -3317.579089358155   0.00038448626887088635
1dma1eda2ma4sa      -3317.696497004867   -3317.584155624391   0.00037679483641117286
4sa3tma             -3323.6163975509194  -3323.5061002178345  0.00036993906786880195
1am2eda1ma4sa       -3333.755445455526   -3333.6469250664136  0.00036397916858127915
1eda4sa2tma         -3339.683057733143   -3339.5741617862036  0.0003652387957047132
1am1dma4sa2tma      -3340.8951009403654  -3340.7803970028335  0.0003847188916051032
2ma4sa2tma          -3340.9034313046036  -3340.786088380166   0.00039357009705813257
2dma1ma4sa1tma      -3340.9062593461845  -3340.7915912501094  0.0003845986787695481
4dma4sa             -3340.9089623321343  -3340.79531051775    0.00038119005327731095
2eda4sa1tma         -3355.757022156399   -3355.652192667468   0.00035159982871383526
2dma1eda1ma4sa      -3356.965737425078   -3356.8531103437144  0.00037775308188276347
1am1dma1eda4sa1tma  -3356.969788051377   -3356.8576948794057  0.0003759623410061671
1eda2ma4sa1tma      -3356.972072294787   -3356.8569719633406  0.0003860484033072079
3eda4sa             -3371.809525117102   -3371.704165261567   0.00035337868702031537
2eda2ma4sa          -3373.022503757123   -3372.909077849084   0.0003804323596809921
1am1dma2eda4sa      -3373.0264797160635  -3372.915447075602   0.0003724053008940618
1am4sa3tma          -3380.1676581190623  -3380.0523706890235  0.0003866759350619173
1dma1ma4sa2tma      -3380.1718524425014  -3380.0547492701794  0.00039276596452058677
3dma4sa1tma         -3380.179729784202   -3380.0627594448906  0.000392320440421786
1am1eda4sa2tma      -3396.2282853853935  -3396.1143815647033  0.00038203528656786755
3dma1eda4sa         -3396.2380425775264  -3396.12417528926    0.0003819127562167307
1am2eda4sa1tma      -3412.2946646992273  -3412.1825433235317  0.0003760569367616678
1dma2eda1ma4sa      -3412.2975644442176  -3412.181281731821   0.00039001412844845207
1ma4sa3tma          -3419.441177106327   -3419.322226401123   0.0003989626201710342
2dma4sa2tma         -3419.4466256559713  -3419.3289787532494  0.0003945896452185034
1am3eda4sa          -3428.371244740845   -3428.2606163409237  0.00037104947147900756
1eda1ma4sa2tma      -3435.503566045506   -3435.3849508618014  0.0003978372755472421
2dma1eda4sa1tma     -3435.509641641539   -3435.392779916014   0.0003919561479950096
2eda1ma4sa1tma      -3451.5735455592962  -3451.455388423236   0.000396300976221627
2dma2eda4sa         -3451.586896500166   -3451.47425115164    0.0003778143502455937
1dma4sa3tma         -3458.715619803415   -3458.5958300861853  0.00040177668029456977
3eda1ma4sa          -3467.633995211842   -3467.5199527985487  0.00038250012843644965
1dma1eda4sa2tma     -3474.7756035979305  -3474.654522153696   0.00040610915389812334
1dma2eda4sa1tma     -3490.8514342488834  -3490.732420386465   0.00039917445050545534
4sa4tma             -3497.9879266246458  -3497.866728228695   0.00040650141187568767
1eda4sa3tma         -3514.0446012117277  -3513.9224830975295  0.0004095861619928343
2eda4sa2tma         -3530.1212237546356  -3530.000139044941   0.0004061201063032689
3eda4sa1tma         -3546.1805342174544  -3546.0591343947335  0.0004071770005735228
4eda4sa             -3562.24988455142    -3562.128937839489   0.00040565725953781113
