#CLUSTER  dG_298.15K_[Eh] dH_298.15K_[Eh] dS_298.15K_[Eh/K]
4put                 18.779496615286916   -23.81574235414155   -142.86513154252313
4ma                  15.680852143792436   -14.820651202200679  -102.30254350520737
4dma                 14.430343373911455   -17.553505451243836  -107.27435460364816
4am                  14.203304654132808   -11.203709815017646  -85.21554408558615
3put                 14.089491398946848   -13.666259325749706  -93.09324408770689
1dma6w               13.953697538527194   -45.28629706229549   -198.69191548205742
1dma5w               11.109487220121082   -36.42710801537032   -159.43852166835217
3ma                  10.691817657847423   -8.915894526377087   -65.76458891279411
1dma4w               10.045168853946961   -28.74303454355686   -130.0962716669926
1sua5w               9.123304677719716    -42.521368749730755  -173.21708343966066
3am                  8.787033385771792    -7.211612751780194   -53.659722077936266
1sua6w               8.354428882419597    -54.20115263311891   -209.81244848421
1dma1sua4w           7.9907018123194575   -46.80642236722633   -183.79045507188363
2put                 7.270944059244357    -7.14184773148736    -48.34074053555538
2tma                 6.654452579736244    -1.8488766411028337  -28.52030595620252
1sua3w               6.5318480468704365   -24.65441466565244   -104.59923767417877
1dma1sua6w           6.454654554196168    -69.30568836681778   -254.10143525511666
1dma3w               6.258763022633502    -21.72846927974024   -93.86963710375079
1sua4w               6.116132884053513    -33.57214270334225   -133.11512858421958
2ma                  6.03271433840564     -2.8963068506272975  -29.948083813784535
2dma                 5.738159527536482    -4.062750352517469   -32.87241281254673
1eda1tma             5.68810212110111     -3.74084149421833    -31.6248318473599
1eda1ma              5.6572530161138275   -4.684763145756733   -34.687292174559595
1dma1eda             5.647310466025374    -5.2162312549044145  -36.43649747097375
2eda                 5.523162335128291    -6.741372330056038   -41.135450831028265
1dma1ma              5.501505734391685    -3.0767991515094764  -28.771775569164497
1dma1sua5w           5.47752321587177     -60.34091037494363   -220.75610796919096
1dma1tma             5.409282221662579    -4.070925143052591   -31.796771305384723
1am1ma               5.3052060311165405   -1.7163039640072384  -23.55025991991034
1ma2w                5.203048150637187    -12.50528756272979   -59.39404901351474
1sua2w               5.165462085918989    -15.295235553727252  -68.62551614858802
1am1dma              5.099646143993596    -2.46148468850879    -25.36015707702107
1ma1tma              5.070965875755064    -3.8350322722108103  -29.8708641553253
1am1eda              5.030278823032859    -4.027559819762246   -30.380139670512904
1dma2w               4.747143914137268    -12.989508454920724  -59.48902354205289
1dma1sua1w           4.505489529808983    -18.073606158359325  -75.7306580183373
1sua1w               4.261979669274297    -5.787403543057735   -33.705796452427414
1am1tma              4.057594301935751    -3.3172117403591983  -24.735220668288633
1homF1w              3.901963251933921    -7.408202725273441   -37.93448256645873
2am                  3.6836122904351214   -1.69396058395796    -18.036467799464134
1b2dma               2.9971693325205706   -19.67498931643786   -76.04279271846806
2am1b                2.8786941537400708   -14.968890003568958  -59.86109058323041
1am1homF             2.817964071116876    -6.432649067195598   -31.0267084966777
2am1nta              2.7694502439990174   -16.342778099759016  -64.10272796812748
1dma1w               2.559807037934661    -5.838654162522289   -28.168576892579985
1dma1sua3w           2.364960838574916    -40.49751640687464   -143.76145311233847
1dma1sua2w           2.2677597783040255   -30.188589516008506  -108.85912894272903
1dma1homF            2.2610847931937315   -9.532536354556214   -39.555999153637956
2nta                 2.1237137496937066   -8.777036997082178   -36.56129715509584
1ma1w                2.036327530811832    -5.509638779629313   -25.309295020889977
1am1b                1.6519370016176254   -8.36985535104759    -33.61325625552929
1sa6w                1.5683754445635714   -59.27945904160151   -204.0846368823966
1am2nta              1.3898921789950691   -19.226795842288993  -69.14871045248543
2homF                1.3416276031639427   -16.242405306198634  -58.97713536459881
1b1dma               0.9982386521878652   -10.924366295424988  -39.98861293826279
1sa5w                0.7633639738778584   -49.4159830849967    -168.3023547169823
1oa1sa5w             0.3188970826449804   -65.26779757690383   -219.9788517842357
1w                   0.0                  0.0                  0.0
1triAABmda           0.0                  0.0                  0.0
1tma                 0.0                  0.0                  0.0
1teAABBmda           0.0                  0.0                  0.0
1sua                 0.0                  0.0                  0.0
1sa                  0.0                  0.0                  0.0
1put                 0.0                  0.0                  0.0
1pha                 0.0                  0.0                  0.0
1pda                 0.0                  0.0                  0.0
1pa                  0.0                  0.0                  0.0
1oa                  0.0                  0.0                  0.0
1nta                 0.0                  0.0                  0.0
1msa                 0.0                  0.0                  0.0
1mea                 0.0                  0.0                  0.0
1mda                 0.0                  0.0                  0.0
1mbtca               0.0                  0.0                  0.0
1ma                  0.0                  0.0                  0.0
1homF                0.0                  0.0                  0.0
1fa                  0.0                  0.0                  0.0
1eda                 0.0                  0.0                  0.0
1dma1p               0.0                  0.0                  0.0
1dma                 0.0                  0.0                  0.0
1diABmda             0.0                  0.0                  0.0
1diAAmda             0.0                  0.0                  0.0
1ca                  0.0                  0.0                  0.0
1bda                 0.0                  0.0                  0.0
1b                   0.0                  0.0                  0.0
1am1p                0.0                  0.0                  0.0
1am                  0.0                  0.0                  0.0
1pha1w               -0.4917657285113819  -10.577700050824205  -33.82838947572265
1msa1nta             -0.7793372228334192  -12.568966501450632  -39.542610359272174
2ma1nta              -0.9000814800092485  -23.23459810699569   -74.91033582749104
1am1ma1nta           -1.0129748722247314  -21.546902451111237  -68.87113056831356
1nta1sa              -1.0204581166035496  -12.128739190287888  -37.25735728251473
1am1b1w              -1.1225608828826807  -21.539249699315405  -68.47790983223302
1ma1nta1tma          -1.1737601525965147  -23.575786791188875  -75.13676551609043
1oa1sa4w             -1.337204176292289   -56.64951300248504   -185.51839284203515
1oa1sa3w             -1.4283716010977514  -44.19930838450091   -143.45442489833772
1oa1sa6w             -1.667762242781464   -76.90403882641112   -252.34370814589823
1oa1sa               -1.669228416401893   -12.768531713809352  -37.227245673604386
1sa1w                -1.676502189366147   -10.846983198818634  -30.757944019560973
2pa                  -1.6795933607500046  -19.22715806728229   -58.85482041333759
1nta2tma             -1.7852771180623677  -23.362597728148103  -72.37068794296873
1am1nta1tma          -1.9031854723580182  -21.974442500708392  -67.31932593775332
1sa2w                -1.9749406017945148  -21.09874298775685   -64.14154749604623
1b1dma1w             -2.19264811987523    -23.407675439448212  -71.15555029168561
1am1pha              -2.5246121690724976  -12.193572574527934  -32.42985210600942
1oa1sa1w             -2.5452762683853507  -23.76010485003644   -71.15488372138614
2am1msa              -2.5709376358427107  -23.19441570888739   -69.17148439714745
1sa3w                -2.6312723189475946  -31.630670537997503  -97.26445822197887
1am1b5w              -2.658172130060848   -62.768222911749035  -201.61009821024737
1sa4w                -2.7179423847119324  -42.0727073213784    -131.9965283802602
1am1eda1nta          -2.871310473215999   -24.287527831969783  -71.83034499021518
1oa1sa2w             -2.917941404564772   -34.494419690949144  -105.90802712125287
1am1nta              -2.981928812805563   -11.979016009281622  -30.176378321421097
1eda1ma1nta          -3.0580274745298084  -25.964174392836867  -76.8275932193909
1eda1nta1tma         -3.174744118587114   -26.31150075866026   -77.60106201596815
1homF1sa             -3.2592474176199175  -18.548396708560176  -51.28005799295212
1am1msa              -3.333885060856119   -13.260812664637342  -33.295078328885296
1b1w                 -3.566670569416601   -12.748496796630207  -30.795996065859576
1ma1nta              -3.615453643113142   -14.216576364298817  -35.5563398328461
1ma1msa              -3.7686729478882626  -15.412148929724935  -39.05240979994624
1ma2nta              -3.797629431122914   -26.75945073919138   -77.01432603755174
1am1b2w              -3.8547021750709973  -33.34485200661584   -98.91044719584346
1eda1nta             -4.038118189811939   -15.745879374677315  -39.268023427473736
1am1dma1nta          -4.224932123994222   -24.766387069277698  -68.8963774785821
1b1dma2w             -4.523318789084442   -36.53100599022582   -107.35430890915059
1dma1ma1nta          -4.528952566004591   -26.712533648125827  -74.40409552975208
1dma1nta1tma         -4.708836222824175   -27.026777360209962  -74.85474136245237
1dma1nta             -4.732612313266145   -15.468801672395784  -36.00935555638074
1am1b4w              -4.936389422218781   -54.94282394525362   -167.7224032297412
1nta1tma             -4.948547724925447   -15.723099867027486  -36.13802496071209
1am1dma1msa          -5.196010011131875   -26.5119090807857    -71.49387579979376
1am1b3w              -5.202979438647162   -46.0300703876419    -136.93473402323525
1pa1sa               -5.275488795188721   -17.680707905674353  -41.6073087713702
2msa                 -5.277017447864637   -18.929560961434618  -45.790855320362155
2dma1nta             -5.339270118245622   -27.498727848404087  -74.32318541061589
1am1msa1nta          -5.459223239595303   -27.806033687258605  -74.95156950409407
2am2nta              -5.495232756889891   -37.71584934962448   -108.06847758783232
2sa                  -5.508116935030557   -17.071923069655895  -38.785195823423464
1am1sa               -5.5705821985029615  -14.740485759859439  -30.75600724949028
1b2w                 -5.710945479746442   -25.39822804564028   -66.03146927999893
1b1dma5w             -5.733647831249982   -67.67063791854889   -207.73768266836402
1msa2tma             -5.856470059370622   -28.27103410573909   -75.17881618746439
1b1dma3w             -5.866174884024076   -48.663886423950316  -143.54422787237462
2homF1sa             -6.191387369821314   -38.29236484883586   -107.66720603356828
1homF1sa1w           -6.266590462240856   -32.304134117250214  -87.33034933788488
1dma1eda1nta         -6.411264869006118   -29.607457935169805  -77.80041276626791
3msa                 -6.443667168729007   -33.46783273620531   -90.63949544747982
1am1ma1msa           -6.625122950819787   -28.297097013914026  -72.68815717982471
4msa                 -6.82146613788791    -48.13427617843263   -138.56384383854297
2homF1sa1w           -6.944257265480701   -49.550885887336335  -142.903332622474
1eda1msa             -6.947692922782153   -20.3074501886731    -44.8088454329705
1dma1msa             -7.007392583123874   -18.95906479365658   -40.086105015795226
1ma1sa               -7.148916967504192   -17.578768878476694  -34.98189472057181
1mbtca1sa            -7.245771325309761   -21.15587677009171   -46.65472226930051
1ma1msa1tma          -7.275557560933521   -30.374661345296772  -77.47477371952571
2sa1w                -7.277997663593851   -29.39489927868999   -74.1804515011147
2ma1msa              -7.34450536739314    -31.10583195911022   -79.69587989897371
1eda2nta             -7.421730270201806   -31.46370576019399   -80.63718091587795
3am1sa               -7.437449103977997   -36.475611500267405  -97.39447390941723
1am1msa1tma          -7.546125969587592   -28.868763152888278  -71.51647554389969
4am1sa               -7.620564691314939   -46.91812169161858   -131.80465202221416
1b3w                 -7.68304073048057    -37.49073648324702   -99.97550143448542
1msa1sa              -7.724173037917353   -20.938638285093475  -44.321533615016506
1dma2nta             -7.763738563167863   -30.837693482637405  -77.39042401281006
1am1nta1sa           -7.928631049173418   -28.846718222484924  -70.15960816126584
1dma1p1sa            -8.001981535635423   -17.9662639645976    -33.42036702600305
2am1dma1sa           -8.008947453810833   -39.432441422424745  -105.3949152063381
1b4w                 -8.07333139347611    -49.315566250064876  -138.3271335121992
1homF2sa             -8.13238209974952    -36.84165685495827   -96.29137935642586
1eda1msa1tma         -8.225387088576099   -32.974091562238755  -83.00756154250625
1b1dma4w             -8.270515851443633   -61.08810508143506   -177.15106231735547
1b5w                 -8.36041432939237    -60.05604648333974   -173.3879998455095
2nta1tma             -8.574954737530788   -31.229459721333114  -75.9835820353214
1dma1sa6w            -8.769509280857164   -81.05743616336258   -242.4548947926338
1homF2sa1w           -8.896610314492136   -48.14345217360824   -131.63455260381446
2sa4w                -8.916722207446583   -63.88648710568668   -184.36949487888074
1am1eda1msa          -9.017019162536599   -31.751380066387355  -76.25142010364888
3sa                  -9.023333485703915   -33.74808598659001   -82.92722623099493
1pha1sa              -9.070299346931279   -21.351270819897763  -41.19058015282414
2sa2w                -9.105265389895067   -40.971329474909     -106.87930264912733
2sa3w                -9.440983887645416   -52.535216095042415  -144.53876306413412
2am1sa               -9.56439219135791    -27.59965608129278   -60.4905714905737
1dma1msa1tma         -9.847784228128148   -33.3763804754999    -78.91529849858404
1am1ma1sa            -9.89797454699874    -30.78533169243019   -70.05653914292978
2homF2sa1w           -9.975486367824487   -66.92261599485937   -191.00160867645906
2sa5w                -10.037228597910143  -74.70910070976242   -216.91052192421498
1eda1sa              -10.157631228445098  -22.408713258628268  -41.09033047194045
1ma1sa1w             -10.240736913634464  -31.014267270380515  -69.67476222272884
1bda1sa              -10.258261379785836  -22.514793409849517  -41.10860986093785
2msa1sa              -10.287306549202185  -36.64737836731365   -88.41211409847338
2ma1sa               -10.580284915340599  -32.542361279251054  -73.66116506437855
1pa2sa               -10.586081035202369  -36.61202079814393   -87.291429693453
1dma1eda1msa         -10.589027853799053  -35.67992130538914   -84.15526899799131
2pha                 -10.591260150191374  -23.476505094673485  -43.21732330760561
2pa1sa               -10.604001030151267  -41.32265950465808   -103.03088537418597
1sa1tma3w            -10.83475265125162   -53.53813837186317   -143.22785752303014
1ca1sa               -11.052948637341615  -26.091222293151077  -50.43861699090847
1am1ma2nta           -11.076780731673352  -44.638963323435746  -112.56811199684819
1ma1msa1nta          -11.173123734915862  -34.69278544996632   -78.88533193050054
1dma1sa              -11.2352122492739    -21.52498220227426   -34.5120575312164
1am1dma1p            -11.34694585345278   -19.915124800798367  -28.737813004541295
1am2nta1tma          -11.36732464566012   -44.73672318030731   -111.921511100117
2ma1sa1w             -11.401575822208542  -43.79325903781864   -108.64223785218417
2homF2sa             -11.422319775330834  -57.358964326558635  -154.07226077899531
1sa1tma2w            -11.467529730958631  -42.46816750167636   -103.97664856841817
3sa1w                -11.537490518298     -47.38422999197792   -120.23055332490779
4ma1sa               -11.5611206581234    -56.7109237992554    -151.43318175805217
2ca                  -11.573528274078853  -29.57615996536333   -60.38112255946962
1mbtca2sa            -11.65164048934821   -39.45399254967924   -93.24954573398314
2dma1msa             -11.870780096913222  -35.707069275842514  -79.94730564786552
3sa2w                -12.061773829394951  -59.00601656999788   -157.4517616653195
3ma1sa               -12.062722470087465  -45.41698026197264   -111.87072880058795
1msa2sa              -12.088267432409339  -38.1918201452354    -87.55174480266707
1sa1tma1w            -12.14741429008427   -32.50742004580388   -68.28779391461455
1am2msa              -12.159365082741715  -35.88096876896452   -79.56264862131489
1diAAmda1sa          -12.194138302409556  -24.08539772371296   -39.883479528404095
1dma1sa5w            -12.323169072915334  -74.30017583532026   -207.8718992537453
1sa1tma              -12.348603703052504  -22.933069765073014  -35.50047312459364
1mea1sa1w            -12.362125180021394  -34.84181227812951   -75.39723997307593
1dma1sa4w            -12.506579892768059  -64.81123556231614   -175.43067472651438
1am1eda1sa           -12.609294632566161  -34.030733594612684  -71.8478583328674
2dma1p               -12.699683794562588  -23.767703022327623  -37.12231838932486
2mbtca1sa            -12.734431916789617  -43.13339697470656   -101.95862840009735
2eda1msa             -12.747462298546452  -39.43395046098158   -89.50691988139677
1ma1sa3w             -12.800119292165618  -52.745766595879104  -133.9783575511905
1am1homF1sa          -12.875517944979947  -38.748144306242466  -86.77721402261453
1am1eda2nta          -13.173581115494017  -47.638273675518576  -115.59514526269147
1am1dma1sa           -13.197196425986476  -33.785242679703515  -69.05264549266947
1msa3sa              -13.25995909422636   -50.69954073452391   -125.57297212844837
1ma1sa1tma           -13.262165121821454  -35.839382669277256  -75.72435870296701
1eda1ma1sa           -13.26754636602709   -36.182306395377964  -76.85648173524066
2am1msa1nta          -13.27070586316404   -46.249457891623024  -110.61127629807162
1ma1sa2w             -13.288513024977874  -43.298628801858285  -100.65442152267889
1sa1teAABBmda        -13.348933498869883  -25.488905075733783  -40.71766418488643
1am1sa1tma           -13.44679747938062   -33.689621702971635  -67.89476512992036
1ma1nta1sa           -13.539204285654705  -35.523558155982755  -73.73588418768458
1sa1triAABmda        -13.559738996205851  -25.462095342751127  -39.92069879790141
1sa2tma2w            -13.658618010114878  -55.9028364312544    -141.6878028551297
1am1p1sa             -13.706429806596134  -20.274170278396923  -22.02830948069837
1dma1sa1w            -13.749110641889274  -34.41748057572113   -69.32205243643648
1diABmda1sa          -13.810046294413041  -25.769646661588922  -40.112696183012105
1pda1sa              -13.901049282343592  -26.475330798130017  -42.17434685826103
1dma1sa3w            -13.907224840077106  -55.24331049172906   -138.64191062123035
1am2dma1sa           -13.939644439786207  -47.34515513421502   -112.04263187785646
4sa                  -14.011792282108217  -50.34353956207633   -121.85727747708921
2ma1sa2w             -14.015078983095009  -55.970339309220435  -140.71863265550434
1dma1ma1sa           -14.031339924840722  -36.442833885666914  -75.16851907050739
1mda1sa              -14.062320155207999  -26.17988266289467   -40.642503799168026
4dma1sa              -14.122918211331125  -62.051573490316514  -160.75349749856525
2am1nta1sa           -14.125537088315468  -46.61591580964159   -108.97326420051824
1eda1msa1nta         -14.4180879163614    -40.8234724670765    -88.56409374805492
1dma1sa1tma          -14.565819902083604  -36.63893868247396   -74.03360315397471
2ca1sa               -14.567861268122215  -45.883845757634845  -105.03432664446265
1am2homF1sa          -14.620565693883691  -57.69399801950203   -144.4689999172915
3msa1sa              -14.63964799704263   -55.219452077464666  -136.1053298024814
2dma1sa              -14.657744841708336  -36.97158980171662   -74.84100271641381
1dma1sa2w            -14.659326299850363  -45.93637491532718   -104.9037350852166
1sa2tma1w            -14.90403657546267   -47.13484226020228   -108.10265196929913
1eda1sa1tma          -14.90682433519396   -38.522323769604554  -79.2067732148787
1dma1msa1nta         -15.045937453192892  -39.131432734953705  -80.78314701302092
2eda1sa              -15.05062324757455   -40.05827630351996   -83.87607934240745
1sa2tma              -15.096903775818646  -37.67419027001597   -75.72458995154656
1put1sa              -15.243404723354615  -28.90631026070332   -45.82560971768115
3dma1sa              -15.281979953520931  -50.06757470156299   -116.67145647520476
2nta2tma             -15.30934150016401   -49.815099024621304  -115.73287782792451
1am1dma2nta          -15.36007864808198   -48.61012921680231   -111.52121606134585
1pa3sa               -15.379629517672583  -57.03210372827016   -139.70308304878972
1msa1nta1tma         -15.558192822441924  -39.60449860416702   -80.65170478546882
4sa1w                -15.717711235862225  -61.856639166755485  -154.7507225575483
1ma2nta1tma          -15.892010505805956  -50.797148104495136  -117.07240516062168
3sa3w                -15.945740239927545  -73.1676207263954    -191.92312757474443
1ca2sa               -15.993195586954243  -45.11077099025715   -97.66082644114867
2msa2sa              -16.01898712757975   -55.96827803819906   -133.99057826755003
2ma2nta              -16.256169516476803  -51.02643812837778   -116.62005236237674
3sa5w                -16.51249591843225   -93.85965974500868   -259.4236586496265
3msa2sa              -16.759767729672603  -70.52544715616386   -180.3309724168762
1eda1nta1sa          -16.895247674488928  -39.797403927426785  -76.814208461956
2msa3sa              -16.99025418399833   -69.61445077415556   -176.50242022429225
1dma1p2sa            -17.033182358485647  -39.85396990424488   -76.54129647991871
1dma1nta1sa          -17.082905594317708  -40.04815485293511   -77.02582343970349
1am1msa1nta1tma      -17.10623797524022   -51.811385265755234  -116.40163438017872
1dma1eda1sa          -17.177096738829277  -41.183948467543814  -80.51937524406303
1pha2sa              -17.231279041268863  -43.35746616369579   -87.62766098310597
4sa2w                -17.41227827919647   -78.65020001176163   -205.392995916781
1ma2msa              -17.545971099869348  -43.01720890740398   -85.43095021829183
1mbtca3sa            -18.0393478567712    -59.63755325321108   -139.52106455204222
2put1sa              -18.058040832693223  -46.68582025927026   -96.01804268416979
4sa4w                -18.100073942681774  -99.68928201537346   -273.651544769162
1eda1ma2nta          -18.359710308199283  -53.44302434270503   -117.67001185535653
2am1dma1p            -18.36541053050314   -35.70332191202033   -58.151639716600926
1am1ma1msa1nta       -18.410201654449338  -52.492208591254894  -114.31161139417787
2am1p                -18.54506852266786   -25.701360852559446  -24.00232208583033
1nta1sa1tma          -18.578151759662433  -41.03418929313193   -75.31791894453352
2mea1sa2w            -18.66861304937629   -63.14832773167291   -149.1856940542895
2msa1tma             -18.87842045110301   -44.35472976908204   -85.4479601477467
5sa                  -19.109233420342207  -67.18767391657457   -161.25587957931808
1am2sa               -19.12737339991145   -41.71022640937008   -75.74326013561728
1eda2nta1tma         -19.197652452538023  -54.35644448341918   -117.92316629516642
1am2dma1p            -19.24386638319993   -38.34508619392      -64.06580516772438
3dma1p               -19.333780144705088  -41.136998158021015  -73.12835154546786
2pa2sa               -19.61116293456871   -62.61849493626505   -144.24729834494616
1msa1nta2tma         -19.677511417510686  -56.69070719520096   -124.14286693807423
1dma2nta1tma         -19.99330319117871   -54.37183284832281   -115.30615347025984
2eda2nta             -20.032903465267736  -56.680770288570784  -122.91754762195765
1am1ma1nta1sa        -20.19232023897348   -53.220556143671274  -110.77724603267339
1am1eda1msa1nta      -20.207039972912753  -55.54345859057503   -118.51892878579982
2am2msa              -20.33878503390588   -55.44962515030056   -117.76233478634971
4sa5w                -21.189398531336337  -112.11341947095934  -304.9606605377504
1am2homF2sa          -21.256659141159616  -77.811605356168     -189.68621906770284
1dma2msa             -21.321063504903577  -47.070761607261375  -86.36491062371705
3msa3sa              -21.825112049933523  -89.91010600095615   -228.35818866638795
1am1dma1msa1nta      -21.935930231848033  -56.599842606985476  -116.2633317965329
1dma1eda2nta         -22.07879739283817   -58.13058223272674   -120.9182788527104
1dma1homF1sa         -22.125877970305737  -50.39105106564239   -94.80185509068836
1am1eda1nta1sa       -22.255056909343693  -58.18386384216137   -120.5058089309388
1am1homF2sa          -22.25835372810252   -62.06911461602431   -133.52594629496508
1eda2msa             -22.592363648465835  -50.928606247063726  -95.04022337374361
1am1nta1sa1tma       -22.702320937620243  -57.49772281732294   -116.70434975594173
1ma1msa1nta1tma      -22.81996276177233   -57.80589542639791   -117.34339313982991
1am2msa1tma          -22.91851775595569   -58.7086609818798    -120.04072857892861
1mbtca4sa            -23.202824922278523  -79.03705031657591   -187.26890958736868
2ma1msa1nta          -23.296212641900638  -58.81880189065123   -119.14334814344882
1am1dma1nta1sa       -23.5256129145273    -57.73609383753501   -114.74251525544908
2sa1tma3w            -23.73254536560853   -79.71098398781032   -187.75260312643152
4put1sa              -23.821950118115637  -82.46316842368105   -196.68360994698313
1eda1msa1nta1tma     -23.9742840534891    -60.74336643758579   -123.32410660386319
1ma2sa               -24.133714033756405  -47.87266354530584   -79.62082680359725
2eda1nta             -24.203619477746543  -47.5352308206202    -78.25460789151455
2ca2sa               -24.361779158120044  -69.61246544390451   -151.7715454833301
3put1sa              -24.385091537376866  -68.66432917426573   -148.5132907488263
1am1p2sa             -24.54856026615016   -44.7159334680764    -67.64170116329898
1eda1ma1msa1nta      -25.038424836151535  -61.823983362468425  -123.3793678563801
2sa1tma2w            -25.058189430303173  -70.79120588162914   -153.38928878441726
1am1dma1p1sa         -25.196061796392314  -45.71059122728184   -68.80606886112086
1ma2sa3w             -25.324862958397716  -80.53332235338166   -185.17008014409984
2msa2tma             -25.33576326275943   -63.67332534241723   -128.58481328006602
2sa1tma1w            -25.34034743756638   -59.631486229089205  -115.01304307013447
1pa4sa               -25.386819215724245  -79.8827991457656    -182.78041230801443
2am1b1sa2w           -25.402950974937994  -77.40602750962717   -174.41917335109832
1dma1msa1nta1tma     -25.595703683269676  -62.28667675863835   -123.06212669962734
2am1b1sa1w           -25.635887456475757  -68.02533483527077   -142.17490316479257
2am1b1sa4w           -25.648217780108098  -100.03514079609886  -249.49496232138242
1ma2sa2w             -25.72412557678763   -69.18849298657733   -145.78020261551967
1dma2homF1sa         -25.79278855776647   -70.87057783390628   -151.19164606921737
1am1ma2msa           -25.950247467611916  -61.289577428251505  -118.52869347919508
1mea2sa1w            -26.031944166403264  -59.36588583262346   -111.80258818111858
2am2sa               -26.102262146188878  -58.32620247383602   -108.079625448884
1am3sa               -26.12300827493891   -61.02735207113437   -117.06974273294334
2am2msa1nta          -26.24467711741454   -73.50857158639701   -158.52387881727105
1ma2sa1w             -26.284954080940224  -59.37762657557323   -110.99336741436733
1nta1sa2tma          -26.663055706419982  -62.36064316122793   -119.73029500128591
1dma1ma1msa1nta      -26.857187735062325  -63.08749395835912   -121.51704250640316
1dma2sa5w            -27.03442814562004   -103.18049038969912  -255.39514420229227
1am1eda2msa          -27.07542340119835   -63.68461180187296   -122.78781955741086
3am1p                -27.123243775386072  -43.093550975914695  -53.56467281758117
2eda1msa1nta         -27.17775295037427   -66.88354243914364   -133.17387049835932
1eda1ma1nta1sa       -27.248156168323476  -64.38172169285826   -124.54658904726111
1dma2sa2w            -27.38134735089261   -71.72680134311668   -148.73538149370188
1ma1nta1sa1tma       -27.3945958657132    -63.154309213132365  -119.93866626719891
1dma3msa             -27.40555611322634   -66.98061283561401   -132.73539065076454
2sa1tma              -27.46535144446534   -51.36976660930668   -80.17580132399601
1eda2sa              -27.621321647777222  -52.2571083875373    -82.62883360586176
1dma1msa1sa          -27.901754027581774  -53.11344988626661   -84.56044225606138
1ma2msa1tma          -27.93208155108732   -64.6995980446518    -123.31885458132362
2am1b1sa             -27.963887483347207  -62.19660495460266   -114.81709700262041
1am1dma2msa          -28.6662955613574    -64.23447377490811   -119.29625428070798
1dma2sa4w            -28.762370153446682  -95.06012669723714   -222.3637650287091
3am2sa               -28.890956282732077  -72.19758522254415   -145.25114519462568
1dma1ma1nta1sa       -28.92380237177713   -64.94566122442484   -120.81790659930368
2eda1nta1sa          -28.937973677704576  -67.20376645040233   -128.3440978458912
1dma2sa              -29.04792288749013   -52.88375129480846   -79.94576021209014
1dma1eda1msa1nta     -29.20785260599223   -66.168874989904     -123.96787651756311
1dma2sa1w            -29.292962860199623  -63.651173882812145  -115.23800443490637
1eda2msa1tma         -29.353443084546598  -67.22006018695538   -127.00525608806808
2am1msa1nta1sa       -29.472805767611135  -75.81162312766537   -155.421154989502
1b2dma1sa2w          -29.54938172287075   -86.54230236963485   -191.15519250977098
2ma2msa              -29.56618083245121   -64.76462215289939   -118.05615066392373
1eda1nta1sa1tma      -29.67990212884615   -66.86117729681428   -124.70660797508519
1dma2sa3w            -29.68227185809519   -85.05039281537756   -185.7055876478753
2am1b1sa3w           -29.7219165226561    -95.27367999270791   -219.8616920013577
1am1b1sa             -29.982788725057617  -54.27634365501581   -81.4809824918226
4am2sa               -30.088210090994835  -83.53352402243763   -179.25646128197326
1b1sa4w              -30.401694294123445  -84.9958968530409    -183.10985262075405
1am1b1sa1w           -30.403628196683712  -63.95738919496944   -112.53986583383801
1dma2msa1tma         -30.476202456309693  -67.92048310211976   -125.58873267029445
1b1sa3w              -30.610940910701174  -76.37294116389239   -153.4865009335448
3am1dma2sa           -30.75080177455675   -86.8013173979707    -187.9943505724334
2dma1msa1nta         -30.778753577993484  -66.25020213337848   -118.97182141760112
2am1nta2sa           -30.952724380767904  -76.04510308417957   -151.24057924989228
1am1ma2msa1nta       -31.041621110605774  -79.45781915303087   -162.38872394024906
1b1sa5w              -31.045235332625452  -96.88417962723179   -220.82490120654828
1am1b1sa3w           -31.13154037698405   -84.80196211935254   -180.01147657923553
1am2msa1nta1tma      -31.168746209237725  -80.41997830345645   -165.1894418721728
1am1b1sa2w           -31.28189277491765   -75.94453968518064   -149.79925175337584
2am1b1sa5w           -31.300807546183933  -117.57024878141237  -289.3491237134019
1am4sa               -31.339739318937063  -80.68416883167811   -165.50202754430143
1b1sa2w              -31.533320512913633  -65.93765744034317   -115.39271147874234
2msa1nta2tma         -31.625193068903172  -82.56165757623967   -170.84173908112308
1am2sa1tma           -31.853004686912755  -66.78608776631881   -117.16613476192761
1am1ma2sa            -31.999621989787556  -64.52470868313685   -109.08967530854156
1eda1ma2msa          -32.029226835933514  -69.74745048535988   -126.50754200725302
1dma2homF2sa         -32.06077375134919   -90.72734469175339   -196.76864309886673
1b1sa                -32.093066370580345  -46.06951510341605   -46.87723874788483
1dma1eda1nta1sa      -32.15328136907192   -69.56597750401124   -125.48279770353744
1dma1ma2nta          -32.32387739769183   -64.30856488732388   -107.2771674985064
1b1sa1w              -32.399808760150336  -55.20035504664702   -76.47340696503494
2dma1nta1sa          -32.52413173537934   -68.8385643158108    -121.7992036907638
2am1dma1p1sa         -32.598846032167785  -62.7122211829992    -101.00075515936918
2sa2tma3w            -32.60557172325207   -100.70689226890681  -228.41294833386624
1dma1ma2msa          -32.714878730941564  -70.19133214605972   -125.69664066795508
1put2sa              -32.890909738023765  -61.42708970454987   -95.71081659097749
1am1b1sa5w           -32.912280528398696  -108.79082841629861  -254.49789665487026
2am1dma2sa           -33.04746936506126   -80.43418795696925   -158.93583294256518
3sa1tma              -33.09916502624401   -70.79888417900656   -126.44547762307803
1b2dma1sa1w          -33.179046007979196  -80.94900687858171   -160.22123384402119
1am1eda2sa           -33.31892650038935   -68.79500801803079   -118.9873604473605
2am1p1sa             -33.51983005926013   -51.19376529153669   -59.27866923429271
1ma2msa1nta1tma      -33.75414349534549   -83.5624338859634    -167.05782455361083
2dma2nta             -33.80630417627981   -68.02939338894794   -114.78480366453408
1ma3sa               -33.8928534204606    -70.89719626214355   -124.1131740465151
1dma2msa1sa          -34.04317554685986   -72.9907450149185    -130.6307880862944
2eda2msa             -34.21022652648389   -75.26560141891241   -137.70040212222074
1am1msa1nta1sa1tma   -34.2195750567771    -81.52381421017344   -158.65919555014256
1am1dma2msa1nta      -34.22244434556342   -83.68495168996742   -165.8980625333332
1am1dma2sa           -34.36470946168993   -68.5368435671553    -114.61389939731228
1am1b1sa4w           -34.4072033954435    -100.23382690292783  -220.7835770830244
1am1eda2msa1nta      -34.43857787558227   -84.01981806900585   -166.29629445924192
1am1ma1msa1nta1sa    -34.77999002003344   -82.48847536148969   -160.01504390967207
1am5sa               -35.10915210423991   -97.41382582252845   -208.97089960684497
1dma1eda2msa         -35.21404093306046   -73.82597727363463   -129.5050690607252
2dma1p1sa            -35.25243143300759   -57.304863665252924  -73.96422013164585
1dma1homF2sa         -35.44177538133226   -77.20166598481592   -140.06335939407666
1b2dma1sa            -35.680119626398664  -73.2447419075761    -125.99236049366459
1am1ma1nta2sa        -35.848797566141     -82.19114295591135   -155.43298805925892
2sa2tma1w            -35.88047554640798   -83.02486991776095   -158.1230735241573
2sa2tma2w            -35.89063072198769   -90.86277592953411   -184.3774784757855
1b1dma1sa2w          -36.13067862560274   -81.38287361947005   -151.77660571553469
2ma2sa               -36.21895887365099   -70.11868150811642   -113.70022684667317
1am1eda1msa1nta1sa   -36.34983764268691   -85.13120347820222   -163.61350271824182
2dma2msa             -36.38117603457067   -72.62906609359197   -121.57601898029458
1b1dma1sa1w          -36.39285351289436   -72.23705076087208   -120.22202665781177
1dma3msa1sa          -36.41546722716885   -88.9517072897288    -176.20741258737297
3ma2sa               -36.54704694019165   -82.88430742442142   -155.4159332030617
1dma3sa1w            -36.67896154662594   -84.30489458113152   -159.7381621140218
1dma3sa3w            -37.199055006029084  -106.62485861498863  -232.85528629629118
1dma3sa5w            -37.271554281702265  -127.97469653992448  -304.2198298126998
1dma3sa2w            -37.473712204257026  -96.88311601881287   -199.2601167687589
1b2dma1sa3w          -37.51432772766566   -106.68113698175875  -231.98661497304826
1b1dma1sa5w          -37.66591415187577   -115.12990807561437  -259.8155087173729
1ma2sa1tma           -37.79335213187733   -73.63791647963808   -120.22325791553064
2ma2sa1w             -37.852568417438306  -83.53940427051566   -153.23439829952403
1ma4sa               -38.01612054207362   -88.39889621082693   -168.98465761758473
1am1dma1p2sa         -38.13590433169156   -71.10268412216101   -110.57112121514838
1eda1ma2msa1nta      -38.14261340603116   -89.46545182069531   -172.1376435185884
1dma1msa2sa          -38.18038627540227   -77.0948783372296    -130.51984592196825
1b1dma1sa4w          -38.253460616630036  -105.73914102802519  -226.3480812064791
1dma3sa4w            -38.31121745612472   -117.81053214141866  -266.642008001329
1b1dma1sa3w          -38.349091619078536  -95.54687423695577   -191.84230292799572
2am3sa               -38.54778000363149   -84.39547262224369   -153.7739145362601
1b1dma1sa            -38.74088189419126   -64.31140406586928   -85.76395160722441
1dma2msa1nta1tma     -38.776053122011945  -89.1181393150182    -168.84818444780416
1dma3sa              -38.815548829501495  -76.26108073419891   -125.59292941494182
1msa1nta1sa2tma      -39.11618913488928   -89.06258889660239   -167.5210456542442
2ma2sa4w             -39.16038620995823   -115.33387539704563  -255.487134620448
1am1nta2sa1tma       -39.179495550954016  -86.33913386115455   -158.17420194653994
1eda1ma2sa           -39.21481779869646   -75.9575734930113    -123.23580645423431
2dma2sa3w            -39.2181480077561    -106.52875859395135  -225.7608941350267
2mea2sa              -39.291351269814186  -77.72621994267683   -128.911181193048
1am1eda1nta2sa       -39.33233204798307   -86.81176149251405   -159.24678666622194
1am1dma1msa1nta1sa   -39.41134612640599   -87.161204797565     -160.15381073755512
2ma2sa3w             -39.43713884637691   -105.81326009589247  -222.6266015414103
2dma2sa5w            -39.674295245320536  -127.15313641354442  -293.40547096441594
1eda3sa              -39.6772216882091    -78.39081594953313   -129.84603139807425
2ma1msa1nta1sa       -39.67774150922196   -88.25654293096159   -162.93409834670564
2am2dma2sa           -39.93189778900705   -96.61873098334763   -190.1285701639496
2mea2sa1w            -40.21136293176096   -88.79103331551596   -162.93701285703318
1dma1ma2sa           -40.24268786981702   -76.2333594824886    -120.71330408484926
1b2dma1sa4w          -40.301912393129896  -120.00004976277705  -267.3088625508146
4ma2sa               -40.485905103501864  -98.63719912036322   -195.04039583031428
2ma2sa2w             -40.511735283071175  -96.35733033841825   -187.30704361925862
2eda2msa1nta         -40.73883451681468   -94.34316572413081   -179.78980783850108
1ma1msa1nta1sa1tma   -41.02487286363612   -90.97438667967799   -167.5314902429263
2dma2msa1nta         -41.07181019496056   -91.2589754628134    -168.32857711848908
1dma2msa2sa          -41.08062160969712   -93.56629383203108   -176.03780721932242
2dma3msa             -41.11700439848937   -92.46127734729089   -172.2095352973251
2sa2tma              -41.1190965140122    -77.48302260803757   -121.96520574804822
2dma2sa4w            -41.177981875953265  -120.18591130390996  -264.99389377122606
1am2dma1p1sa         -41.275415158539545  -73.34785844699945   -107.5715018892879
3am1p1sa             -41.29481125698658   -69.11124214401934   -93.29676634948073
2dma1msa1sa          -41.30307534511667   -78.92478100158041   -126.18381907250973
2eda2sa              -41.34522131946869   -79.50439385359641   -127.98649181378318
2ma1nta2sa           -41.36280969053041   -89.13715584401507   -160.2359421559218
2dma2sa1w            -41.38431192049757   -88.14473353447102   -156.8352225860721
1dma1eda2msa1nta     -41.45280188656761   -94.17861486721085   -176.8432432677289
1am1dma1nta2sa       -41.51256954448763   -87.91848977433983   -155.6462191166055
1eda1ma1msa1nta1sa   -41.83508855412947   -92.29925802664366   -169.2576537731896
1dma2sa1tma          -41.83638571345364   -77.95660787404631   -121.14781875155292
2dma2sa2w            -41.87745720660314   -98.54090114423889   -190.05012221228748
2ma1nta1sa           -41.96410092205042   -76.99622583133169   -117.49832268772775
1eda2sa1tma          -42.29275144546409   -79.15022110581049   -123.62055898172062
1dma1msa3sa          -42.358726943377405  -94.45203327503987   -174.72180557423988
1b2sa4w              -42.71675571089145   -111.3317899001413   -230.13595233531552
1dma1nta1sa1tma      -42.87616702049854   -79.40747123511392   -122.52659471550413
1dma1eda2sa          -43.018051297054626  -80.45816045743413   -125.57474144063885
1dma4sa              -43.067958500701934  -93.80968607706018   -170.1885882141429
3dma1msa1sa          -43.24075383332092   -93.26340342842741   -167.77678884904594
2dma2sa              -43.53346246678848   -80.38351743051317   -123.59568996786683
1nta2sa2tma          -43.66469987336313   -93.18479920941172   -166.0912270203998
1dma1ma1msa1nta1sa   -44.24236687697703   -93.06266388844233   -163.7440785223945
1dma1msa1nta1sa1tma  -44.29063583837706   -94.65249874696019   -168.91451587597118
1b2dma1sa5w          -44.34321800543694   -135.51611925062025  -305.7954091729161
1ma1nta2sa1tma       -44.74750757802394   -93.61340085361735   -163.89700914232304
1b2sa5w              -45.14458073407877   -125.79092515492812  -270.4891645838575
2am1p2sa             -45.514537271810696  -76.47032846335787   -103.82623240431407
1dma1nta2sa1tma      -45.68450292016496   -95.5670504445734    -167.30688420077766
1am2dma2sa           -45.78030868724454   -92.15290413598996   -155.5344472525128
2eda1nta2sa          -45.908414698322304  -95.37030495062936   -165.89599279740065
1dma1ma1nta2sa       -46.291139706387185  -93.49076040822547   -158.30830354495941
1eda1nta2sa1tma      -46.40629885534872   -96.19199688910157   -166.98204941726226
2am2dma1p1sa         -46.411616857454646  -88.73498981737066   -141.95328847859582
2put2sa              -46.47135207802057   -89.43535469670314   -144.10197088434603
1dma5sa              -46.89767523948103   -111.21695847669616  -215.7279330468416
2eda1msa1nta1sa      -46.91980539314682   -100.91337940422818  -181.0953346010086
2am4sa               -47.22574214939959   -107.80733919027261  -203.19167211375319
1eda1msa1nta1sa1tma  -47.227083333506016  -99.82929333180073   -176.42867683505088
1put3sa              -47.32303485949524   -89.12061387952417   -140.18976696389612
2dma1msa1nta1sa      -47.446680289518554  -96.97432779264636   -166.11654369755226
4put2sa              -47.51706112397369   -121.16781335580163  -247.0258334125594
1am1dma3sa           -47.626174172153696  -95.80086347833276   -161.57869966867247
1b2sa                -47.64550517091993   -73.77742429077625   -87.64688619708731
1b2sa3w              -47.712603499530815  -105.52705505397171  -193.9106206750881
1dma1eda1nta2sa      -48.08859202743042   -97.26926402992103   -164.952782164226
3dma1p1sa            -48.10254938795697   -83.28601240954595   -118.00591320303133
1b2sa1w              -48.1989298510598    -85.41818377182062   -124.83398933886943
3dma2sa              -49.134872665046714  -98.46724164544139   -165.4615763206445
2dma1p2sa            -49.14202786749229   -84.12277222715784   -117.32599147958221
2dma1nta2sa          -49.54569842398632   -97.86750207992736   -162.07212361512944
1am1b2sa4w           -49.57783022185322   -128.50991822738433  -264.7395203940921
2ma3sa               -49.928714531008154  -98.83732987032272   -164.0402996480156
2am5sa               -49.96084558079019   -123.04228442767635  -245.11634696106023
3am3sa               -50.04312463430688   -106.65384231484495  -189.87327748054034
2dma2msa1sa          -50.163504058204126  -100.86949386511697  -170.06872315101327
1am3dma2sa           -50.29391733335797   -109.8912656569155   -199.8904857388181
1b2sa2w              -50.806098405388184  -98.54857791712857   -160.12906091491328
4dma2sa              -51.2790262066992    -112.41994848730974  -205.06765816007214
1b1dma2sa5w          -51.35133149882313   -143.1688637949992   -307.9575123124024
1eda4sa              -51.53077664831653   -106.56992221064866  -184.60219876668017
1am1b2sa5w           -51.66582035936881   -142.05851335125044  -303.178577868793
1b1dma2sa3w          -52.18600156682078   -123.60217209928669  -239.53100966820904
1am1b2sa             -52.37275255320128   -90.07078895578161   -126.43983364990062
2dma3sa3w            -52.54044105554931   -135.50930633139797  -278.2789377045395
1b3sa5w              -53.079044642392546  -147.610851306119    -317.06123314768683
1b1dma2sa4w          -53.17908188921865   -134.51381266565295  -272.7980237331133
3put2sa              -53.48542180855293   -111.44393766322173  -194.39381470491392
4am3sa               -53.537760127102956  -122.82423354918137  -232.38797055937164
2am1b2sa1w           -53.68491882260423   -113.39194356572989  -200.2583422531981
2dma3sa2w            -53.70244115754031   -125.53258663005545  -240.9194884202069
2am1p3sa             -53.71460437239148   -98.2209642000962    -149.2750623091393
2dma1msa2sa          -54.04888566408772   -103.76888420118485  -166.76169222502512
1am1b2sa3w           -54.14540436968673   -122.49061272479594  -229.23095205182204
2dma3sa1w            -54.52456496353261   -114.7973094900808   -202.15577570523283
1am1b2sa1w           -55.53352288843598   -103.37618157330144  -160.46506350697305
2dma3sa4w            -55.62911767954938   -149.07394635136006  -313.41549110142495
1b3sa4w              -55.63048967625946   -138.98909765080316  -279.58614111754565
2dma3msa1sa          -55.90946000610711   -121.88318090391112  -221.27694415018348
1am1b2sa2w           -55.9350833898643    -113.82519772890373  -194.16439489684913
2dma3sa5w            -55.941357529954985  -158.9224080858985   -345.40013602683405
1am1dma4sa           -56.0256828549318    -117.55384111404419  -206.3664539965452
2am1dma1p2sa         -56.241742524085566  -100.81730665348005  -149.50717467405136
2am1b2sa4w           -56.347577461157925  -146.88884944753954  -303.67691425717135
2am1b2sa             -56.654959956766106  -103.55204001860693  -157.29357726490576
1b1dma2sa1w          -57.24787573853973   -105.06621914291463  -160.3835096589639
2am1b2sa2w           -57.33683034137357   -124.89736536689452  -226.59914481028198
2dma3sa              -57.77874602540396   -107.55001150374301  -166.93364238839774
3am1dma1p2sa         -57.90703239303548   -113.00301809667144  -184.79284153369994
2am1b2sa3w           -57.90752792416606   -136.37853420502506  -263.19304471313933
1b3sa                -58.023081415332854  -97.14514327375218   -131.2160384327811
1eda1ma1nta2sa       -58.181616392103024  -108.7353373762453   -169.5580110151788
1b3sa1w              -58.464192104525864  -110.8510607326607   -175.70641834061237
2am1dma3sa           -58.47671224665828   -117.74350812193006  -198.7818073964806
2ma4sa               -58.776341021526605  -121.68617910239846  -211.00063082665127
1b1dma2sa2w          -59.20755653374363   -119.02402334366343  -200.62541274563577
1b3sa3w              -59.56357634277083   -131.65585468313657  -241.7986863677456
3am4sa               -59.8471265246626    -131.40743982139975  -240.0144668673226
1b1dma2sa            -59.85548652277794   -98.61207806703169   -129.99024499052558
3am1dma3sa           -60.35682412865572   -131.53317285864614  -238.72664339993537
2am1b2sa5w           -60.5401411842322    -160.5518698594533   -335.4409816362229
1b3sa2w              -61.39786795596592   -123.98380978949717  -209.9142774895945
2dma2msa2sa          -61.59069038857706   -126.44618507020641  -217.52639503965136
1dma1eda1msa1nta1sa  -61.617678392038215  -111.46769834193401  -167.19778618156664
1am2dma3sa           -62.45884976605885   -123.75845569907688  -205.5998857395833
1put4sa              -62.544958216138184  -117.06981691974215  -182.87727219069112
1b4sa                -62.97565174777992   -115.56011765520088  -176.3691628624788
2mea4sa              -63.172465505078435  -130.1986162182875   -224.80681104320735
3ma3sa               -63.640300907194614  -125.09569850284606  -206.12241353688296
1b2dma2sa4w          -63.85066254728008   -158.20347219874384  -316.4608742282876
1b2dma2sa3w          -64.16275242506526   -147.51568101148587  -279.5670923570183
3am1p2sa             -64.3656519743381    -105.77249603846576  -138.879235498521
1b1dma3sa3w          -64.53468994912691   -147.33052990539     -277.6986079366924
2am1dma1p3sa         -65.07872112817131   -122.57076481473632  -192.82925939006364
2dma1msa3sa          -65.45011530187912   -129.22984877810813  -213.9182742776626
2dma4sa              -65.69334056484513   -130.39983104425482  -217.02663249723264
2put3sa              -66.00058960658498   -124.41534308716655  -195.9240432020611
3dma2msa1sa          -66.02847208682215   -129.65223176422296  -213.3951355942428
1b2dma2sa5w          -66.20679565577302   -170.2670413556043   -349.01977427396605
2am2dma1p2sa         -66.71539519750513   -124.21156273898669  -192.84309086456705
1am1b3sa3w           -66.73155097127892   -148.9291855476331   -275.6922172620398
1b2dma2sa1w          -67.05057330359705   -128.95941554340243  -207.64327432515924
1am1b3sa             -67.47231733286753   -116.85318779665977  -165.62425109337187
1am2dma1p2sa         -68.10863415780477   -113.63134383084252  -152.68391639320706
3mea3sa              -69.0164299660828    -136.91474020900205  -227.73204844164644
2ma2msa1nta          -69.06099146787892   -119.52800173516152  -169.26718184555955
1b1dma3sa2w          -69.26665898226202   -142.9463716117607   -247.12296706300629
1b2dma2sa            -69.40307773184031   -121.29649327916559  -174.05136859811148
2am1dma4sa           -69.4566976011265    -143.47770179319195  -248.26766457126206
3dma3sa3w            -69.49216542532668   -164.39275279268622  -318.2981296894602
2am2dma3sa           -69.74083021678962   -142.62054135394283  -244.43974890963472
1b2dma2sa2w          -69.88904763525352   -142.02035889818217  -241.92960343180278
1b1dma3sa5w          -69.92843699641526   -177.44087977462914  -360.59850001189
1am1b3sa2w           -70.91502273571678   -142.74614615863538  -240.9227684827993
1b1dma3sa4w          -71.01480762893334   -166.50537921016803  -320.27694644132396
4am1p2sa             -71.08035772561561   -122.29103838221636  -171.761464552217
1b1dma3sa            -71.1225608100649    -123.65597657416947  -176.1979398428992
3dma3sa1w            -71.34795463155024   -144.29474405494693  -244.66473058456904
1am1b3sa1w           -71.38276529405266   -131.8351887640747   -202.75842183353365
1eda2msa1nta1tma     -71.44466405711137   -124.97747615151457  -179.54993155979525
3dma1msa2sa          -71.71474051766563   -135.7659734474728   -214.82888790874114
4ma3sa               -71.80605193623342   -146.28130263113417  -249.79121480781316
3am1p3sa             -72.36320353555493   -126.67634285637178  -182.16716190285896
4am4sa               -72.70961185405031   -154.68749446002766  -274.9551655390493
3dma3sa4w            -72.81084165535867   -177.72382486372953  -351.8798698915368
3am5sa               -73.11722874827683   -157.46288097510114  -282.89670376609524
3dma3sa              -73.21809522691183   -136.10062849381939  -210.90905003023954
3dma3sa2w            -73.49443890247494   -157.91755860307603  -283.15653094347664
2am1b3sa2w           -73.60633841948584   -155.94997327341116  -276.1819045919101
1b3dma2sa            -73.92141490837093   -137.09460348484572  -211.8839127160016
5am4sa               -74.07229070249014   -167.8697416340001   -314.59819195535164
3dma1p2sa            -74.44495428341907   -121.23599553492386  -156.93792135356216
1am2dma1p3sa         -74.51075750100426   -134.1084053388331   -199.89149031607792
3dma3msa1sa          -74.6639572007698    -153.67898789833998  -265.017711547692
1b5sa                -74.7994544096291    -141.10469549987465  -222.38886832377972
2am1b3sa1w           -75.21335458219983   -147.17437784599315  -241.35845468290523
3ma4sa               -75.53839952638373   -151.58863778575324  -255.07374898206982
1am3dma3sa           -75.55291160871275   -150.4938688953407   -251.35320236863532
2am1b3sa             -77.21290122158825   -138.96846271213144  -207.12916817197743
1b1dma3sa1w          -78.1856615676079    -141.1403306998982   -211.1509949075744
3put3sa              -78.34029416413978   -150.34911474958062  -241.5187676863289
3am1dma1p3sa         -78.35144052607939   -146.56188269518316  -228.77894405039567
1am1b4sa             -78.62775279371999   -142.9825099951122   -215.8469133041225
1b6sa                -79.38224478531629   -159.76545296097174  -269.6066012923854
3am1dma4sa           -79.58745421562344   -161.3375245362986   -274.1910793912286
1am2dma4sa           -79.72934016701765   -155.14767329627648  -252.95432879377117
1b1dma4sa3w          -80.08749839034863   -178.06583403074183  -328.62094798259136
3dma2msa2sa          -80.6574997366406    -158.97740374330897  -262.68624520177775
3am1p4sa             -80.95928708021529   -148.291049571475    -225.831837971089
4am5sa               -81.1939645120874    -175.62553408415988  -316.72503629699145
4dma3sa              -81.7067463984713    -158.07922930317     -256.15456282012804
1b1dma4sa2w          -81.71832911600359   -169.23466827333323  -293.531239837115
4put3sa              -82.43636138853617   -172.75806812848896  -302.9404888122042
1am3dma1p2sa         -83.69282162806485   -140.597780115786    -190.8601659829423
3dma4sa              -83.87489374401048   -160.80143158719875  -258.01287218831555
1b1dma4sa            -84.00340560241602   -149.29502997919917  -218.98918120679258
3dma1p3sa            -84.06359880929813   -145.14338518981822  -204.8626073464402
3am1b3sa             -84.61294950777665   -156.4616770716384   -240.98181306072763
1b2dma3sa2w          -85.11316614435054   -172.2914117934124   -292.39726865402116
3dma1msa3sa          -86.24232011078857   -163.15350050036795  -257.96136303497997
1b1dma4sa4w          -86.44811794557609   -195.53908356762258  -365.89289157307167
1b1dma4sa1w          -86.60027173743583   -163.7265777168068   -258.68289780061224
2put4sa              -86.96706236922182   -158.1883339532651   -238.8773153900885
1b2dma3sa1w          -87.53124165744521   -163.1307561366557   -253.5620140151432
1b1dma4sa5w          -87.56429365812801   -207.42891325533856  -402.0279040644069
3am1dma1p4sa         -87.79767502192408   -169.62953515187837  -274.4654037551592
4dma3msa1sa          -87.81775115459459   -178.2317166516441   -303.2499262024046
4am1p3sa             -88.24354523676448   -153.74852360552177  -219.7047740012777
2am2dma4sa           -88.45139447762631   -175.382135248743    -291.56713322632993
1am1b5sa             -89.32213673228398   -167.65409911517054  -262.7266891945013
2am2dma1p3sa         -89.35366862127557   -158.5718887585681   -232.1590479202619
2am1b4sa             -89.98550286679529   -165.0007579328958   -251.6023983411158
1b2dma3sa            -90.11865534610115   -155.8997464652639   -220.63086070524545
1am1b6sa             -90.57470041932538   -181.92643151292577  -306.3952074250623
4ma4sa               -92.84258104418404   -180.28464027540758  -293.2821037426554
1am3dma4sa           -93.00940948585048   -180.1783230707515   -292.3659687558212
3dma1p4sa            -93.83870246680453   -170.63121526036412  -257.5633499703637
5am1p3sa             -94.87948483461514   -170.6470033309888   -254.12550225164057
4dma2msa2sa          -95.7703937725164    -186.4867540517589   -304.26416327194374
1b1dma5sa            -96.9449433372356    -176.06437224522233  -265.36786486147133
4am1p4sa             -97.15183591120876   -175.5576710253954   -262.9744595475528
5am5sa               -98.0240904907696    -203.04238951625302  -352.2331008714971
3put4sa              -98.43804886657745   -185.37578886724077  -291.5906087556571
1b3dma3sa            -98.65190754388459   -177.08188638370484  -263.05543800212064
1am3dma1p3sa         -99.58045303449035   -170.88716110843234  -239.16387078154486
4dma1msa3sa          -99.87483688443899   -188.59069769270718  -297.5544551665635
4dma4sa              -100.60648858034983  -188.98889043345116  -296.43602835115826
2am2dma1p4sa         -101.30445143510588  -183.86303447932005  -276.9028443526002
4am1b4sa             -102.08949866727926  -198.96436940482818  -324.91990856169457
3am1b4sa             -104.84730129432864  -190.90254329540767  -288.63069596411935
1b4dma3sa            -105.0105114209      -195.6291133458726   -303.9362801450014
1am3dma1p4sa         -106.7150709494017   -192.67201651795767  -288.30100811177465
4dma1p3sa            -108.59740175283514  -183.22668640105985  -250.3078472189785
4put4sa              -109.85804459964857  -214.026506744558    -349.38273401002004
5am1p4sa             -110.38338344171643  -200.00829285010695  -300.60341911274065
5dma4sa              -111.8868443579413   -214.67020726483315  -344.7370883997403
4dma1p4sa            -114.99229281488806  -203.02256425633095  -295.25497716464156
5am1p5sa             -119.92145185777918  -223.42768694879487  -347.1616135891387
5dma1p4sa            -138.4035530493129   -238.3824442946352   -335.33084435724027
1dma1ma2msa1nta      -139.6678005270369   -184.9822882762528   -151.9855366410901
