#CLUSTER  dG_298.15K_[Eh] dH_298.15K_[Eh] dS_298.15K_[Eh/K]
1sa        0.0                  0.0                  0.0
1dma       0.0                  0.0                  0.0
1am        0.0                  0.0                  0.0
1am1sa     -7.929736585880164   -17.149324413447175  -30.92264909441556
1dma1sa    -12.623289600072894  -22.22586760862032   -32.20716236277043
2am2sa     -30.355068573146127  -62.365841462044045  -107.36461626282076
2dma2sa    -43.25978071859572   -78.60440174606629   -118.54641875710215
3am3sa     -54.19957389542833   -111.15071707032621  -191.01500704340103
3dma3sa    -70.16062097786926   -132.26973841222934  -208.314958526044
4am4sa     -81.28038828959689   -162.95777890249155  -273.9472262704345
4dma4sa    -95.96250895760022   -182.6430688397959   -290.72793822555764
5am5sa     -105.40865046856925  -211.93636468658224  -357.2955990047293
5dma5sa    -126.94571430888027  -240.28950416389853  -380.1568287101125
6am6sa     -133.16260615596548  -265.03584424732253  -442.3048815746102
6dma6sa    -155.05958689237013  -295.33108668448403  -470.47278934204274
7am7sa     -160.04647245863453  -318.63548762490973  -531.9100159002517
7dma7sa    -180.82411334337667  -346.1683363551274   -554.567115080832
8am8sa     -194.36008095741272  -376.1019927384332   -609.5652116594669
8dma8sa    -208.0078884307295   -399.6493628397584   -642.7685074111356
9am9sa     -226.20799799263477  -430.6306417565793   -685.6367173887977
9dma9sa    -233.83171391533688  -450.8175450419076   -727.7738332289118
10am10sa   -245.59580130688846  -477.84064798615873  -778.9528221644141
10dma10sa  -261.9718223987147   -505.94982057157904  -818.3060051074965
11am11sa   -273.75190484151244  -529.8503493620083   -858.9581603013587
11dma11sa  -290.2252892991528   -559.6570305135101   -903.6782565433175
12am12sa   -310.23887625709176  -592.4054394531995   -946.3910377215495
12dma12sa  -315.6482721436769   -612.0489000407979   -994.1323246609427
13am13sa   -329.94910316355526  -636.9178416617215   -1029.5779412954892
13dma13sa  -345.0828816657886   -667.1117611890659   -1080.0898807564986
14am14sa   -350.4873328283429   -680.5432432787493   -1107.012653357639
14dma14sa  -374.3496404103935   -722.4106513140723   -1167.4020561909447
15am15sa   -383.0713673569262   -740.4798763012514   -1198.7536971904078
15dma15sa  -404.3057237509638   -778.6050321469083   -1255.4057161487844
