#CLUSTER                   ddG_298.15K_[kcal/mol]  ddH_298.15K_[kcal/mol]  ddS_298.15K_[cal/mol/K]  ddE_[kcal/mol]
1fa1msa1nta3tma            -20.934657466830686     -79.83149659476476      -197.5409663864298       -90.52330462745158
1fa1msa1nta2tma            -23.37790660210885      -70.85778669337742      -159.24829814224324      -79.5500124184473
1dma1fa1msa1nta2tma        -25.526225086883642     -84.80519503925461      -198.82263945084486      -95.45248410388012
1fa2ma1msa1nta             -28.132401619572192     -75.6412476094556       -159.3454502417889       -83.60865856491728
1fa1ma1msa1nta1tma         -28.448457223479636     -76.28794830097468      -160.45443930036254      -84.85050098701322
1fa1ma1msa1nta2tma         -28.99119281338062      -88.74321604915895      -200.40926793876864      -99.14322120152065
1dma1fa1msa1nta1tma        -30.21856485120952      -78.10263721333467      -160.60396566223832      -87.05472009185178
1fa2ma1msa1nta1tma         -31.42867614782881      -91.59824756419403      -201.809731399302        -102.58745828362589
1fa3ma1msa1nta             -31.44988531677518      -90.77339042694075      -198.9720111034155       -100.74214040877996
1dma1fa1ma1msa1nta         -32.37291539553553      -79.7865207529976       -159.02601159648378      -88.10602435929468
1dma1fa1ma1msa1nta1tma     -32.661794039653614     -92.18765739598894      -199.65072398575975      -102.30452853754105
2dma1fa1msa1nta1tma        -33.00448388198856      -93.53230409431853      -203.01130374838422      -104.58999294448586
2dma1fa1msa1nta            -33.754474411020055     -81.8700075619272       -161.38028895159877      -90.73308990808437
1dma1fa2ma1msa1nta         -35.3956643830752       -94.58324216626352      -198.51610861241568      -104.84235646919115
1fa1msa1sa3tma             -35.40025442431215      -94.85833168012323      -199.42336829011452      -105.78545740415575
3dma1fa1msa1nta            -37.42179108574055      -97.58001060324023      -201.77165694159788      -108.2315359323402
2dma1fa1ma1msa1nta         -37.50592209328897      -97.38688933599042      -200.84174825665355      -107.65978804900078
1fa3ma1msa1sa              -45.63417803682387      -106.96255647711223     -205.69638919979872      -117.26380433473969
1fa1ma1msa1sa2tma          -46.20371316163801      -106.4961923834635      -202.22196619751912      -117.95944192472962
1fa2ma1msa1sa1tma          -46.647171764285304     -107.70875965818414     -204.80156932404876      -118.62502326512185
1dma1fa1msa1sa2tma         -46.82628002320416      -108.23141667211894     -205.95383749359706      -119.49725023357314
1msa1nta1sa3tma            -48.33399603457656      -110.33662535663461     -207.95783773965476      -123.1665478394716
1dma1fa2ma1msa1sa          -49.20665468077641      -110.8853656820138      -206.87141036707894      -121.51563594368054
1dma1fa1ma1msa1sa1tma      -49.660861573182046     -110.62099293727078     -204.46128245441182      -121.42099991811847
2dma1fa1msa1sa1tma         -50.23264029878192      -111.49446359326248     -205.4731621473804       -122.46354586617963
1fa1msa1nta1sa3tma         -51.15504677046556      -126.10176924610278     -251.37253890889772      -140.70734889613232
1fa2msa1sa4tma             -52.421723079751246     -138.60523745551473     -289.0609236122823       -154.82799571100622
1ma1msa1nta1sa2tma         -52.883035619976        -114.30616366956383     -206.01418094639746      -127.05150530455285
2dma1fa1ma1msa1sa          -53.04247425252106      -114.98648461111588     -207.76122877117683      -125.82288313581375
3dma1fa1msa1sa             -53.34384004876483      -115.62067052192288     -208.87751290548547      -126.7592266954598
3ma1msa1nta1sa             -54.31487638107501      -114.99534103367478     -203.52327570873666      -125.98450349783525
1fa1ma1msa1nta1sa2tma      -54.36443416867405      -128.25311826448888     -247.82386079311178      -141.6265253041929
1dma1msa1nta1sa2tma        -54.475965248653665     -115.91626024083234     -206.07175915653698      -128.40206457293243
2ma1msa1nta1sa1tma         -54.53235047252383      -116.1528893141367      -206.67629998819487      -128.12053298378305
1fa1msa1nta1sa4tma         -55.458988013793714     -140.87195349129615     -286.47648994503965      -158.33211338310502
1dma1fa1msa1nta1sa2tma     -56.958724465454        -130.2668846207671      -245.87677395657397      -144.00842315042973
1dma1ma1msa1nta1sa1tma     -57.175049570039846     -118.41605345325661     -205.40333350009217      -129.94518154357502
1dma2msa1nta1sa3tma        -57.774120178539306     -145.9829255011282      -295.853782734302        -161.12934662931366
1fa2ma1msa1nta1sa1tma      -57.7760439660633       -130.9513919800811      -245.43131985201484      -144.07531891843246
1dma2ma1msa1nta1sa         -57.85748945153318      -119.38983100571204     -206.38048483557805      -130.85809754114598
2dma1msa1nta1sa1tma        -58.24122203618754      -119.8720102866937      -206.7106766755225       -132.03761039358506
1dma1fa2msa1sa3tma         -58.759262547129765     -146.70220242830692     -294.96206567567793      -164.13829371350585
1fa3ma1msa1nta1sa          -59.77405386418104      -132.8829965023324      -245.20859512890627      -146.0186501252465
3dma1msa1nta1sa            -60.56333444523625      -122.90423765906598     -209.09241393157012      -134.97314440272748
2dma1ma1msa1nta1sa         -60.59248883696273      -122.38261076877825     -207.24508446109618      -134.01350369222928
1fa1ma1msa1nta1sa3tma      -60.61203694588039      -146.18699251691578     -287.0198073809521       -163.24332842574222
1dma1fa1ma1msa1nta1sa1tma  -61.978345530689694     -135.1051374716044      -245.26846198592364      -148.23547000029066
1dma1fa1msa1nta1sa3tma     -62.30388006742578      -147.28176228742814     -285.0172135517232       -164.2886783128488
2dma1fa1msa1nta1sa1tma     -62.60609848832246      -135.5370439873368      -244.61158980054515      -149.02872956903593
1dma1fa2ma1msa1nta1sa      -62.74187574791722      -135.4101169790374      -243.7304753682888       -148.11245324462652
1fa1msa2sa3tma             -63.13513987103943      -137.58547971979715     -249.7076634201606       -151.65906740888022
2dma1fa1ma1msa1nta1sa      -63.90479422570206      -137.37247039517388     -246.4117932895257       -150.61531012353953
3dma1fa1msa1nta1sa         -64.76369305921253      -139.05187343526632     -249.16377788333318      -152.70499191817362
1fa2ma1msa1nta1sa2tma      -65.00515401223674      -149.75311820418574     -284.2460647059361       -165.59941070634522
1fa1ma2msa1sa3tma          -65.57182323257439      -151.75857016578084     -289.07176566230703      -168.84577616181923
2dma1fa2msa1sa2tma         -65.69178303971421      -153.21680086059496     -293.5603482167584       -170.05922857686528
1fa3ma1msa1nta1sa1tma      -66.07276485778857      -151.85330595078995     -287.7093446025958       -167.77764086831303
1fa1msa2sa4tma             -66.13494374207221      -153.3002633098513      -292.3539143626744       -171.20265407470288
2msa1nta1sa4tma            -66.15947491757106      -153.9229599290411      -294.3601710917902       -172.5936185901519
1msa1nta2sa3tma            -66.18441991845611      -142.62226870073937     -256.37380104574845      -156.64915336901322
2dma1fa1msa1nta1sa2tma     -67.04047751193866      -153.6785298306495      -290.5854513453572       -169.94481040668325
1dma1fa1ma1msa1nta1sa2tma  -67.45495103346184      -152.71316043520346     -285.95743552510055      -168.78974851910607
1fa1ma1msa2sa2tma          -67.47689613187686      -141.94529331155354     -249.7682280023368       -156.32753055842477
1fa4ma1msa1nta1sa          -68.42622522031888      -152.75899289280642     -282.8534887571461       -167.90586814272683
1dma1fa1msa2sa2tma         -68.86404715385288      -144.32042945740977     -253.08194634681848      -158.6843963835563
3ma1msa1nta2sa             -69.76802699523978      -144.03453491919208     -249.0910881203636       -156.80615652061533
1fa2ma2msa1sa2tma          -70.22597756504547      -156.10937733831815     -288.05433430454406      -172.25611528279842
1dma1fa2ma1msa1nta1sa1tma  -70.37037142261397      -155.9707834897854      -287.1051888899103       -171.7093461270997
1fa1ma1msa2sa3tma          -70.86311005160678      -157.35361149464734     -290.0905632820866       -174.88810949097387
2dma1fa1ma1msa1nta1sa1tma  -70.93907947570551      -156.76036891390686     -287.84601522072415      -172.87136147321144
1fa3ma1msa2sa              -70.94280377670657      -144.58789650793187     -247.00685135203292      -157.695511207683
3dma1fa1msa1nta1sa1tma     -71.16668617201503      -158.01660981893656     -291.29607126205127      -174.45676834449114
1dma1fa1ma2msa1sa2tma      -71.20342319703195      -157.67010522889905     -290.0106725857733       -174.500357556768
1fa2ma1msa2sa1tma          -71.20791022991762      -145.23469643175486     -248.28705752753308      -158.88062905082188
1ma1msa1nta2sa2tma         -71.29399209748954      -147.01616062462563     -253.97339770947616      -160.55660758397426
1dma1msa1nta2sa2tma        -71.56247887620702      -147.17347698897356     -253.60053031319524      -160.96303941958467
1dma1fa1ma1msa2sa1tma      -71.91445958591066      -146.73310491416487     -250.9429660527233       -160.93612867342017
2ma1msa1nta2sa1tma         -71.91499350115191      -146.47537884287885     -250.07675780962876      -159.7880692299659
1msa1nta2sa4tma            -72.06766805169173      -159.67834517313167     -293.84765091924794      -177.97914698167006
1dma1fa3ma1msa1nta1sa      -72.44208803586662      -158.060387640493       -287.16518398372796      -173.02164220414124
2dma1fa1msa2sa1tma         -72.53115156572312      -147.35078225375037     -250.94627096354475      -161.731933360963
1dma1fa2ma1msa2sa          -72.77374320372473      -147.05373178236187     -249.13630246100183      -160.4209739731159
1fa3ma2msa1sa1tma          -73.02541205985472      -158.584461975639       -286.9664595528246       -174.54588862216042
2dma1fa2ma1msa1nta1sa      -73.07963643595576      -159.26106863853056     -289.05393997009077      -174.55059583531693
1dma2ma1msa1nta2sa         -73.1190964456182       -148.17553743871395     -251.74053661762477      -160.73991288791876
4dma1fa1msa1nta1sa         -73.37446402024943      -160.9210990741849      -293.63285277161185      -177.01380193408113
1dma1fa1msa2sa3tma         -73.7127341638552       -161.2657712267246      -293.65432521268133      -179.2592163255904
2dma2msa1nta1sa2tma        -73.88805249833968      -161.1763418286573      -292.7663569685132       -178.1073325331381
1dma1ma1msa1nta2sa1tma     -73.9489264342701       -150.17799614960677     -255.67355262420773      -163.56025998100813
3dma1fa1ma1msa1nta1sa      -74.62095522484742      -161.5554944325704      -291.57987324206226      -177.18810884200502
1ma2msa1nta1sa3tma         -74.76908108545467      -162.61494232871337     -294.6364623270764       -180.73427249857923
1fa4ma2msa1sa              -75.25732690363657      -161.86315487959655     -290.4773703694259       -177.6456647045561
1dma1fa2ma2msa1sa1tma      -75.83588463882916      -162.79723279809696     -291.66979090722316      -179.01735300371365
2dma1msa1nta2sa1tma        -75.97369547828566      -152.57771929571754     -256.93115484586895      -166.24310400888498
2dma1ma1msa1nta2sa         -76.08487874013372      -151.36237973358948     -252.48197549369473      -165.11370089964475
2dma1fa1ma1msa2sa          -76.16055168153252      -150.57644036365673     -249.59211363936942      -164.17524887318723
2dma1fa1ma2msa1sa1tma      -76.61414831737056      -163.5823873509944      -291.69290301191467      -179.88376383237483
2dma1fa2ma2msa1sa          -76.97111065255012      -164.34551390615525     -293.055184483659        -180.53909183881478
3dma1fa2msa1sa1tma         -77.0792818123009       -164.78325831124675     -294.16057856365217      -181.75427550553286
3dma1fa1msa2sa             -77.08124310185667      -152.47049775510095     -252.85679910350896      -166.68495475151576
1fa4ma1msa2sa              -77.14686280896422      -162.0872596858535      -284.891487093512        -177.42633216781542
2ma2msa1nta1sa2tma         -77.395087015233        -165.21934657916427     -294.5640099397318       -182.83926658626297
3dma1msa1nta2sa            -77.91495814057998      -154.3795752126025      -256.4635823301617       -167.31147122883704
1dma1fa3ma2msa1sa          -78.06502459465992      -164.77612684696214     -290.8304620203772       -180.52342574001523
1fa2ma1msa2sa2tma          -78.40764841297641      -165.7319761645631      -292.8872304265435       -182.1456047289248
1dma1fa1ma1msa2sa2tma      -78.70701039303094      -164.5942024565884      -288.06705370904444      -181.60622548425454
3dma1fa1ma2msa1sa          -79.31926043273415      -167.29016491567018     -295.05585940943104      -183.62149685394252
2dma1fa1msa2sa2tma         -79.63863777508959      -167.89969835063675     -296.0290477145372       -185.29394484192017
3dma2msa1nta1sa1tma        -80.14293760736473      -168.9885326156218      -297.9895858067113       -186.7521292768506
4dma1fa2msa1sa             -80.30489671987016      -168.66042051330442     -296.3458788971812       -185.47393268469023
1dma1ma2msa1nta1sa2tma     -80.70126079453621      -168.8296363337431      -295.5840199192531       -186.5020902994147
1fa3ma1msa2sa1tma          -81.36164237908088      -168.086810724315       -290.8776399293346       -184.543017975564
1dma1msa1nta2sa3tma        -82.1034198232228       -171.1170702574309      -298.55324646661063      -189.45002681063488
1dma1fa3ma1msa2sa          -82.17961480061058      -168.35876500839368     -289.04628612197934      -183.92063671187498
1ma1msa1nta2sa3tma         -82.40529222099576      -170.2481608048547      -294.62642489878624      -188.32720328308642
1dma1fa2ma1msa2sa1tma      -82.53476429334842      -169.42830032945494     -291.4423479312653       -186.06277360352396
2dma1ma2msa1nta1sa1tma     -83.17333836248145      -171.04210898050223     -294.713300745785        -188.32447786383273
3ma2msa1nta1sa1tma         -83.18917233659886      -170.87215280675446     -294.090157538428        -187.73240304352657
1dma2ma2msa1nta1sa1tma     -84.0097665132489       -171.43197460172814     -293.2155226838037       -188.61244914388226
2dma1fa1ma1msa2sa1tma      -84.03684461605735      -171.74291070757317     -294.16758709275035      -188.7130992794846
4ma2msa1nta1sa             -84.17166367324535      -171.0839667324908      -291.5052928340342       -187.46372944291215
3dma1fa1msa2sa1tma         -84.43363850889727      -172.23957326027448     -294.5025482157595       -189.2937194386468
4ma1msa1nta2sa             -84.70449431915767      -171.71169947751332     -291.8235960364499       -187.48753007350024
3dma1fa1ma1msa2sa          -84.77431649796199      -171.89849854423665     -292.21593844251817      -188.00116053712554
2dma1fa2ma1msa2sa          -85.30187042185571      -172.18371975258924     -291.4031505289799       -188.3562016969081
4dma2msa1nta1sa            -85.50400321546476      -174.06186276534572     -297.02451634865275      -190.74318507907446
2ma1msa1nta2sa2tma         -86.37438628589734      -174.41372443229193     -295.28538703892934      -191.71791857431526
1dma3ma2msa1nta1sa         -86.43215096637141      -173.8006045264192      -293.0352291121642       -190.34300436882768
3dma1ma2msa1nta1sa         -86.45300659106579      -174.49241614039056     -295.28562652670206      -191.23699158604722
2dma2ma2msa1nta1sa         -86.49702377186622      -175.1242073753383      -297.25703036441706      -192.1178292016266
1dma1ma1msa1nta2sa2tma     -86.642834759783        -174.40828373009572     -294.36675824231656      -191.59407603924046
2dma1msa1nta2sa2tma        -87.02394408686087      -175.51174597122008     -296.78954178796005      -193.27998227902572
3ma1msa1nta2sa1tma         -87.52119262178894      -173.43396936668432     -288.1528651514708       -190.156726645233
4dma1fa1msa2sa             -87.5470469443826       -175.03555466094986     -293.4378927259528       -191.46801518579014
2dma1ma1msa1nta2sa1tma     -89.75433612836059      -177.60798426889232     -294.6625797080792       -194.80851792210888
3dma1msa1nta2sa1tma        -89.88575548992958      -178.90110367521993     -298.55894075333435      -196.33610022945504
1dma2ma1msa1nta2sa1tma     -89.95239701110404      -178.25009018773562     -296.1519140585569       -195.31214300070133
1dma3ma1msa1nta2sa         -90.1527203831356       -177.57704243587796     -293.22261295491154      -194.02468997833785
2dma2ma1msa1nta2sa         -91.03668691287749      -178.67248500615824     -293.93190706877385      -195.18253734649625
3dma1ma1msa1nta2sa         -92.3025749202352       -180.25000596430618     -294.9771291080606       -196.5233764544828
4dma1msa1nta2sa            -93.88090112083592      -182.65469489677344     -297.74876329073936      -199.66277691710275
